0 0
0.0001 0.000393568
0.0002 0.000802387
0.0003 0.00117795
0.0004 0.00157682
0.0005 0.00197522
0.0006 0.00236714
0.0007 0.00278504
0.0008 0.00317567
0.0009 0.00358448
0.001 0.00396821
0.0011 0.00433849
0.0012 0.00470169
0.0013 0.00510579
0.0014 0.00547221
0.0015 0.0058792
0.0016 0.00625665
0.0017 0.00663028
0.0018 0.00702579
0.0019 0.00741194
0.002 0.00781129
0.0021 0.00822661
0.0022 0.00863773
0.0023 0.00905231
0.0024 0.00945576
0.0025 0.00985124
0.0026 0.0102159
0.0027 0.0105987
0.0028 0.0110132
0.0029 0.0114583
0.003 0.0118308
0.0031 0.0122119
0.0032 0.0125888
0.0033 0.0130307
0.0034 0.0134168
0.0035 0.0138136
0.0036 0.0142149
0.0037 0.014553
0.0038 0.0149435
0.0039 0.0153574
0.004 0.0157565
0.0041 0.0161195
0.0042 0.0165596
0.0043 0.0169438
0.0044 0.0173086
0.0045 0.017727
0.0046 0.0180899
0.0047 0.018474
0.0048 0.0188905
0.0049 0.0192724
0.005 0.0196642
0.0051 0.0201123
0.0052 0.020523
0.0053 0.0209506
0.0054 0.0213801
0.0055 0.0218122
0.0056 0.0221933
0.0057 0.0226053
0.0058 0.0230211
0.0059 0.0233742
0.006 0.0237276
0.0061 0.0241248
0.0062 0.024479
0.0063 0.0248862
0.0064 0.0252964
0.0065 0.0257109
0.0066 0.0261491
0.0067 0.0265381
0.0068 0.0269093
0.0069 0.0273238
0.007 0.0277256
0.0071 0.0280862
0.0072 0.0284265
0.0073 0.0288405
0.0074 0.0292384
0.0075 0.0295888
0.0076 0.0299883
0.0077 0.0303632
0.0078 0.0308145
0.0079 0.0311901
0.008 0.0315589
0.0081 0.0319534
0.0082 0.0322744
0.0083 0.0325964
0.0084 0.0330791
0.0085 0.0334187
0.0086 0.0337805
0.0087 0.0341121
0.0088 0.0345021
0.0089 0.034859
0.009 0.0352699
0.0091 0.0356708
0.0092 0.0360369
0.0093 0.0364826
0.0094 0.0368816
0.0095 0.0372338
0.0096 0.0376696
0.0097 0.0380586
0.0098 0.0384662
0.0099 0.0389374
0.01 0.039423
0.0101 0.0397483
0.0102 0.0401796
0.0103 0.0405307
0.0104 0.0408947
0.0105 0.0413497
0.0106 0.0418139
0.0107 0.0422007
0.0108 0.0426004
0.0109 0.0428861
0.011 0.0432833
0.0111 0.0436362
0.0112 0.0440526
0.0113 0.0445096
0.0114 0.0449464
0.0115 0.0453767
0.0116 0.0458128
0.0117 0.0462062
0.0118 0.0465931
0.0119 0.0470938
0.012 0.0474243
0.0121 0.0477496
0.0122 0.0481239
0.0123 0.0485899
0.0124 0.0488952
0.0125 0.0493217
0.0126 0.0497704
0.0127 0.0501543
0.0128 0.050494
0.0129 0.0509906
0.013 0.051343
0.0131 0.0516833
0.0132 0.0521984
0.0133 0.0525954
0.0134 0.0530173
0.0135 0.0534529
0.0136 0.0538604
0.0137 0.0542556
0.0138 0.0545353
0.0139 0.0549497
0.014 0.0552998
0.0141 0.0557154
0.0142 0.0561149
0.0143 0.056441
0.0144 0.0568167
0.0145 0.0572452
0.0146 0.0576898
0.0147 0.0581239
0.0148 0.0584217
0.0149 0.0588427
0.015 0.0591416
0.0151 0.0594431
0.0152 0.0599046
0.0153 0.0603907
0.0154 0.0608994
0.0155 0.0612181
0.0156 0.0615822
0.0157 0.0620364
0.0158 0.0624272
0.0159 0.0627656
0.016 0.0630502
0.0161 0.0634536
0.0162 0.0637325
0.0163 0.0640902
0.0164 0.0644626
0.0165 0.0648229
0.0166 0.0652196
0.0167 0.0656484
0.0168 0.0659147
0.0169 0.0664058
0.017 0.0669663
0.0171 0.0673541
0.0172 0.0676916
0.0173 0.0679422
0.0174 0.0683676
0.0175 0.0687563
0.0176 0.0691472
0.0177 0.0695243
0.0178 0.0697536
0.0179 0.0701987
0.018 0.0704898
0.0181 0.0709203
0.0182 0.0713067
0.0183 0.0717187
0.0184 0.0720554
0.0185 0.072354
0.0186 0.0728824
0.0187 0.0732589
0.0188 0.0735022
0.0189 0.0739356
0.019 0.0743883
0.0191 0.0748161
0.0192 0.0753369
0.0193 0.0757075
0.0194 0.0759872
0.0195 0.0763827
0.0196 0.0769671
0.0197 0.0771666
0.0198 0.0776257
0.0199 0.0781632
0.02 0.0787151
0.0201 0.0790748
0.0202 0.0793195
0.0203 0.079606
0.0204 0.0799367
0.0205 0.0803592
0.0206 0.0807328
0.0207 0.0812041
0.0208 0.0815522
0.0209 0.0820609
0.021 0.0824415
0.0211 0.0828104
0.0212 0.0831902
0.0213 0.0834082
0.0214 0.0837096
0.0215 0.084149
0.0216 0.0845539
0.0217 0.0849074
0.0218 0.0852213
0.0219 0.0855929
0.022 0.0859633
0.0221 0.086216
0.0222 0.0865883
0.0223 0.0871319
0.0224 0.0877097
0.0225 0.0880694
0.0226 0.088499
0.0227 0.0888356
0.0228 0.0892008
0.0229 0.0895398
0.023 0.0898945
0.0231 0.0903
0.0232 0.0906314
0.0233 0.0909392
0.0234 0.0913596
0.0235 0.091891
0.0236 0.0922381
0.0237 0.0927089
0.0238 0.0931485
0.0239 0.0934501
0.024 0.0939259
0.0241 0.094184
0.0242 0.094465
0.0243 0.0947687
0.0244 0.0952589
0.0245 0.0955085
0.0246 0.0958783
0.0247 0.0961886
0.0248 0.0966171
0.0249 0.0968771
0.025 0.0972045
0.0251 0.0976312
0.0252 0.0979109
0.0253 0.0983905
0.0254 0.0987559
0.0255 0.0990377
0.0256 0.099421
0.0257 0.0997321
0.0258 0.10002
0.0259 0.100416
0.026 0.100431
0.0261 0.10076
0.0262 0.101129
0.0263 0.101347
0.0264 0.10175
0.0265 0.102141
0.0266 0.102561
0.0267 0.102975
0.0268 0.103287
0.0269 0.103695
0.027 0.104183
0.0271 0.104468
0.0272 0.104873
0.0273 0.105283
0.0274 0.105637
0.0275 0.106023
0.0276 0.106375
0.0277 0.106745
0.0278 0.107082
0.0279 0.107473
0.028 0.108032
0.0281 0.108338
0.0282 0.108728
0.0283 0.109135
0.0284 0.109532
0.0285 0.109865
0.0286 0.110106
0.0287 0.110439
0.0288 0.110814
0.0289 0.111129
0.029 0.111501
0.0291 0.111896
0.0292 0.112377
0.0293 0.112743
0.0294 0.113039
0.0295 0.113578
0.0296 0.11385
0.0297 0.114265
0.0298 0.11458
0.0299 0.115021
0.03 0.115531
0.0301 0.115942
0.0302 0.11618
0.0303 0.116839
0.0304 0.117229
0.0305 0.117518
0.0306 0.117892
0.0307 0.118297
0.0308 0.118687
0.0309 0.119012
0.031 0.119564
0.0311 0.120177
0.0312 0.120384
0.0313 0.120626
0.0314 0.120988
0.0315 0.121324
0.0316 0.121778
0.0317 0.12219
0.0318 0.122598
0.0319 0.123073
0.032 0.123377
0.0321 0.12359
0.0322 0.12374
0.0323 0.124027
0.0324 0.124307
0.0325 0.124698
0.0326 0.125093
0.0327 0.125694
0.0328 0.125914
0.0329 0.126212
0.033 0.126623
0.0331 0.127058
0.0332 0.127513
0.0333 0.127938
0.0334 0.128204
0.0335 0.128465
0.0336 0.128957
0.0337 0.129262
0.0338 0.129652
0.0339 0.130248
0.034 0.130487
0.0341 0.130744
0.0342 0.130934
0.0343 0.131253
0.0344 0.131694
0.0345 0.132112
0.0346 0.132371
0.0347 0.132548
0.0348 0.13295
0.0349 0.133246
0.035 0.133729
0.0351 0.134164
0.0352 0.134564
0.0353 0.134781
0.0354 0.135329
0.0355 0.13583
0.0356 0.136199
0.0357 0.136481
0.0358 0.136693
0.0359 0.13702
0.036 0.137285
0.0361 0.137693
0.0362 0.138097
0.0363 0.138369
0.0364 0.138725
0.0365 0.138984
0.0366 0.139229
0.0367 0.139257
0.0368 0.139599
0.0369 0.139886
0.037 0.14006
0.0371 0.140414
0.0372 0.140827
0.0373 0.141004
0.0374 0.141268
0.0375 0.141705
0.0376 0.142088
0.0377 0.14236
0.0378 0.142627
0.0379 0.142873
0.038 0.143461
0.0381 0.143454
0.0382 0.143781
0.0383 0.144252
0.0384 0.144736
0.0385 0.145023
0.0386 0.145298
0.0387 0.14571
0.0388 0.146073
0.0389 0.146334
0.039 0.146765
0.0391 0.147139
0.0392 0.147499
0.0393 0.147801
0.0394 0.148034
0.0395 0.148379
0.0396 0.148853
0.0397 0.149341
0.0398 0.14967
0.0399 0.150167
0.04 0.150416
0.0401 0.150854
0.0402 0.151155
0.0403 0.151389
0.0404 0.151812
0.0405 0.152108
0.0406 0.152546
0.0407 0.152814
0.0408 0.153071
0.0409 0.153421
0.041 0.153837
0.0411 0.154168
0.0412 0.154435
0.0413 0.154802
0.0414 0.1552
0.0415 0.155657
0.0416 0.156001
0.0417 0.15627
0.0418 0.156745
0.0419 0.157089
0.042 0.157617
0.0421 0.158011
0.0422 0.158487
0.0423 0.158744
0.0424 0.15912
0.0425 0.159384
0.0426 0.159831
0.0427 0.160207
0.0428 0.160647
0.0429 0.160945
0.043 0.161253
0.0431 0.161683
0.0432 0.162146
0.0433 0.162391
0.0434 0.1624
0.0435 0.162799
0.0436 0.163174
0.0437 0.163324
0.0438 0.163868
0.0439 0.164278
0.044 0.164596
0.0441 0.164989
0.0442 0.165404
0.0443 0.165863
0.0444 0.166283
0.0445 0.166396
0.0446 0.166767
0.0447 0.167269
0.0448 0.167521
0.0449 0.167837
0.045 0.168071
0.0451 0.168383
0.0452 0.168831
0.0453 0.169004
0.0454 0.169236
0.0455 0.169529
0.0456 0.169703
0.0457 0.170054
0.0458 0.170411
0.0459 0.170589
0.046 0.170773
0.0461 0.171012
0.0462 0.171273
0.0463 0.171546
0.0464 0.171678
0.0465 0.172038
0.0466 0.172403
0.0467 0.172818
0.0468 0.173027
0.0469 0.173406
0.047 0.173775
0.0471 0.174221
0.0472 0.174732
0.0473 0.175093
0.0474 0.175379
0.0475 0.175861
0.0476 0.176304
0.0477 0.176609
0.0478 0.176841
0.0479 0.17708
0.048 0.177567
0.0481 0.177946
0.0482 0.178266
0.0483 0.178506
0.0484 0.178774
0.0485 0.179087
0.0486 0.179359
0.0487 0.179809
0.0488 0.180171
0.0489 0.180589
0.049 0.181049
0.0491 0.181407
0.0492 0.181969
0.0493 0.18251
0.0494 0.182698
0.0495 0.182891
0.0496 0.183172
0.0497 0.183761
0.0498 0.184053
0.0499 0.184153
0.05 0.184367
0.0501 0.184545
0.0502 0.1847
0.0503 0.18514
0.0504 0.185265
0.0505 0.185594
0.0506 0.186147
0.0507 0.186635
0.0508 0.187018
0.0509 0.187434
0.051 0.187692
0.0511 0.187858
0.0512 0.188179
0.0513 0.18852
0.0514 0.188829
0.0515 0.189273
0.0516 0.189943
0.0517 0.190357
0.0518 0.190453
0.0519 0.190804
0.052 0.191222
0.0521 0.191412
0.0522 0.191621
0.0523 0.19178
0.0524 0.192035
0.0525 0.192549
0.0526 0.192822
0.0527 0.193106
0.0528 0.193537
0.0529 0.193824
0.053 0.194045
0.0531 0.194497
0.0532 0.194938
0.0533 0.195288
0.0534 0.195476
0.0535 0.195824
0.0536 0.196079
0.0537 0.196458
0.0538 0.196759
0.0539 0.197149
0.054 0.1974
0.0541 0.19776
0.0542 0.198123
0.0543 0.198312
0.0544 0.198657
0.0545 0.198974
0.0546 0.199413
0.0547 0.199826
0.0548 0.200138
0.0549 0.20065
0.055 0.201124
0.0551 0.201337
0.0552 0.201637
0.0553 0.202238
0.0554 0.202189
0.0555 0.202632
0.0556 0.202905
0.0557 0.203368
0.0558 0.203516
0.0559 0.203641
0.056 0.204089
0.0561 0.204176
0.0562 0.204297
0.0563 0.204418
0.0564 0.204711
0.0565 0.205215
0.0566 0.205549
0.0567 0.205896
0.0568 0.206297
0.0569 0.206676
0.057 0.206961
0.0571 0.207202
0.0572 0.20758
0.0573 0.207934
0.0574 0.208121
0.0575 0.208586
0.0576 0.208801
0.0577 0.209294
0.0578 0.209548
0.0579 0.209798
0.058 0.21019
0.0581 0.210496
0.0582 0.210667
0.0583 0.211322
0.0584 0.211763
0.0585 0.212259
0.0586 0.212705
0.0587 0.213367
0.0588 0.213657
0.0589 0.213894
0.059 0.213939
0.0591 0.214077
0.0592 0.214282
0.0593 0.214445
0.0594 0.214617
0.0595 0.214898
0.0596 0.215239
0.0597 0.215548
0.0598 0.215718
0.0599 0.215946
0.06 0.216464
0.0601 0.216753
0.0602 0.217008
0.0603 0.217321
0.0604 0.217622
0.0605 0.218054
0.0606 0.218054
0.0607 0.218532
0.0608 0.218862
0.0609 0.219205
0.061 0.219462
0.0611 0.219511
0.0612 0.219701
0.0613 0.220083
0.0614 0.220269
0.0615 0.220682
0.0616 0.221267
0.0617 0.221635
0.0618 0.221666
0.0619 0.221734
0.062 0.222074
0.0621 0.222203
0.0622 0.222504
0.0623 0.222976
0.0624 0.223349
0.0625 0.223585
0.0626 0.224034
0.0627 0.224451
0.0628 0.225029
0.0629 0.225294
0.063 0.225857
0.0631 0.226046
0.0632 0.226431
0.0633 0.226959
0.0634 0.227393
0.0635 0.22783
0.0636 0.228195
0.0637 0.228415
0.0638 0.228644
0.0639 0.228814
0.064 0.228767
0.0641 0.229082
0.0642 0.229302
0.0643 0.229785
0.0644 0.230033
0.0645 0.230374
0.0646 0.230489
0.0647 0.230887
0.0648 0.231035
0.0649 0.231546
0.065 0.231952
0.0651 0.232189
0.0652 0.232642
0.0653 0.232869
0.0654 0.232982
0.0655 0.233365
0.0656 0.233586
0.0657 0.233876
0.0658 0.234111
0.0659 0.234593
0.066 0.23514
0.0661 0.23512
0.0662 0.235679
0.0663 0.235888
0.0664 0.236032
0.0665 0.236262
0.0666 0.236741
0.0667 0.23713
0.0668 0.237643
0.0669 0.237974
0.067 0.238392
0.0671 0.238866
0.0672 0.238846
0.0673 0.239091
0.0674 0.239341
0.0675 0.23971
0.0676 0.23991
0.0677 0.240143
0.0678 0.240485
0.0679 0.240675
0.068 0.240726
0.0681 0.241019
0.0682 0.241167
0.0683 0.241283
0.0684 0.24168
0.0685 0.241908
0.0686 0.242195
0.0687 0.242426
0.0688 0.24287
0.0689 0.243052
0.069 0.243463
0.0691 0.243672
0.0692 0.24409
0.0693 0.244352
0.0694 0.244528
0.0695 0.244833
0.0696 0.244951
0.0697 0.245062
0.0698 0.245356
0.0699 0.245506
0.07 0.246006
0.0701 0.246459
0.0702 0.246741
0.0703 0.246758
0.0704 0.247148
0.0705 0.247475
0.0706 0.247939
0.0707 0.248208
0.0708 0.2484
0.0709 0.248567
0.071 0.248814
0.0711 0.249205
0.0712 0.249482
0.0713 0.249793
0.0714 0.250039
0.0715 0.25041
0.0716 0.250597
0.0717 0.251203
0.0718 0.251594
0.0719 0.251854
0.072 0.252158
0.0721 0.252557
0.0722 0.252859
0.0723 0.253172
0.0724 0.25374
0.0725 0.253791
0.0726 0.254005
0.0727 0.254335
0.0728 0.25469
0.0729 0.255056
0.073 0.255383
0.0731 0.255841
0.0732 0.256287
0.0733 0.256845
0.0734 0.256961
0.0735 0.257349
0.0736 0.257693
0.0737 0.257908
0.0738 0.258464
0.0739 0.258778
0.074 0.259251
0.0741 0.259811
0.0742 0.260222
0.0743 0.260404
0.0744 0.260745
0.0745 0.260981
0.0746 0.261179
0.0747 0.261419
0.0748 0.261678
0.0749 0.261918
0.075 0.262429
0.0751 0.26279
0.0752 0.2632
0.0753 0.263401
0.0754 0.263551
0.0755 0.264014
0.0756 0.264542
0.0757 0.264829
0.0758 0.265397
0.0759 0.265926
0.076 0.266052
0.0761 0.266281
0.0762 0.266524
0.0763 0.266807
0.0764 0.267057
0.0765 0.267324
0.0766 0.267455
0.0767 0.26781
0.0768 0.267865
0.0769 0.268316
0.077 0.268657
0.0771 0.268875
0.0772 0.269386
0.0773 0.269501
0.0774 0.269932
0.0775 0.270408
0.0776 0.270807
0.0777 0.271141
0.0778 0.271583
0.0779 0.271961
0.078 0.272259
0.0781 0.27259
0.0782 0.272805
0.0783 0.272985
0.0784 0.273279
0.0785 0.273761
0.0786 0.274266
0.0787 0.274642
0.0788 0.275062
0.0789 0.275349
0.079 0.276011
0.0791 0.276282
0.0792 0.276674
0.0793 0.276986
0.0794 0.277198
0.0795 0.277535
0.0796 0.277905
0.0797 0.278334
0.0798 0.278826
0.0799 0.279235
0.08 0.279618
0.0801 0.279811
0.0802 0.280109
0.0803 0.280349
0.0804 0.280516
0.0805 0.280615
0.0806 0.281014
0.0807 0.281131
0.0808 0.281597
0.0809 0.281923
0.081 0.282337
0.0811 0.282658
0.0812 0.28289
0.0813 0.283279
0.0814 0.283693
0.0815 0.283837
0.0816 0.284174
0.0817 0.284537
0.0818 0.28471
0.0819 0.2851
0.082 0.285378
0.0821 0.285827
0.0822 0.28606
0.0823 0.286278
0.0824 0.286533
0.0825 0.28699
0.0826 0.286886
0.0827 0.287491
0.0828 0.287829
0.0829 0.288222
0.083 0.288605
0.0831 0.288951
0.0832 0.28948
0.0833 0.289666
0.0834 0.290094
0.0835 0.290536
0.0836 0.290957
0.0837 0.291235
0.0838 0.291648
0.0839 0.292114
0.084 0.292762
0.0841 0.292913
0.0842 0.293238
0.0843 0.293577
0.0844 0.293977
0.0845 0.294188
0.0846 0.294541
0.0847 0.294901
0.0848 0.29543
0.0849 0.295617
0.085 0.295813
0.0851 0.296324
0.0852 0.296623
0.0853 0.296988
0.0854 0.297449
0.0855 0.297764
0.0856 0.298055
0.0857 0.298548
0.0858 0.298868
0.0859 0.299164
0.086 0.29929
0.0861 0.299498
0.0862 0.299808
0.0863 0.300312
0.0864 0.300581
0.0865 0.300823
0.0866 0.300928
0.0867 0.301242
0.0868 0.301734
0.0869 0.3021
0.087 0.302527
0.0871 0.302704
0.0872 0.302788
0.0873 0.303266
0.0874 0.303455
0.0875 0.303846
0.0876 0.304271
0.0877 0.304541
0.0878 0.304714
0.0879 0.304986
0.088 0.305466
0.0881 0.306026
0.0882 0.306267
0.0883 0.30634
0.0884 0.306635
0.0885 0.307095
0.0886 0.307407
0.0887 0.307763
0.0888 0.307851
0.0889 0.3081
0.089 0.308503
0.0891 0.308618
0.0892 0.308954
0.0893 0.309169
0.0894 0.309366
0.0895 0.309438
0.0896 0.309777
0.0897 0.310033
0.0898 0.310562
0.0899 0.310944
0.09 0.311177
0.0901 0.311579
0.0902 0.312118
0.0903 0.312394
0.0904 0.312722
0.0905 0.313402
0.0906 0.313749
0.0907 0.31421
0.0908 0.314698
0.0909 0.315302
0.091 0.315661
0.0911 0.315867
0.0912 0.316286
0.0913 0.316207
0.0914 0.316543
0.0915 0.316569
0.0916 0.316673
0.0917 0.317035
0.0918 0.31748
0.0919 0.317752
0.092 0.318169
0.0921 0.31835
0.0922 0.318895
0.0923 0.318805
0.0924 0.319087
0.0925 0.319729
0.0926 0.319866
0.0927 0.320214
0.0928 0.32046
0.0929 0.320562
0.093 0.321006
0.0931 0.321088
0.0932 0.321467
0.0933 0.3219
0.0934 0.321949
0.0935 0.322336
0.0936 0.322485
0.0937 0.322919
0.0938 0.323243
0.0939 0.323514
0.094 0.323782
0.0941 0.323959
0.0942 0.324264
0.0943 0.324312
0.0944 0.324467
0.0945 0.324791
0.0946 0.32502
0.0947 0.325339
0.0948 0.325487
0.0949 0.325545
0.095 0.325721
0.0951 0.326021
0.0952 0.326475
0.0953 0.32658
0.0954 0.32702
0.0955 0.327502
0.0956 0.327784
0.0957 0.3279
0.0958 0.328213
0.0959 0.328657
0.096 0.329174
0.0961 0.329581
0.0962 0.329731
0.0963 0.330085
0.0964 0.330149
0.0965 0.330404
0.0966 0.330915
0.0967 0.331112
0.0968 0.331267
0.0969 0.331539
0.097 0.3317
0.0971 0.331768
0.0972 0.33227
0.0973 0.332715
0.0974 0.333099
0.0975 0.333211
0.0976 0.333589
0.0977 0.333861
0.0978 0.334005
0.0979 0.33461
0.098 0.33482
0.0981 0.335062
0.0982 0.335636
0.0983 0.336051
0.0984 0.336472
0.0985 0.336812
0.0986 0.337561
0.0987 0.337868
0.0988 0.338228
0.0989 0.338343
0.099 0.338677
0.0991 0.339227
0.0992 0.339308
0.0993 0.339687
0.0994 0.3404
0.0995 0.340658
0.0996 0.340961
0.0997 0.341158
0.0998 0.341225
0.0999 0.341616
0.1 0.342076
0.1001 0.342487
0.1002 0.34277
0.1003 0.343175
0.1004 0.343647
0.1005 0.343753
0.1006 0.344089
0.1007 0.34453
0.1008 0.344762
0.1009 0.345139
0.101 0.345408
0.1011 0.345727
0.1012 0.345967
0.1013 0.346463
0.1014 0.346853
0.1015 0.346994
0.1016 0.347432
0.1017 0.34798
0.1018 0.34805
0.1019 0.348564
0.102 0.348813
0.1021 0.349296
0.1022 0.349586
0.1023 0.349878
0.1024 0.350157
0.1025 0.350306
0.1026 0.350607
0.1027 0.35108
0.1028 0.35142
0.1029 0.351526
0.103 0.351913
0.1031 0.352116
0.1032 0.352154
0.1033 0.352409
0.1034 0.352663
0.1035 0.353066
0.1036 0.353554
0.1037 0.353803
0.1038 0.354063
0.1039 0.354199
0.104 0.354676
0.1041 0.354703
0.1042 0.355246
0.1043 0.355451
0.1044 0.355819
0.1045 0.355885
0.1046 0.356224
0.1047 0.356727
0.1048 0.356808
0.1049 0.357293
0.105 0.357612
0.1051 0.357625
0.1052 0.358087
0.1053 0.358485
0.1054 0.359136
0.1055 0.358952
0.1056 0.359166
0.1057 0.359553
0.1058 0.360057
0.1059 0.360232
0.106 0.360309
0.1061 0.36038
0.1062 0.360394
0.1063 0.360835
0.1064 0.361112
0.1065 0.361281
0.1066 0.361763
0.1067 0.36215
0.1068 0.362296
0.1069 0.362512
0.107 0.362667
0.1071 0.363175
0.1072 0.363513
0.1073 0.363711
0.1074 0.364012
0.1075 0.364591
0.1076 0.364729
0.1077 0.364869
0.1078 0.364871
0.1079 0.36505
0.108 0.365643
0.1081 0.366179
0.1082 0.366587
0.1083 0.366931
0.1084 0.367435
0.1085 0.367801
0.1086 0.368
0.1087 0.36816
0.1088 0.368485
0.1089 0.368818
0.109 0.369072
0.1091 0.369436
0.1092 0.369941
0.1093 0.370266
0.1094 0.370664
0.1095 0.370926
0.1096 0.371143
0.1097 0.371667
0.1098 0.371996
0.1099 0.372095
0.11 0.37239
0.1101 0.372826
0.1102 0.373171
0.1103 0.373243
0.1104 0.373673
0.1105 0.374018
0.1106 0.374145
0.1107 0.374434
0.1108 0.374818
0.1109 0.375311
0.111 0.375388
0.1111 0.375982
0.1112 0.376145
0.1113 0.376546
0.1114 0.376578
0.1115 0.376645
