0 0
0.0001 0.000400592
0.0002 0.000816974
0.0003 0.00122031
0.0004 0.00162804
0.0005 0.0020208
0.0006 0.00244027
0.0007 0.00284703
0.0008 0.00323612
0.0009 0.00362117
0.001 0.00402553
0.0011 0.00441121
0.0012 0.00478732
0.0013 0.00518377
0.0014 0.00556984
0.0015 0.00594921
0.0016 0.0063412
0.0017 0.00673848
0.0018 0.00709582
0.0019 0.00753769
0.002 0.00796696
0.0021 0.00837932
0.0022 0.00883554
0.0023 0.0092206
0.0024 0.0096664
0.0025 0.0100513
0.0026 0.0104648
0.0027 0.0108837
0.0028 0.0112973
0.0029 0.0116925
0.003 0.0121047
0.0031 0.0125351
0.0032 0.0129145
0.0033 0.0133512
0.0034 0.0137696
0.0035 0.0141499
0.0036 0.0145339
0.0037 0.0149186
0.0038 0.0153135
0.0039 0.0157329
0.004 0.0161203
0.0041 0.0165016
0.0042 0.0169826
0.0043 0.0173579
0.0044 0.0177474
0.0045 0.018207
0.0046 0.0186509
0.0047 0.0189802
0.0048 0.0193527
0.0049 0.0197577
0.005 0.0201255
0.0051 0.0205433
0.0052 0.0209782
0.0053 0.0213394
0.0054 0.0217463
0.0055 0.0220524
0.0056 0.0224371
0.0057 0.0228718
0.0058 0.0232775
0.0059 0.0237119
0.006 0.0241953
0.0061 0.0246131
0.0062 0.0250191
0.0063 0.0254223
0.0064 0.0257949
0.0065 0.0261984
0.0066 0.0265578
0.0067 0.026917
0.0068 0.0272414
0.0069 0.0276084
0.007 0.0279996
0.0071 0.0283855
0.0072 0.0288189
0.0073 0.0292066
0.0074 0.0296118
0.0075 0.0300046
0.0076 0.0303597
0.0077 0.0307835
0.0078 0.0311545
0.0079 0.0314973
0.008 0.0317744
0.0081 0.032141
0.0082 0.0325139
0.0083 0.0329212
0.0084 0.0332897
0.0085 0.0336796
0.0086 0.033983
0.0087 0.0343953
0.0088 0.0347799
0.0089 0.0351399
0.009 0.0354701
0.0091 0.035859
0.0092 0.0362593
0.0093 0.0366711
0.0094 0.0371002
0.0095 0.0375698
0.0096 0.0378933
0.0097 0.03831
0.0098 0.0386436
0.0099 0.0390232
0.01 0.0393644
0.0101 0.0397693
0.0102 0.0402089
0.0103 0.0406937
0.0104 0.0411837
0.0105 0.041593
0.0106 0.0420388
0.0107 0.0424125
0.0108 0.0428663
0.0109 0.0431607
0.011 0.0434744
0.0111 0.043966
0.0112 0.0443287
0.0113 0.0446721
0.0114 0.0451407
0.0115 0.0454986
0.0116 0.0458514
0.0117 0.046147
0.0118 0.0464833
0.0119 0.0468977
0.012 0.0473326
0.0121 0.0476306
0.0122 0.0479872
0.0123 0.048368
0.0124 0.048747
0.0125 0.0490875
0.0126 0.049626
0.0127 0.0500055
0.0128 0.0503848
0.0129 0.0507432
0.013 0.051048
0.0131 0.0514628
0.0132 0.0518091
0.0133 0.0523227
0.0134 0.0527159
0.0135 0.0531056
0.0136 0.0535182
0.0137 0.0539308
0.0138 0.0542955
0.0139 0.0546679
0.014 0.0550313
0.0141 0.0553211
0.0142 0.0557411
0.0143 0.056097
0.0144 0.0565946
0.0145 0.0569939
0.0146 0.0573594
0.0147 0.0577148
0.0148 0.0581216
0.0149 0.0584132
0.015 0.058721
0.0151 0.0592066
0.0152 0.0594451
0.0153 0.0597811
0.0154 0.0600848
0.0155 0.0605267
0.0156 0.060958
0.0157 0.0614264
0.0158 0.0617918
0.0159 0.062182
0.016 0.0626479
0.0161 0.0630457
0.0162 0.0635361
0.0163 0.0639038
0.0164 0.064298
0.0165 0.0647117
0.0166 0.065197
0.0167 0.0655579
0.0168 0.0659831
0.0169 0.0662961
0.017 0.0667306
0.0171 0.0670807
0.0172 0.0674282
0.0173 0.067947
0.0174 0.0683318
0.0175 0.0687361
0.0176 0.0692303
0.0177 0.0695815
0.0178 0.0698722
0.0179 0.0702265
0.018 0.0706469
0.0181 0.0709801
0.0182 0.071321
0.0183 0.0716165
0.0184 0.0720515
0.0185 0.0724284
0.0186 0.0727468
0.0187 0.0730597
0.0188 0.0734845
0.0189 0.0738064
0.019 0.0742339
0.0191 0.0745752
0.0192 0.0749649
0.0193 0.0754524
0.0194 0.0757184
0.0195 0.0761725
0.0196 0.0766464
0.0197 0.0771684
0.0198 0.0777384
0.0199 0.077982
0.02 0.0783007
0.0201 0.078573
0.0202 0.078899
0.0203 0.0793184
0.0204 0.0796346
0.0205 0.0800788
0.0206 0.0804272
0.0207 0.0807446
0.0208 0.0810706
0.0209 0.0814428
0.021 0.0816803
0.0211 0.0820232
0.0212 0.0823937
0.0213 0.0828388
0.0214 0.083204
0.0215 0.0837449
0.0216 0.0840299
0.0217 0.0846108
0.0218 0.0850572
0.0219 0.0852641
0.022 0.0856995
0.0221 0.0860488
0.0222 0.0863927
0.0223 0.0867333
0.0224 0.0870776
0.0225 0.0873607
0.0226 0.0878907
0.0227 0.088329
0.0228 0.0887434
0.0229 0.0890153
0.023 0.089336
0.0231 0.0898957
0.0232 0.0902988
0.0233 0.0906636
0.0234 0.0909975
0.0235 0.0915002
0.0236 0.092024
0.0237 0.0924229
0.0238 0.0929322
0.0239 0.0932974
0.024 0.0937698
0.0241 0.0941424
0.0242 0.0944488
0.0243 0.0948169
0.0244 0.0950472
0.0245 0.0954098
0.0246 0.0956515
0.0247 0.0960224
0.0248 0.0963203
0.0249 0.0965823
0.025 0.0970946
0.0251 0.0974067
0.0252 0.097808
0.0253 0.0982203
0.0254 0.0986871
0.0255 0.0991428
0.0256 0.0994537
0.0257 0.0998071
0.0258 0.100221
0.0259 0.100531
0.026 0.10095
0.0261 0.101358
0.0262 0.101612
0.0263 0.101816
0.0264 0.102214
0.0265 0.102602
0.0266 0.10292
0.0267 0.103273
0.0268 0.103581
0.0269 0.103981
0.027 0.104581
0.0271 0.104737
0.0272 0.105013
0.0273 0.105218
0.0274 0.105482
0.0275 0.105824
0.0276 0.106164
0.0277 0.106508
0.0278 0.106883
0.0279 0.107312
0.028 0.107682
0.0281 0.107988
0.0282 0.108382
0.0283 0.108772
0.0284 0.109195
0.0285 0.109466
0.0286 0.109902
0.0287 0.11031
0.0288 0.110663
0.0289 0.111022
0.029 0.111203
0.0291 0.111523
0.0292 0.111875
0.0293 0.112251
0.0294 0.112755
0.0295 0.112952
0.0296 0.113345
0.0297 0.113821
0.0298 0.114057
0.0299 0.114401
0.03 0.114656
0.0301 0.115074
0.0302 0.115408
0.0303 0.11589
0.0304 0.116209
0.0305 0.116513
0.0306 0.116979
0.0307 0.117086
0.0308 0.117408
0.0309 0.117788
0.031 0.118044
0.0311 0.118393
0.0312 0.118786
0.0313 0.119118
0.0314 0.119458
0.0315 0.119916
0.0316 0.120306
0.0317 0.120572
0.0318 0.121024
0.0319 0.121382
0.032 0.121942
0.0321 0.122224
0.0322 0.122776
0.0323 0.123203
0.0324 0.123585
0.0325 0.123973
0.0326 0.124447
0.0327 0.124837
0.0328 0.125285
0.0329 0.125619
0.033 0.125883
0.0331 0.126319
0.0332 0.126742
0.0333 0.127223
0.0334 0.127751
0.0335 0.127904
0.0336 0.128308
0.0337 0.128571
0.0338 0.128877
0.0339 0.129071
0.034 0.129395
0.0341 0.129746
0.0342 0.130094
0.0343 0.13035
0.0344 0.13068
0.0345 0.131073
0.0346 0.131493
0.0347 0.131821
0.0348 0.132342
0.0349 0.132722
0.035 0.133085
0.0351 0.133445
0.0352 0.133736
0.0353 0.134155
0.0354 0.134528
0.0355 0.13486
0.0356 0.135259
0.0357 0.13564
0.0358 0.136007
0.0359 0.136206
0.036 0.136481
0.0361 0.13675
0.0362 0.137034
0.0363 0.13751
0.0364 0.137879
0.0365 0.138266
0.0366 0.138622
0.0367 0.138991
0.0368 0.139201
0.0369 0.1395
0.037 0.139851
0.0371 0.140142
0.0372 0.140516
0.0373 0.140825
0.0374 0.140912
0.0375 0.141231
0.0376 0.141713
0.0377 0.142066
0.0378 0.14252
0.0379 0.142834
0.038 0.143208
0.0381 0.143616
0.0382 0.14397
0.0383 0.144229
0.0384 0.144581
0.0385 0.144922
0.0386 0.145219
0.0387 0.14567
0.0388 0.145991
0.0389 0.146429
0.039 0.146895
0.0391 0.14732
0.0392 0.14747
0.0393 0.147843
0.0394 0.14823
0.0395 0.148628
0.0396 0.149029
0.0397 0.149424
0.0398 0.149687
0.0399 0.150281
0.04 0.150454
0.0401 0.150806
0.0402 0.151034
0.0403 0.151395
0.0404 0.151643
0.0405 0.151871
0.0406 0.15208
0.0407 0.152331
0.0408 0.152777
0.0409 0.153113
0.041 0.153442
0.0411 0.153658
0.0412 0.154135
0.0413 0.154388
0.0414 0.154802
0.0415 0.155211
0.0416 0.155463
0.0417 0.155807
0.0418 0.156158
0.0419 0.156736
0.042 0.157201
0.0421 0.157665
0.0422 0.158071
0.0423 0.158387
0.0424 0.158635
0.0425 0.158977
0.0426 0.15923
0.0427 0.159559
0.0428 0.159955
0.0429 0.160363
0.043 0.160679
0.0431 0.161001
0.0432 0.161167
0.0433 0.161434
0.0434 0.161686
0.0435 0.161964
0.0436 0.162337
0.0437 0.162719
0.0438 0.163009
0.0439 0.163307
0.044 0.163564
0.0441 0.163882
0.0442 0.163993
0.0443 0.164506
0.0444 0.164801
0.0445 0.165251
0.0446 0.16563
0.0447 0.165976
0.0448 0.166329
0.0449 0.166994
0.045 0.16711
0.0451 0.167491
0.0452 0.167848
0.0453 0.168362
0.0454 0.168814
0.0455 0.169331
0.0456 0.169567
0.0457 0.169944
0.0458 0.170155
0.0459 0.170283
0.046 0.170739
0.0461 0.171247
0.0462 0.171412
0.0463 0.171636
0.0464 0.172108
0.0465 0.172567
0.0466 0.17277
0.0467 0.172873
0.0468 0.173264
0.0469 0.173617
0.047 0.174287
0.0471 0.174654
0.0472 0.174994
0.0473 0.17524
0.0474 0.17558
0.0475 0.175805
0.0476 0.176159
0.0477 0.176549
0.0478 0.176968
0.0479 0.17726
0.048 0.177717
0.0481 0.177921
0.0482 0.178113
0.0483 0.178335
0.0484 0.178468
0.0485 0.178907
0.0486 0.179214
0.0487 0.179499
0.0488 0.179864
0.0489 0.180064
0.049 0.18024
0.0491 0.18062
0.0492 0.180933
0.0493 0.181258
0.0494 0.181394
0.0495 0.181537
0.0496 0.181954
0.0497 0.182347
0.0498 0.182576
0.0499 0.182683
0.05 0.183144
0.0501 0.183577
0.0502 0.183837
0.0503 0.184076
0.0504 0.184398
0.0505 0.184695
0.0506 0.185069
0.0507 0.185374
0.0508 0.185543
0.0509 0.185736
0.051 0.186098
0.0511 0.18643
0.0512 0.186645
0.0513 0.187093
0.0514 0.187321
0.0515 0.187684
0.0516 0.18794
0.0517 0.188567
0.0518 0.188794
0.0519 0.189112
0.052 0.189238
0.0521 0.18964
0.0522 0.190061
0.0523 0.190527
0.0524 0.190926
0.0525 0.191223
0.0526 0.1914
0.0527 0.191677
0.0528 0.192047
0.0529 0.192408
0.053 0.192734
0.0531 0.193162
0.0532 0.19343
0.0533 0.193722
0.0534 0.194083
0.0535 0.194482
0.0536 0.194798
0.0537 0.195274
0.0538 0.195472
0.0539 0.195911
0.054 0.196266
0.0541 0.196702
0.0542 0.19716
0.0543 0.197608
0.0544 0.198046
0.0545 0.198385
0.0546 0.19866
0.0547 0.198864
0.0548 0.199208
0.0549 0.199616
0.055 0.199887
0.0551 0.200181
0.0552 0.200699
0.0553 0.20104
0.0554 0.201473
0.0555 0.201884
0.0556 0.202242
0.0557 0.202663
0.0558 0.203122
0.0559 0.20356
0.056 0.203798
0.0561 0.204194
0.0562 0.204372
0.0563 0.204622
0.0564 0.204895
0.0565 0.205313
0.0566 0.205642
0.0567 0.205947
0.0568 0.206066
0.0569 0.206599
0.057 0.206862
0.0571 0.2069
0.0572 0.207019
0.0573 0.20708
0.0574 0.207371
0.0575 0.20771
0.0576 0.207913
0.0577 0.208174
0.0578 0.208463
0.0579 0.20869
0.058 0.208784
0.0581 0.209171
0.0582 0.209591
0.0583 0.210026
0.0584 0.210461
0.0585 0.210589
0.0586 0.210913
0.0587 0.211301
0.0588 0.211714
0.0589 0.212125
0.059 0.212436
0.0591 0.212717
0.0592 0.213108
0.0593 0.213285
0.0594 0.213385
0.0595 0.213816
0.0596 0.214061
0.0597 0.214567
0.0598 0.215074
0.0599 0.215363
0.06 0.215765
0.0601 0.215991
0.0602 0.216274
0.0603 0.216711
0.0604 0.217359
0.0605 0.217624
0.0606 0.218213
0.0607 0.218484
0.0608 0.218978
0.0609 0.219452
0.061 0.219933
0.0611 0.220352
0.0612 0.220611
0.0613 0.221014
0.0614 0.221413
0.0615 0.221742
0.0616 0.221849
0.0617 0.22221
0.0618 0.222742
0.0619 0.222986
0.062 0.22304
0.0621 0.223155
0.0622 0.223321
0.0623 0.223608
0.0624 0.223855
0.0625 0.224239
0.0626 0.224507
0.0627 0.224816
0.0628 0.22537
0.0629 0.225635
0.063 0.225831
0.0631 0.226123
0.0632 0.226622
0.0633 0.22692
0.0634 0.227277
0.0635 0.227769
0.0636 0.228251
0.0637 0.228595
0.0638 0.228873
0.0639 0.229154
0.064 0.229505
0.0641 0.229702
0.0642 0.229824
0.0643 0.230253
0.0644 0.230355
0.0645 0.230783
0.0646 0.230761
0.0647 0.231226
0.0648 0.231359
0.0649 0.231643
0.065 0.232247
0.0651 0.232591
0.0652 0.232872
0.0653 0.233267
0.0654 0.233691
0.0655 0.234068
0.0656 0.234218
0.0657 0.234387
0.0658 0.23471
0.0659 0.235093
0.066 0.235248
0.0661 0.235528
0.0662 0.236081
0.0663 0.236664
0.0664 0.237111
0.0665 0.2373
0.0666 0.237541
0.0667 0.237885
0.0668 0.238308
0.0669 0.238812
0.067 0.239165
0.0671 0.239387
0.0672 0.239608
0.0673 0.240145
0.0674 0.240406
0.0675 0.240743
0.0676 0.241045
0.0677 0.241411
0.0678 0.242012
0.0679 0.242492
0.068 0.243001
0.0681 0.24325
0.0682 0.243323
0.0683 0.24347
0.0684 0.243711
0.0685 0.243907
0.0686 0.243969
0.0687 0.244094
0.0688 0.244473
0.0689 0.244716
0.069 0.244916
0.0691 0.2454
0.0692 0.245777
0.0693 0.246071
0.0694 0.246433
0.0695 0.246632
0.0696 0.247193
0.0697 0.247581
0.0698 0.247671
0.0699 0.247918
0.07 0.24815
0.0701 0.248585
0.0702 0.248884
0.0703 0.249205
0.0704 0.249561
0.0705 0.249504
0.0706 0.249804
0.0707 0.249993
0.0708 0.250483
0.0709 0.250921
0.071 0.251299
0.0711 0.251623
0.0712 0.251689
0.0713 0.251963
0.0714 0.25223
0.0715 0.252343
0.0716 0.252509
0.0717 0.252726
0.0718 0.253028
0.0719 0.253286
0.072 0.253635
0.0721 0.254041
0.0722 0.25436
0.0723 0.254575
0.0724 0.254936
0.0725 0.254913
0.0726 0.254903
0.0727 0.255323
0.0728 0.255878
0.0729 0.256194
0.073 0.256809
0.0731 0.257204
0.0732 0.257219
0.0733 0.257497
0.0734 0.257716
0.0735 0.257933
0.0736 0.258013
0.0737 0.258418
0.0738 0.258436
0.0739 0.258892
0.074 0.259075
0.0741 0.259353
0.0742 0.259606
0.0743 0.260051
0.0744 0.260393
0.0745 0.26047
0.0746 0.260552
0.0747 0.261037
0.0748 0.261207
0.0749 0.261416
0.075 0.261716
0.0751 0.262279
0.0752 0.262947
0.0753 0.262915
0.0754 0.263518
0.0755 0.263866
0.0756 0.264543
0.0757 0.264919
0.0758 0.265154
0.0759 0.265496
0.076 0.265759
0.0761 0.266093
0.0762 0.266385
0.0763 0.266682
0.0764 0.266933
0.0765 0.267247
0.0766 0.267731
0.0767 0.268046
0.0768 0.26839
0.0769 0.268739
0.077 0.269027
0.0771 0.269127
0.0772 0.269426
0.0773 0.269838
0.0774 0.270387
0.0775 0.270674
0.0776 0.271291
0.0777 0.27166
0.0778 0.271981
0.0779 0.272293
0.078 0.272811
0.0781 0.273118
0.0782 0.273369
0.0783 0.273523
0.0784 0.273883
0.0785 0.273873
0.0786 0.274351
0.0787 0.274893
0.0788 0.275217
0.0789 0.275649
0.079 0.276203
0.0791 0.276334
0.0792 0.276792
0.0793 0.277022
0.0794 0.277195
0.0795 0.277623
0.0796 0.277793
0.0797 0.277953
0.0798 0.278468
0.0799 0.279085
0.08 0.279243
0.0801 0.279486
0.0802 0.280061
0.0803 0.280407
0.0804 0.280483
0.0805 0.281025
0.0806 0.281312
0.0807 0.281454
0.0808 0.281809
0.0809 0.282136
0.081 0.282506
0.0811 0.282935
0.0812 0.283295
0.0813 0.283504
0.0814 0.283913
0.0815 0.284148
0.0816 0.284496
0.0817 0.28511
0.0818 0.285368
0.0819 0.285692
0.082 0.286033
0.0821 0.286021
0.0822 0.286302
0.0823 0.286463
0.0824 0.28695
0.0825 0.287121
0.0826 0.287364
0.0827 0.287491
0.0828 0.287812
0.0829 0.288032
0.083 0.288223
0.0831 0.28839
0.0832 0.288807
0.0833 0.289352
0.0834 0.289756
0.0835 0.290155
0.0836 0.290326
0.0837 0.291022
0.0838 0.291554
0.0839 0.291958
0.084 0.292498
0.0841 0.292838
0.0842 0.293081
0.0843 0.293601
0.0844 0.293858
0.0845 0.294004
0.0846 0.294293
0.0847 0.294568
0.0848 0.294893
0.0849 0.295044
0.085 0.295201
0.0851 0.295642
0.0852 0.29599
0.0853 0.296469
0.0854 0.296598
0.0855 0.296824
0.0856 0.296792
0.0857 0.297333
0.0858 0.297506
0.0859 0.297854
0.086 0.298226
0.0861 0.298844
0.0862 0.299122
0.0863 0.299635
0.0864 0.300344
0.0865 0.300855
0.0866 0.300962
0.0867 0.301397
0.0868 0.301677
0.0869 0.301931
0.087 0.302114
0.0871 0.302472
0.0872 0.302695
0.0873 0.303015
0.0874 0.30315
0.0875 0.303333
0.0876 0.303327
0.0877 0.30355
0.0878 0.303669
0.0879 0.303927
0.088 0.304231
0.0881 0.304479
0.0882 0.304678
0.0883 0.304749
0.0884 0.305087
0.0885 0.305494
0.0886 0.305881
0.0887 0.306081
0.0888 0.306484
0.0889 0.306769
0.089 0.307127
0.0891 0.307369
0.0892 0.30766
0.0893 0.308098
0.0894 0.308525
0.0895 0.308795
0.0896 0.309374
0.0897 0.309595
0.0898 0.31004
0.0899 0.310107
0.09 0.310467
0.0901 0.310675
0.0902 0.310991
0.0903 0.311246
0.0904 0.311451
0.0905 0.311389
0.0906 0.311733
0.0907 0.311977
0.0908 0.312192
0.0909 0.312766
0.091 0.312918
0.0911 0.313236
0.0912 0.313484
0.0913 0.313702
0.0914 0.314134
0.0915 0.314584
0.0916 0.315043
0.0917 0.315641
0.0918 0.316057
0.0919 0.316527
0.092 0.316783
0.0921 0.317037
0.0922 0.317613
0.0923 0.317865
0.0924 0.318306
0.0925 0.318681
0.0926 0.319209
0.0927 0.31957
0.0928 0.320068
0.0929 0.320152
0.093 0.32039
0.0931 0.320711
0.0932 0.320983
0.0933 0.320956
0.0934 0.321351
0.0935 0.321642
0.0936 0.321828
0.0937 0.322067
0.0938 0.322355
0.0939 0.322625
0.094 0.322654
0.0941 0.322805
0.0942 0.323372
0.0943 0.323536
0.0944 0.32373
0.0945 0.324264
0.0946 0.324775
0.0947 0.325292
0.0948 0.325607
0.0949 0.325838
0.095 0.326322
0.0951 0.326675
0.0952 0.327344
0.0953 0.327691
0.0954 0.32821
0.0955 0.32851
0.0956 0.328824
0.0957 0.329185
0.0958 0.329548
0.0959 0.330022
0.096 0.330273
0.0961 0.330762
0.0962 0.330766
0.0963 0.330922
0.0964 0.331286
0.0965 0.3316
0.0966 0.331802
0.0967 0.332112
0.0968 0.332442
0.0969 0.332933
0.097 0.333258
0.0971 0.333486
0.0972 0.333726
0.0973 0.333792
0.0974 0.334053
0.0975 0.334376
0.0976 0.334719
0.0977 0.335174
0.0978 0.335431
0.0979 0.335897
0.098 0.336036
0.0981 0.336547
0.0982 0.336735
0.0983 0.336949
0.0984 0.337361
0.0985 0.338077
0.0986 0.338246
0.0987 0.338515
0.0988 0.338637
0.0989 0.339048
0.099 0.339377
0.0991 0.339479
0.0992 0.33979
0.0993 0.340307
0.0994 0.340547
0.0995 0.340961
0.0996 0.340978
0.0997 0.341217
0.0998 0.341491
0.0999 0.341444
0.1 0.341693
0.1001 0.341915
0.1002 0.342135
0.1003 0.342445
0.1004 0.343025
0.1005 0.343369
0.1006 0.343697
0.1007 0.34397
0.1008 0.34413
0.1009 0.34435
0.101 0.344818
0.1011 0.344991
0.1012 0.345602
0.1013 0.345908
0.1014 0.34617
0.1015 0.346363
0.1016 0.346773
0.1017 0.347029
0.1018 0.347354
0.1019 0.347505
0.102 0.348003
0.1021 0.347958
0.1022 0.348192
0.1023 0.348685
0.1024 0.348986
0.1025 0.349203
0.1026 0.349344
0.1027 0.350134
0.1028 0.350381
0.1029 0.350463
0.103 0.350757
0.1031 0.350741
0.1032 0.351065
0.1033 0.351172
0.1034 0.351436
0.1035 0.351593
0.1036 0.352074
0.1037 0.35252
0.1038 0.352922
0.1039 0.353226
0.104 0.353138
0.1041 0.353528
0.1042 0.353912
0.1043 0.354183
0.1044 0.354544
0.1045 0.354655
0.1046 0.354856
0.1047 0.35519
0.1048 0.355747
0.1049 0.356186
0.105 0.356612
0.1051 0.356911
0.1052 0.357439
0.1053 0.357613
0.1054 0.35793
0.1055 0.358342
0.1056 0.358204
0.1057 0.358549
0.1058 0.35884
0.1059 0.358808
0.106 0.359094
0.1061 0.359359
0.1062 0.35975
0.1063 0.359715
0.1064 0.35987
0.1065 0.360239
0.1066 0.360875
0.1067 0.361166
0.1068 0.361469
0.1069 0.361832
0.107 0.362095
0.1071 0.362448
0.1072 0.362714
0.1073 0.363175
0.1074 0.363566
0.1075 0.363789
0.1076 0.364232
0.1077 0.364457
0.1078 0.364724
0.1079 0.36502
0.108 0.365483
0.1081 0.365459
0.1082 0.365788
0.1083 0.366133
0.1084 0.366405
0.1085 0.366816
0.1086 0.367086
0.1087 0.367148
0.1088 0.367254
0.1089 0.367419
0.109 0.367562
0.1091 0.368037
0.1092 0.368621
0.1093 0.36894
0.1094 0.369051
0.1095 0.368932
0.1096 0.369148
0.1097 0.369537
0.1098 0.369802
0.1099 0.370264
0.11 0.370609
0.1101 0.370789
0.1102 0.371024
0.1103 0.3714
0.1104 0.371755
0.1105 0.372002
0.1106 0.37221
0.1107 0.372493
0.1108 0.37275
0.1109 0.373223
0.111 0.373199
0.1111 0.373746
0.1112 0.374044
0.1113 0.374293
0.1114 0.374353
0.1115 0.374917
