0 0
0.0001 0.000397493
0.0002 0.000798279
0.0003 0.00121266
0.0004 0.00161658
0.0005 0.00200159
0.0006 0.00238666
0.0007 0.00279284
0.0008 0.00322213
0.0009 0.00362403
0.001 0.00405263
0.0011 0.00442863
0.0012 0.00483629
0.0013 0.00519778
0.0014 0.00560551
0.0015 0.0060102
0.0016 0.00643409
0.0017 0.00680112
0.0018 0.00721513
0.0019 0.00763594
0.002 0.00803189
0.0021 0.00845077
0.0022 0.00886158
0.0023 0.00923531
0.0024 0.00959551
0.0025 0.00997164
0.0026 0.0103766
0.0027 0.0107745
0.0028 0.0111826
0.0029 0.0116162
0.003 0.0120071
0.0031 0.0123736
0.0032 0.0128163
0.0033 0.0131583
0.0034 0.0135636
0.0035 0.0139648
0.0036 0.0143814
0.0037 0.0147636
0.0038 0.0151917
0.0039 0.0156382
0.004 0.0160607
0.0041 0.0164846
0.0042 0.016946
0.0043 0.0173371
0.0044 0.0176936
0.0045 0.0181047
0.0046 0.0185169
0.0047 0.0188945
0.0048 0.0193217
0.0049 0.0197587
0.005 0.0201547
0.0051 0.0205533
0.0052 0.020927
0.0053 0.021331
0.0054 0.0217194
0.0055 0.0221302
0.0056 0.0225111
0.0057 0.0228885
0.0058 0.0232016
0.0059 0.0235888
0.006 0.0239689
0.0061 0.0244182
0.0062 0.0248171
0.0063 0.0253194
0.0064 0.0258067
0.0065 0.0262204
0.0066 0.0266019
0.0067 0.0270114
0.0068 0.0274864
0.0069 0.02783
0.007 0.0281632
0.0071 0.0286448
0.0072 0.0290718
0.0073 0.0294985
0.0074 0.029857
0.0075 0.0303461
0.0076 0.0307215
0.0077 0.0310966
0.0078 0.0314826
0.0079 0.0318922
0.008 0.0322773
0.0081 0.0325955
0.0082 0.0330057
0.0083 0.0333901
0.0084 0.0337664
0.0085 0.0341883
0.0086 0.0345821
0.0087 0.0349465
0.0088 0.035373
0.0089 0.035908
0.009 0.0362495
0.0091 0.0366215
0.0092 0.0370614
0.0093 0.0374484
0.0094 0.0378795
0.0095 0.0382548
0.0096 0.0386882
0.0097 0.0391031
0.0098 0.0395217
0.0099 0.0399178
0.01 0.040275
0.0101 0.0406042
0.0102 0.0409315
0.0103 0.0414029
0.0104 0.0417831
0.0105 0.0422204
0.0106 0.0426397
0.0107 0.0430949
0.0108 0.0435969
0.0109 0.0439469
0.011 0.044284
0.0111 0.0446375
0.0112 0.0449677
0.0113 0.0454169
0.0114 0.0458957
0.0115 0.0463028
0.0116 0.0466261
0.0117 0.0471415
0.0118 0.0475244
0.0119 0.0478683
0.012 0.048195
0.0121 0.04865
0.0122 0.0489381
0.0123 0.0492286
0.0124 0.0497942
0.0125 0.050279
0.0126 0.0506766
0.0127 0.0512142
0.0128 0.0515629
0.0129 0.0519685
0.013 0.052283
0.0131 0.0526371
0.0132 0.0531004
0.0133 0.0534814
0.0134 0.0539994
0.0135 0.0544441
0.0136 0.0548789
0.0137 0.0551719
0.0138 0.0555649
0.0139 0.0559199
0.014 0.0562151
0.0141 0.0565908
0.0142 0.0570814
0.0143 0.0574263
0.0144 0.0577458
0.0145 0.0581486
0.0146 0.0586382
0.0147 0.0589605
0.0148 0.0593272
0.0149 0.0597568
0.015 0.0600489
0.0151 0.0602458
0.0152 0.060627
0.0153 0.0610734
0.0154 0.0614923
0.0155 0.0618815
0.0156 0.0622321
0.0157 0.062662
0.0158 0.0630779
0.0159 0.0634414
0.016 0.0638629
0.0161 0.0642752
0.0162 0.0646423
0.0163 0.0650906
0.0164 0.0654409
0.0165 0.0656889
0.0166 0.0660482
0.0167 0.0664169
0.0168 0.0668123
0.0169 0.0671907
0.017 0.0676424
0.0171 0.0677895
0.0172 0.0681632
0.0173 0.0684326
0.0174 0.0687643
0.0175 0.069235
0.0176 0.0696414
0.0177 0.070171
0.0178 0.0705048
0.0179 0.0707307
0.018 0.0711785
0.0181 0.071446
0.0182 0.0719557
0.0183 0.0723507
0.0184 0.0726172
0.0185 0.0730241
0.0186 0.0733642
0.0187 0.0738563
0.0188 0.0742392
0.0189 0.0745997
0.019 0.0750117
0.0191 0.0753268
0.0192 0.0755835
0.0193 0.0759935
0.0194 0.0762589
0.0195 0.0768362
0.0196 0.0772765
0.0197 0.0776252
0.0198 0.0780918
0.0199 0.0785441
0.02 0.0789684
0.0201 0.0793732
0.0202 0.079794
0.0203 0.0801825
0.0204 0.0806706
0.0205 0.0810061
0.0206 0.0814312
0.0207 0.0818895
0.0208 0.082334
0.0209 0.082736
0.021 0.0830387
0.0211 0.0834108
0.0212 0.0837527
0.0213 0.0840476
0.0214 0.0844077
0.0215 0.0848162
0.0216 0.0853837
0.0217 0.0859133
0.0218 0.0862329
0.0219 0.0866233
0.022 0.0869745
0.0221 0.0872941
0.0222 0.0876817
0.0223 0.088159
0.0224 0.0885246
0.0225 0.088826
0.0226 0.0891254
0.0227 0.0895288
0.0228 0.0899281
0.0229 0.090289
0.023 0.0907359
0.0231 0.0910671
0.0232 0.0913973
0.0233 0.091838
0.0234 0.0921259
0.0235 0.0924712
0.0236 0.0927198
0.0237 0.0931737
0.0238 0.0935213
0.0239 0.0940218
0.024 0.0941219
0.0241 0.0945783
0.0242 0.0949423
0.0243 0.0953081
0.0244 0.0956669
0.0245 0.0960544
0.0246 0.0964045
0.0247 0.0968789
0.0248 0.0974225
0.0249 0.0978154
0.025 0.098079
0.0251 0.0985732
0.0252 0.0991252
0.0253 0.0993311
0.0254 0.0996803
0.0255 0.100069
0.0256 0.100414
0.0257 0.100903
0.0258 0.101216
0.0259 0.101578
0.026 0.101811
0.0261 0.102265
0.0262 0.102693
0.0263 0.103111
0.0264 0.103504
0.0265 0.103731
0.0266 0.104001
0.0267 0.104457
0.0268 0.104826
0.0269 0.105327
0.027 0.105694
0.0271 0.10606
0.0272 0.106505
0.0273 0.106811
0.0274 0.107174
0.0275 0.107618
0.0276 0.107996
0.0277 0.108389
0.0278 0.108526
0.0279 0.108803
0.028 0.109057
0.0281 0.109438
0.0282 0.1099
0.0283 0.110206
0.0284 0.110527
0.0285 0.110896
0.0286 0.111229
0.0287 0.111599
0.0288 0.111953
0.0289 0.112351
0.029 0.112583
0.0291 0.112917
0.0292 0.113525
0.0293 0.113904
0.0294 0.114234
0.0295 0.114581
0.0296 0.114894
0.0297 0.115399
0.0298 0.115813
0.0299 0.1162
0.03 0.116491
0.0301 0.116967
0.0302 0.117514
0.0303 0.11799
0.0304 0.118484
0.0305 0.118728
0.0306 0.119068
0.0307 0.119419
0.0308 0.11967
0.0309 0.120072
0.031 0.120341
0.0311 0.120585
0.0312 0.120742
0.0313 0.121054
0.0314 0.121205
0.0315 0.121587
0.0316 0.122014
0.0317 0.122375
0.0318 0.122502
0.0319 0.122771
0.032 0.123221
0.0321 0.123744
0.0322 0.124116
0.0323 0.124534
0.0324 0.124891
0.0325 0.125314
0.0326 0.125726
0.0327 0.126274
0.0328 0.126452
0.0329 0.126881
0.033 0.127243
0.0331 0.127495
0.0332 0.127832
0.0333 0.128246
0.0334 0.128497
0.0335 0.128748
0.0336 0.129237
0.0337 0.129425
0.0338 0.129782
0.0339 0.129996
0.034 0.130368
0.0341 0.130695
0.0342 0.13119
0.0343 0.131639
0.0344 0.132138
0.0345 0.132274
0.0346 0.132593
0.0347 0.132962
0.0348 0.133292
0.0349 0.133582
0.035 0.134049
0.0351 0.134414
0.0352 0.134777
0.0353 0.135094
0.0354 0.135701
0.0355 0.136111
0.0356 0.136334
0.0357 0.13666
0.0358 0.136968
0.0359 0.137195
0.036 0.137577
0.0361 0.137918
0.0362 0.138212
0.0363 0.138544
0.0364 0.138828
0.0365 0.139088
0.0366 0.139551
0.0367 0.139926
0.0368 0.140195
0.0369 0.140721
0.037 0.141186
0.0371 0.141463
0.0372 0.141679
0.0373 0.141837
0.0374 0.142232
0.0375 0.14263
0.0376 0.1429
0.0377 0.14331
0.0378 0.143547
0.0379 0.143883
0.038 0.144217
0.0381 0.144373
0.0382 0.144645
0.0383 0.14501
0.0384 0.145625
0.0385 0.146058
0.0386 0.1465
0.0387 0.14694
0.0388 0.147468
0.0389 0.147952
0.039 0.148356
0.0391 0.14874
0.0392 0.149033
0.0393 0.14943
0.0394 0.149679
0.0395 0.150035
0.0396 0.150265
0.0397 0.150613
0.0398 0.150852
0.0399 0.151433
0.04 0.151899
0.0401 0.152396
0.0402 0.152583
0.0403 0.152898
0.0404 0.153254
0.0405 0.153565
0.0406 0.153975
0.0407 0.154542
0.0408 0.154851
0.0409 0.155161
0.041 0.155721
0.0411 0.155975
0.0412 0.156254
0.0413 0.156439
0.0414 0.156732
0.0415 0.157247
0.0416 0.157465
0.0417 0.158023
0.0418 0.158146
0.0419 0.158352
0.042 0.158581
0.0421 0.159089
0.0422 0.159442
0.0423 0.159632
0.0424 0.160171
0.0425 0.16082
0.0426 0.161022
0.0427 0.161333
0.0428 0.16156
0.0429 0.161924
0.043 0.162223
0.0431 0.162561
0.0432 0.16287
0.0433 0.163104
0.0434 0.163372
0.0435 0.1636
0.0436 0.164083
0.0437 0.164441
0.0438 0.164677
0.0439 0.165098
0.044 0.165416
0.0441 0.165688
0.0442 0.165998
0.0443 0.166391
0.0444 0.166777
0.0445 0.167079
0.0446 0.167511
0.0447 0.167654
0.0448 0.167935
0.0449 0.168337
0.045 0.168661
0.0451 0.168985
0.0452 0.169556
0.0453 0.169816
0.0454 0.170218
0.0455 0.170538
0.0456 0.170756
0.0457 0.17118
0.0458 0.171612
0.0459 0.171924
0.046 0.172345
0.0461 0.172575
0.0462 0.172964
0.0463 0.173267
0.0464 0.173627
0.0465 0.173888
0.0466 0.174318
0.0467 0.174594
0.0468 0.17501
0.0469 0.175383
0.047 0.175513
0.0471 0.175911
0.0472 0.176257
0.0473 0.176553
0.0474 0.176866
0.0475 0.177233
0.0476 0.177729
0.0477 0.178016
0.0478 0.178554
0.0479 0.179014
0.048 0.179331
0.0481 0.179567
0.0482 0.179825
0.0483 0.180241
0.0484 0.180547
0.0485 0.18083
0.0486 0.181107
0.0487 0.181366
0.0488 0.181809
0.0489 0.182265
0.049 0.182432
0.0491 0.18284
0.0492 0.18321
0.0493 0.183701
0.0494 0.184038
0.0495 0.184327
0.0496 0.184695
0.0497 0.18508
0.0498 0.185532
0.0499 0.185736
0.05 0.185988
0.0501 0.18619
0.0502 0.186699
0.0503 0.186907
0.0504 0.187192
0.0505 0.187499
0.0506 0.1877
0.0507 0.188379
0.0508 0.188676
0.0509 0.188867
0.051 0.189356
0.0511 0.189718
0.0512 0.189957
0.0513 0.190111
0.0514 0.190508
0.0515 0.191073
0.0516 0.191405
0.0517 0.191629
0.0518 0.191988
0.0519 0.192286
0.052 0.192534
0.0521 0.192882
0.0522 0.19308
0.0523 0.193378
0.0524 0.1935
0.0525 0.193853
0.0526 0.1941
0.0527 0.194423
0.0528 0.194583
0.0529 0.19487
0.053 0.195272
0.0531 0.195767
0.0532 0.196082
0.0533 0.196569
0.0534 0.196717
0.0535 0.197102
0.0536 0.197512
0.0537 0.19801
0.0538 0.198327
0.0539 0.198589
0.054 0.198954
0.0541 0.199132
0.0542 0.199459
0.0543 0.199806
0.0544 0.20016
0.0545 0.200439
0.0546 0.200658
0.0547 0.200785
0.0548 0.20108
0.0549 0.201453
0.055 0.20202
0.0551 0.20248
0.0552 0.202822
0.0553 0.203165
0.0554 0.203543
0.0555 0.203855
0.0556 0.204156
0.0557 0.204559
0.0558 0.204965
0.0559 0.205323
0.056 0.20563
0.0561 0.205848
0.0562 0.206337
0.0563 0.206636
0.0564 0.206795
0.0565 0.206985
0.0566 0.207435
0.0567 0.207617
0.0568 0.208016
0.0569 0.208415
0.057 0.208698
0.0571 0.208958
0.0572 0.209253
0.0573 0.209467
0.0574 0.209795
0.0575 0.210131
0.0576 0.210294
0.0577 0.210459
0.0578 0.210612
0.0579 0.211227
0.058 0.211646
0.0581 0.211827
0.0582 0.21203
0.0583 0.212338
0.0584 0.212918
0.0585 0.213182
0.0586 0.213368
0.0587 0.213474
0.0588 0.213871
0.0589 0.213974
0.059 0.214285
0.0591 0.214732
0.0592 0.215254
0.0593 0.215707
0.0594 0.216333
0.0595 0.216616
0.0596 0.216864
0.0597 0.216964
0.0598 0.217423
0.0599 0.217961
0.06 0.218499
0.0601 0.218745
0.0602 0.219013
0.0603 0.219438
0.0604 0.219813
0.0605 0.220146
0.0606 0.220501
0.0607 0.220935
0.0608 0.221033
0.0609 0.221
0.061 0.22127
0.0611 0.22162
0.0612 0.22186
0.0613 0.222121
0.0614 0.222395
0.0615 0.222663
0.0616 0.223044
0.0617 0.223429
0.0618 0.223788
0.0619 0.22417
0.062 0.22463
0.0621 0.225075
0.0622 0.225523
0.0623 0.226098
0.0624 0.226564
0.0625 0.22705
0.0626 0.227101
0.0627 0.227313
0.0628 0.227838
0.0629 0.228377
0.063 0.228707
0.0631 0.228824
0.0632 0.229037
0.0633 0.229389
0.0634 0.229474
0.0635 0.22936
0.0636 0.229441
0.0637 0.229828
0.0638 0.230042
0.0639 0.230186
0.064 0.23053
0.0641 0.230978
0.0642 0.231153
0.0643 0.231468
0.0644 0.231761
0.0645 0.232047
0.0646 0.232328
0.0647 0.232709
0.0648 0.233092
0.0649 0.23362
0.065 0.234107
0.0651 0.2347
0.0652 0.234996
0.0653 0.235537
0.0654 0.235845
0.0655 0.236089
0.0656 0.236448
0.0657 0.236814
0.0658 0.236829
0.0659 0.237292
0.066 0.237898
0.0661 0.23825
0.0662 0.238661
0.0663 0.238878
0.0664 0.239104
0.0665 0.239417
0.0666 0.239695
0.0667 0.240062
0.0668 0.24038
0.0669 0.240639
0.067 0.24103
0.0671 0.24145
0.0672 0.241845
0.0673 0.242169
0.0674 0.242509
0.0675 0.242734
0.0676 0.24309
0.0677 0.243442
0.0678 0.243882
0.0679 0.244105
0.068 0.244347
0.0681 0.244418
0.0682 0.245035
0.0683 0.245169
0.0684 0.245591
0.0685 0.246051
0.0686 0.246494
0.0687 0.247028
0.0688 0.247394
0.0689 0.247707
0.069 0.24777
0.0691 0.248207
0.0692 0.248367
0.0693 0.248498
0.0694 0.248753
0.0695 0.249137
0.0696 0.249281
0.0697 0.249716
0.0698 0.250057
0.0699 0.250378
0.07 0.250612
0.0701 0.250792
0.0702 0.251116
0.0703 0.251269
0.0704 0.251196
0.0705 0.251382
0.0706 0.25149
0.0707 0.251964
0.0708 0.252419
0.0709 0.252588
0.071 0.252833
0.0711 0.253184
0.0712 0.253382
0.0713 0.253792
0.0714 0.254003
0.0715 0.25412
0.0716 0.254486
0.0717 0.254853
0.0718 0.255091
0.0719 0.255425
0.072 0.255732
0.0721 0.256013
0.0722 0.256503
0.0723 0.256801
0.0724 0.256973
0.0725 0.257325
0.0726 0.257637
0.0727 0.25799
0.0728 0.258339
0.0729 0.258821
0.073 0.259396
0.0731 0.259473
0.0732 0.259733
0.0733 0.26034
0.0734 0.260759
0.0735 0.261205
0.0736 0.261424
0.0737 0.261773
0.0738 0.262116
0.0739 0.262445
0.074 0.262812
0.0741 0.263092
0.0742 0.263686
0.0743 0.264394
0.0744 0.26465
0.0745 0.264774
0.0746 0.265006
0.0747 0.265321
0.0748 0.265698
0.0749 0.265953
0.075 0.266509
0.0751 0.266813
0.0752 0.267057
0.0753 0.267346
0.0754 0.267843
0.0755 0.26812
0.0756 0.268311
0.0757 0.268562
0.0758 0.269005
0.0759 0.269276
0.076 0.269558
0.0761 0.269652
0.0762 0.270085
0.0763 0.270181
0.0764 0.270445
0.0765 0.270866
0.0766 0.271394
0.0767 0.271723
0.0768 0.272269
0.0769 0.272737
0.077 0.273043
0.0771 0.273351
0.0772 0.273556
0.0773 0.273894
0.0774 0.274219
0.0775 0.274528
0.0776 0.274886
0.0777 0.275016
0.0778 0.275477
0.0779 0.275562
0.078 0.275943
0.0781 0.276061
0.0782 0.276507
0.0783 0.276823
0.0784 0.277274
0.0785 0.277456
0.0786 0.277946
0.0787 0.278302
0.0788 0.278809
0.0789 0.27909
0.079 0.279316
0.0791 0.279782
0.0792 0.280374
0.0793 0.280565
0.0794 0.280825
0.0795 0.280998
0.0796 0.281165
0.0797 0.281426
0.0798 0.281766
0.0799 0.282309
0.08 0.283056
0.0801 0.283253
0.0802 0.283696
0.0803 0.283903
0.0804 0.284213
0.0805 0.284479
0.0806 0.285057
0.0807 0.28541
0.0808 0.285679
0.0809 0.285936
0.081 0.286025
0.0811 0.286436
0.0812 0.286998
0.0813 0.287293
0.0814 0.287501
0.0815 0.287983
0.0816 0.2885
0.0817 0.288729
0.0818 0.289023
0.0819 0.289491
0.082 0.28995
0.0821 0.29043
0.0822 0.29075
0.0823 0.290969
0.0824 0.29134
0.0825 0.292024
0.0826 0.292191
0.0827 0.292347
0.0828 0.292936
0.0829 0.293214
0.083 0.293518
0.0831 0.293946
0.0832 0.294252
0.0833 0.294446
0.0834 0.294538
0.0835 0.295009
0.0836 0.295337
0.0837 0.295556
0.0838 0.295892
0.0839 0.296155
0.084 0.296418
0.0841 0.296768
0.0842 0.297378
0.0843 0.297808
0.0844 0.298134
0.0845 0.298559
0.0846 0.298642
0.0847 0.299311
0.0848 0.299709
0.0849 0.299938
0.085 0.300601
0.0851 0.300904
0.0852 0.301235
0.0853 0.301456
0.0854 0.301788
0.0855 0.301816
0.0856 0.302067
0.0857 0.302346
0.0858 0.302932
0.0859 0.30327
0.086 0.303623
0.0861 0.304103
0.0862 0.304565
0.0863 0.304995
0.0864 0.305341
0.0865 0.305419
0.0866 0.30608
0.0867 0.306544
0.0868 0.306954
0.0869 0.30701
0.087 0.307296
0.0871 0.30787
0.0872 0.308253
0.0873 0.30869
0.0874 0.308861
0.0875 0.30917
0.0876 0.309676
0.0877 0.30962
0.0878 0.310219
0.0879 0.310634
0.088 0.31086
0.0881 0.310917
0.0882 0.310978
0.0883 0.311309
0.0884 0.311364
0.0885 0.312022
0.0886 0.312482
0.0887 0.312895
0.0888 0.313279
0.0889 0.313586
0.089 0.314117
0.0891 0.314386
0.0892 0.314635
0.0893 0.315059
0.0894 0.315229
0.0895 0.315495
0.0896 0.316084
0.0897 0.31626
0.0898 0.316734
0.0899 0.316966
0.09 0.317259
0.0901 0.317739
0.0902 0.318228
0.0903 0.31844
0.0904 0.318767
0.0905 0.319086
0.0906 0.319173
0.0907 0.319678
0.0908 0.320027
0.0909 0.320319
0.091 0.320701
0.0911 0.321043
0.0912 0.321631
0.0913 0.321844
0.0914 0.322231
0.0915 0.322273
0.0916 0.322538
0.0917 0.323208
0.0918 0.323338
0.0919 0.323752
0.092 0.32409
0.0921 0.324241
0.0922 0.324413
0.0923 0.324699
0.0924 0.325113
0.0925 0.325739
0.0926 0.326259
0.0927 0.326259
0.0928 0.326636
0.0929 0.326877
0.093 0.327334
0.0931 0.32782
0.0932 0.328273
0.0933 0.328475
0.0934 0.328802
0.0935 0.329216
0.0936 0.329675
0.0937 0.330007
0.0938 0.330117
0.0939 0.330472
0.094 0.330746
0.0941 0.330918
0.0942 0.331024
0.0943 0.33128
0.0944 0.331435
0.0945 0.331888
0.0946 0.332312
0.0947 0.333021
0.0948 0.333355
0.0949 0.333612
0.095 0.333893
0.0951 0.334444
0.0952 0.334945
0.0953 0.335196
0.0954 0.336031
0.0955 0.336347
0.0956 0.33656
0.0957 0.336948
0.0958 0.337415
0.0959 0.338068
0.096 0.338687
0.0961 0.339252
0.0962 0.33923
0.0963 0.339844
0.0964 0.340151
0.0965 0.340585
0.0966 0.340774
0.0967 0.341214
0.0968 0.341474
0.0969 0.341986
0.097 0.342197
0.0971 0.342555
0.0972 0.343206
0.0973 0.343457
0.0974 0.343886
0.0975 0.344157
0.0976 0.344582
0.0977 0.344988
0.0978 0.345348
0.0979 0.345547
0.098 0.345779
0.0981 0.345933
0.0982 0.346461
0.0983 0.346853
0.0984 0.346937
0.0985 0.347421
0.0986 0.347814
0.0987 0.348054
0.0988 0.348851
0.0989 0.349166
0.099 0.349442
0.0991 0.349913
0.0992 0.35021
0.0993 0.350407
0.0994 0.351062
0.0995 0.351561
0.0996 0.352096
0.0997 0.352302
0.0998 0.352814
0.0999 0.353068
0.1 0.353092
0.1001 0.353448
0.1002 0.35395
0.1003 0.35447
0.1004 0.354895
0.1005 0.355276
0.1006 0.355492
0.1007 0.355892
0.1008 0.356042
0.1009 0.356507
0.101 0.357123
0.1011 0.35766
0.1012 0.358056
0.1013 0.358285
0.1014 0.358772
0.1015 0.358938
0.1016 0.359331
0.1017 0.35955
0.1018 0.359638
0.1019 0.35995
0.102 0.360052
0.1021 0.360313
0.1022 0.360477
0.1023 0.360391
0.1024 0.36076
0.1025 0.361224
0.1026 0.361623
0.1027 0.36161
0.1028 0.361986
0.1029 0.362509
0.103 0.363403
0.1031 0.363793
0.1032 0.364195
0.1033 0.364404
0.1034 0.364392
0.1035 0.365135
0.1036 0.365697
0.1037 0.365996
0.1038 0.366245
0.1039 0.36639
0.104 0.366722
0.1041 0.367024
0.1042 0.367102
0.1043 0.367456
0.1044 0.367758
0.1045 0.368262
0.1046 0.368634
0.1047 0.369048
0.1048 0.369297
0.1049 0.369765
0.105 0.369951
0.1051 0.37003
0.1052 0.370312
0.1053 0.37074
0.1054 0.371188
0.1055 0.37206
0.1056 0.372553
0.1057 0.372827
0.1058 0.373368
0.1059 0.374011
0.106 0.374422
0.1061 0.374928
0.1062 0.375077
0.1063 0.375512
0.1064 0.375804
0.1065 0.376098
0.1066 0.376447
0.1067 0.376935
0.1068 0.377463
0.1069 0.377755
0.107 0.377996
0.1071 0.378424
0.1072 0.378618
0.1073 0.378984
0.1074 0.379365
0.1075 0.379574
0.1076 0.379918
0.1077 0.380328
0.1078 0.380877
0.1079 0.381556
0.108 0.381973
0.1081 0.38256
0.1082 0.382701
0.1083 0.383107
0.1084 0.383445
0.1085 0.38366
0.1086 0.384181
0.1087 0.384697
0.1088 0.385327
0.1089 0.38564
0.109 0.385897
0.1091 0.3861
0.1092 0.386061
0.1093 0.386491
0.1094 0.38677
0.1095 0.387438
0.1096 0.387796
0.1097 0.388242
0.1098 0.388922
0.1099 0.389078
0.11 0.389295
0.1101 0.389721
0.1102 0.390168
0.1103 0.390533
0.1104 0.39099
0.1105 0.391216
0.1106 0.391416
0.1107 0.391679
0.1108 0.392064
0.1109 0.392312
0.111 0.392313
0.1111 0.392546
0.1112 0.392726
0.1113 0.393142
0.1114 0.393686
0.1115 0.393918
