0 0
0.0001 0.000400402
0.0002 0.000804457
0.0003 0.00119204
0.0004 0.001603
0.0005 0.00201661
0.0006 0.00242351
0.0007 0.00282403
0.0008 0.00323322
0.0009 0.00362482
0.001 0.00401211
0.0011 0.00442825
0.0012 0.0048362
0.0013 0.00521686
0.0014 0.00562711
0.0015 0.00603459
0.0016 0.00644338
0.0017 0.00686198
0.0018 0.00724581
0.0019 0.00765267
0.002 0.00807868
0.0021 0.00847624
0.0022 0.00884434
0.0023 0.00921889
0.0024 0.00962387
0.0025 0.0100217
0.0026 0.0103829
0.0027 0.0108014
0.0028 0.0111722
0.0029 0.0115755
0.003 0.011942
0.0031 0.0123021
0.0032 0.0127322
0.0033 0.01312
0.0034 0.0135145
0.0035 0.0139082
0.0036 0.01432
0.0037 0.0146753
0.0038 0.0151089
0.0039 0.0154963
0.004 0.0158555
0.0041 0.0161877
0.0042 0.0165345
0.0043 0.0169448
0.0044 0.017392
0.0045 0.0178143
0.0046 0.0182229
0.0047 0.0185492
0.0048 0.0189475
0.0049 0.0193505
0.005 0.019697
0.0051 0.0200578
0.0052 0.0205046
0.0053 0.0208445
0.0054 0.0212457
0.0055 0.0216905
0.0056 0.0221446
0.0057 0.0225585
0.0058 0.0229391
0.0059 0.0234053
0.006 0.0238783
0.0061 0.024276
0.0062 0.0246668
0.0063 0.0251209
0.0064 0.0255162
0.0065 0.0259654
0.0066 0.0263426
0.0067 0.0267421
0.0068 0.0271254
0.0069 0.0274716
0.007 0.02791
0.0071 0.0282576
0.0072 0.028668
0.0073 0.029075
0.0074 0.0294789
0.0075 0.0299571
0.0076 0.0304199
0.0077 0.0307855
0.0078 0.0312494
0.0079 0.0317091
0.008 0.0320169
0.0081 0.0323721
0.0082 0.0328802
0.0083 0.0332822
0.0084 0.0337563
0.0085 0.034174
0.0086 0.0345208
0.0087 0.0348498
0.0088 0.035299
0.0089 0.0357213
0.009 0.036096
0.0091 0.0364906
0.0092 0.0369925
0.0093 0.037428
0.0094 0.0378589
0.0095 0.0382601
0.0096 0.0386514
0.0097 0.0390045
0.0098 0.0394453
0.0099 0.0398301
0.01 0.0401872
0.0101 0.0406488
0.0102 0.0410571
0.0103 0.0415125
0.0104 0.0419583
0.0105 0.0423208
0.0106 0.0428788
0.0107 0.0432724
0.0108 0.0436711
0.0109 0.0439543
0.011 0.0443465
0.0111 0.0447085
0.0112 0.045118
0.0113 0.0455219
0.0114 0.0459432
0.0115 0.0461328
0.0116 0.046572
0.0117 0.0468885
0.0118 0.0472052
0.0119 0.047581
0.012 0.048066
0.0121 0.0484004
0.0122 0.0487589
0.0123 0.049153
0.0124 0.0495717
0.0125 0.0500059
0.0126 0.0504023
0.0127 0.0508608
0.0128 0.0513359
0.0129 0.0517169
0.013 0.0521122
0.0131 0.0525922
0.0132 0.0529704
0.0133 0.0532505
0.0134 0.0535781
0.0135 0.0539289
0.0136 0.0541892
0.0137 0.0546786
0.0138 0.0550781
0.0139 0.0554277
0.014 0.0558357
0.0141 0.0562524
0.0142 0.0564947
0.0143 0.056898
0.0144 0.0572444
0.0145 0.0575609
0.0146 0.0580372
0.0147 0.05844
0.0148 0.0590083
0.0149 0.0593083
0.015 0.0596222
0.0151 0.0601892
0.0152 0.0606209
0.0153 0.061064
0.0154 0.0614558
0.0155 0.061898
0.0156 0.0622777
0.0157 0.0626483
0.0158 0.063099
0.0159 0.0634249
0.016 0.063964
0.0161 0.0643035
0.0162 0.0647434
0.0163 0.0651906
0.0164 0.0655427
0.0165 0.0658875
0.0166 0.0663784
0.0167 0.0667708
0.0168 0.0670906
0.0169 0.0674877
0.017 0.0677997
0.0171 0.0682206
0.0172 0.0685805
0.0173 0.0688614
0.0174 0.0692268
0.0175 0.0695989
0.0176 0.0699881
0.0177 0.0705057
0.0178 0.0708829
0.0179 0.0712211
0.018 0.0715768
0.0181 0.0719197
0.0182 0.0724084
0.0183 0.0728486
0.0184 0.0731979
0.0185 0.0735539
0.0186 0.0738582
0.0187 0.0741578
0.0188 0.0746952
0.0189 0.0750276
0.019 0.0753718
0.0191 0.0758305
0.0192 0.0761084
0.0193 0.0764286
0.0194 0.0767882
0.0195 0.0772623
0.0196 0.0777972
0.0197 0.078349
0.0198 0.0787747
0.0199 0.0792174
0.02 0.0795731
0.0201 0.0799536
0.0202 0.0803877
0.0203 0.0808091
0.0204 0.0812205
0.0205 0.0816037
0.0206 0.081987
0.0207 0.0825148
0.0208 0.0828574
0.0209 0.0832557
0.021 0.0836036
0.0211 0.0839859
0.0212 0.0843687
0.0213 0.0848593
0.0214 0.0852038
0.0215 0.0855666
0.0216 0.085901
0.0217 0.0862394
0.0218 0.0865665
0.0219 0.0869479
0.022 0.0872885
0.0221 0.0875737
0.0222 0.0879333
0.0223 0.0882339
0.0224 0.0886619
0.0225 0.0891189
0.0226 0.089426
0.0227 0.089819
0.0228 0.0901827
0.0229 0.0905869
0.023 0.0909887
0.0231 0.0913438
0.0232 0.0916464
0.0233 0.092034
0.0234 0.0925574
0.0235 0.0928206
0.0236 0.0932323
0.0237 0.0938623
0.0238 0.0941435
0.0239 0.0943991
0.024 0.0947051
0.0241 0.0951459
0.0242 0.0955542
0.0243 0.0958071
0.0244 0.0962158
0.0245 0.0966685
0.0246 0.0969507
0.0247 0.0973437
0.0248 0.0976314
0.0249 0.097882
0.025 0.0983996
0.0251 0.098662
0.0252 0.0990471
0.0253 0.0994027
0.0254 0.0997597
0.0255 0.100007
0.0256 0.100469
0.0257 0.101028
0.0258 0.101281
0.0259 0.101661
0.026 0.102082
0.0261 0.102455
0.0262 0.10266
0.0263 0.103101
0.0264 0.103547
0.0265 0.103969
0.0266 0.104414
0.0267 0.104779
0.0268 0.105223
0.0269 0.105387
0.027 0.105697
0.0271 0.10608
0.0272 0.106603
0.0273 0.106826
0.0274 0.107199
0.0275 0.107552
0.0276 0.107915
0.0277 0.108229
0.0278 0.108728
0.0279 0.10915
0.028 0.109602
0.0281 0.109934
0.0282 0.110305
0.0283 0.110734
0.0284 0.1112
0.0285 0.11164
0.0286 0.111979
0.0287 0.112364
0.0288 0.112737
0.0289 0.112888
0.029 0.113393
0.0291 0.113942
0.0292 0.114271
0.0293 0.114572
0.0294 0.115
0.0295 0.115366
0.0296 0.115625
0.0297 0.116016
0.0298 0.116276
0.0299 0.116636
0.03 0.116874
0.0301 0.117118
0.0302 0.11737
0.0303 0.11783
0.0304 0.118234
0.0305 0.118666
0.0306 0.118984
0.0307 0.11933
0.0308 0.119571
0.0309 0.119862
0.031 0.120352
0.0311 0.120704
0.0312 0.121146
0.0313 0.121584
0.0314 0.121831
0.0315 0.122255
0.0316 0.122518
0.0317 0.122994
0.0318 0.123545
0.0319 0.123804
0.032 0.124309
0.0321 0.12473
0.0322 0.125069
0.0323 0.125255
0.0324 0.125541
0.0325 0.12577
0.0326 0.126085
0.0327 0.126571
0.0328 0.127007
0.0329 0.12741
0.033 0.127504
0.0331 0.127681
0.0332 0.127909
0.0333 0.128334
0.0334 0.128701
0.0335 0.128992
0.0336 0.129292
0.0337 0.129601
0.0338 0.129942
0.0339 0.130203
0.034 0.130483
0.0341 0.130902
0.0342 0.131339
0.0343 0.131667
0.0344 0.132036
0.0345 0.132369
0.0346 0.132719
0.0347 0.133166
0.0348 0.133493
0.0349 0.133846
0.035 0.134096
0.0351 0.134649
0.0352 0.135185
0.0353 0.13547
0.0354 0.135632
0.0355 0.136006
0.0356 0.136381
0.0357 0.136692
0.0358 0.137376
0.0359 0.137841
0.036 0.138002
0.0361 0.138374
0.0362 0.138738
0.0363 0.139116
0.0364 0.139402
0.0365 0.139781
0.0366 0.140054
0.0367 0.140314
0.0368 0.140636
0.0369 0.140954
0.037 0.141151
0.0371 0.141501
0.0372 0.14176
0.0373 0.141955
0.0374 0.142104
0.0375 0.142521
0.0376 0.142907
0.0377 0.143196
0.0378 0.143748
0.0379 0.144019
0.038 0.144423
0.0381 0.144847
0.0382 0.144928
0.0383 0.145249
0.0384 0.145583
0.0385 0.145909
0.0386 0.146172
0.0387 0.146667
0.0388 0.146862
0.0389 0.147335
0.039 0.147749
0.0391 0.148156
0.0392 0.148415
0.0393 0.148839
0.0394 0.149213
0.0395 0.149622
0.0396 0.15007
0.0397 0.150599
0.0398 0.150946
0.0399 0.151341
0.04 0.151638
0.0401 0.152024
0.0402 0.152319
0.0403 0.152714
0.0404 0.152949
0.0405 0.153266
0.0406 0.153519
0.0407 0.153908
0.0408 0.154196
0.0409 0.154624
0.041 0.155006
0.0411 0.155381
0.0412 0.155806
0.0413 0.156214
0.0414 0.156758
0.0415 0.157144
0.0416 0.157539
0.0417 0.157899
0.0418 0.158088
0.0419 0.158478
0.042 0.158782
0.0421 0.159171
0.0422 0.15952
0.0423 0.159723
0.0424 0.160012
0.0425 0.160381
0.0426 0.160713
0.0427 0.160943
0.0428 0.161218
0.0429 0.161472
0.043 0.161877
0.0431 0.162214
0.0432 0.162482
0.0433 0.163086
0.0434 0.163339
0.0435 0.163743
0.0436 0.163954
0.0437 0.164307
0.0438 0.164728
0.0439 0.164953
0.044 0.165231
0.0441 0.165669
0.0442 0.166044
0.0443 0.166424
0.0444 0.166961
0.0445 0.167338
0.0446 0.167706
0.0447 0.168155
0.0448 0.168587
0.0449 0.168892
0.045 0.169367
0.0451 0.16966
0.0452 0.17005
0.0453 0.170396
0.0454 0.170983
0.0455 0.171199
0.0456 0.171538
0.0457 0.171755
0.0458 0.171943
0.0459 0.172042
0.046 0.172266
0.0461 0.172627
0.0462 0.172986
0.0463 0.173326
0.0464 0.173733
0.0465 0.174127
0.0466 0.174687
0.0467 0.175136
0.0468 0.175383
0.0469 0.175825
0.047 0.176216
0.0471 0.17648
0.0472 0.176926
0.0473 0.177295
0.0474 0.177524
0.0475 0.177911
0.0476 0.178207
0.0477 0.178354
0.0478 0.178768
0.0479 0.179223
0.048 0.179586
0.0481 0.179894
0.0482 0.180194
0.0483 0.18026
0.0484 0.180675
0.0485 0.181067
0.0486 0.181326
0.0487 0.181626
0.0488 0.182066
0.0489 0.182337
0.049 0.18258
0.0491 0.183006
0.0492 0.183555
0.0493 0.183683
0.0494 0.183965
0.0495 0.184197
0.0496 0.184538
0.0497 0.184972
0.0498 0.185329
0.0499 0.185673
0.05 0.185894
0.0501 0.186365
0.0502 0.186744
0.0503 0.187023
0.0504 0.187211
0.0505 0.187369
0.0506 0.187484
0.0507 0.187972
0.0508 0.188403
0.0509 0.188572
0.051 0.188749
0.0511 0.189085
0.0512 0.189246
0.0513 0.18967
0.0514 0.189913
0.0515 0.190354
0.0516 0.190897
0.0517 0.191118
0.0518 0.191203
0.0519 0.191512
0.052 0.19183
0.0521 0.191936
0.0522 0.192368
0.0523 0.192781
0.0524 0.193114
0.0525 0.193233
0.0526 0.19365
0.0527 0.193842
0.0528 0.194138
0.0529 0.194509
0.053 0.194667
0.0531 0.194895
0.0532 0.195324
0.0533 0.195834
0.0534 0.196104
0.0535 0.196498
0.0536 0.196707
0.0537 0.196852
0.0538 0.197408
0.0539 0.197739
0.054 0.198128
0.0541 0.198437
0.0542 0.198868
0.0543 0.199254
0.0544 0.199641
0.0545 0.199846
0.0546 0.200083
0.0547 0.200498
0.0548 0.201045
0.0549 0.201584
0.055 0.201726
0.0551 0.202018
0.0552 0.202449
0.0553 0.20286
0.0554 0.202827
0.0555 0.202932
0.0556 0.203321
0.0557 0.203833
0.0558 0.204135
0.0559 0.204446
0.056 0.20493
0.0561 0.205383
0.0562 0.205612
0.0563 0.20576
0.0564 0.206325
0.0565 0.206724
0.0566 0.207173
0.0567 0.207282
0.0568 0.207664
0.0569 0.208156
0.057 0.208444
0.0571 0.208919
0.0572 0.209361
0.0573 0.209786
0.0574 0.20998
0.0575 0.210331
0.0576 0.210585
0.0577 0.210685
0.0578 0.211062
0.0579 0.211466
0.058 0.21184
0.0581 0.212283
0.0582 0.212393
0.0583 0.212528
0.0584 0.213165
0.0585 0.213677
0.0586 0.214154
0.0587 0.214427
0.0588 0.214529
0.0589 0.214993
0.059 0.215131
0.0591 0.215551
0.0592 0.215848
0.0593 0.216282
0.0594 0.216636
0.0595 0.216959
0.0596 0.21727
0.0597 0.217561
0.0598 0.217906
0.0599 0.218275
0.06 0.218563
0.0601 0.218943
0.0602 0.21904
0.0603 0.21951
0.0604 0.219851
0.0605 0.220159
0.0606 0.220474
0.0607 0.220909
0.0608 0.221052
0.0609 0.221628
0.061 0.222066
0.0611 0.222567
0.0612 0.222678
0.0613 0.222943
0.0614 0.223055
0.0615 0.223303
0.0616 0.223483
0.0617 0.223809
0.0618 0.224164
0.0619 0.224404
0.062 0.224758
0.0621 0.225401
0.0622 0.225938
0.0623 0.226287
0.0624 0.226585
0.0625 0.226812
0.0626 0.227048
0.0627 0.227109
0.0628 0.227516
0.0629 0.227673
0.063 0.228127
0.0631 0.228569
0.0632 0.228939
0.0633 0.22928
0.0634 0.229835
0.0635 0.229987
0.0636 0.23003
0.0637 0.230201
0.0638 0.23027
0.0639 0.230566
0.064 0.230782
0.0641 0.231159
0.0642 0.231734
0.0643 0.231858
0.0644 0.232192
0.0645 0.232441
0.0646 0.232871
0.0647 0.232802
0.0648 0.233053
0.0649 0.233287
0.065 0.233581
0.0651 0.233921
0.0652 0.233951
0.0653 0.234621
0.0654 0.234889
0.0655 0.235366
0.0656 0.235796
0.0657 0.23608
0.0658 0.236536
0.0659 0.236772
0.066 0.237048
0.0661 0.237338
0.0662 0.237807
0.0663 0.238041
0.0664 0.238459
0.0665 0.238909
0.0666 0.23919
0.0667 0.239361
0.0668 0.239525
0.0669 0.239621
0.067 0.239995
0.0671 0.240341
0.0672 0.240927
0.0673 0.241148
0.0674 0.241546
0.0675 0.242108
0.0676 0.242402
0.0677 0.242925
0.0678 0.243301
0.0679 0.243658
0.068 0.244007
0.0681 0.244125
0.0682 0.244288
0.0683 0.244477
0.0684 0.245001
0.0685 0.245155
0.0686 0.245292
0.0687 0.245725
0.0688 0.246042
0.0689 0.246224
0.069 0.246675
0.0691 0.247063
0.0692 0.247402
0.0693 0.247782
0.0694 0.247946
0.0695 0.248454
0.0696 0.248901
0.0697 0.249035
0.0698 0.249569
0.0699 0.249791
0.07 0.250265
0.0701 0.250708
0.0702 0.251072
0.0703 0.251476
0.0704 0.25145
0.0705 0.25197
0.0706 0.252284
0.0707 0.2527
0.0708 0.252831
0.0709 0.25332
0.071 0.25322
0.0711 0.253586
0.0712 0.253882
0.0713 0.25423
0.0714 0.254756
0.0715 0.254714
0.0716 0.25522
0.0717 0.255515
0.0718 0.256169
0.0719 0.256506
0.072 0.256816
0.0721 0.257171
0.0722 0.257654
0.0723 0.257678
0.0724 0.257969
0.0725 0.258355
0.0726 0.258888
0.0727 0.259249
0.0728 0.259543
0.0729 0.259656
0.073 0.259988
0.0731 0.260521
0.0732 0.260946
0.0733 0.261154
0.0734 0.261409
0.0735 0.26172
0.0736 0.262063
0.0737 0.262324
0.0738 0.262597
0.0739 0.262924
0.074 0.263181
0.0741 0.263552
0.0742 0.263916
0.0743 0.264379
0.0744 0.264633
0.0745 0.265059
0.0746 0.265363
0.0747 0.265562
0.0748 0.265853
0.0749 0.266165
0.075 0.266374
0.0751 0.266841
0.0752 0.267119
0.0753 0.267614
0.0754 0.267964
0.0755 0.268217
0.0756 0.268542
0.0757 0.268779
0.0758 0.268868
0.0759 0.269317
0.076 0.269817
0.0761 0.270125
0.0762 0.270519
0.0763 0.270889
0.0764 0.271334
0.0765 0.271844
0.0766 0.272215
0.0767 0.2725
0.0768 0.272863
0.0769 0.273179
0.077 0.273528
0.0771 0.273652
0.0772 0.273958
0.0773 0.27438
0.0774 0.274789
0.0775 0.275172
0.0776 0.275088
0.0777 0.275712
0.0778 0.276038
0.0779 0.276147
0.078 0.276405
0.0781 0.276813
0.0782 0.276839
0.0783 0.277445
0.0784 0.277942
0.0785 0.278189
0.0786 0.278544
0.0787 0.279104
0.0788 0.279302
0.0789 0.279755
0.079 0.279988
0.0791 0.280313
0.0792 0.280659
0.0793 0.280961
0.0794 0.281273
0.0795 0.281672
0.0796 0.28226
0.0797 0.282492
0.0798 0.282721
0.0799 0.282952
0.08 0.283257
0.0801 0.283527
0.0802 0.283852
0.0803 0.283934
0.0804 0.284453
0.0805 0.284499
0.0806 0.284696
0.0807 0.285016
0.0808 0.285102
0.0809 0.284994
0.081 0.285194
0.0811 0.285656
0.0812 0.28616
0.0813 0.286546
0.0814 0.286762
0.0815 0.287258
0.0816 0.287596
0.0817 0.287802
0.0818 0.288391
0.0819 0.288433
0.082 0.288797
0.0821 0.288929
0.0822 0.289488
0.0823 0.28974
0.0824 0.290271
0.0825 0.290693
0.0826 0.291153
0.0827 0.291533
0.0828 0.292026
0.0829 0.292402
0.083 0.292636
0.0831 0.293049
0.0832 0.293225
0.0833 0.293426
0.0834 0.293875
0.0835 0.294097
0.0836 0.294329
0.0837 0.294393
0.0838 0.29486
0.0839 0.29544
0.084 0.295711
0.0841 0.295802
0.0842 0.295714
0.0843 0.296129
0.0844 0.296523
0.0845 0.296854
0.0846 0.297196
0.0847 0.297307
0.0848 0.297739
0.0849 0.297928
0.085 0.298143
0.0851 0.298321
0.0852 0.298603
0.0853 0.298918
0.0854 0.299381
0.0855 0.299511
0.0856 0.299943
0.0857 0.300422
0.0858 0.300714
0.0859 0.300813
0.086 0.301078
0.0861 0.301391
0.0862 0.301719
0.0863 0.301577
0.0864 0.301879
0.0865 0.30206
0.0866 0.302154
0.0867 0.302354
0.0868 0.302709
0.0869 0.303154
0.087 0.303628
0.0871 0.303671
0.0872 0.303791
0.0873 0.30409
0.0874 0.304672
0.0875 0.304783
0.0876 0.304812
0.0877 0.305356
0.0878 0.305623
0.0879 0.306207
0.088 0.306705
0.0881 0.307079
0.0882 0.307302
0.0883 0.307507
0.0884 0.307774
0.0885 0.308385
0.0886 0.308679
0.0887 0.308862
0.0888 0.309329
0.0889 0.309868
0.089 0.309968
0.0891 0.310153
0.0892 0.310493
0.0893 0.310617
0.0894 0.310688
0.0895 0.311135
0.0896 0.311608
0.0897 0.311946
0.0898 0.312246
0.0899 0.312553
0.09 0.312894
0.0901 0.31324
0.0902 0.313443
0.0903 0.313757
0.0904 0.31399
0.0905 0.314181
0.0906 0.314633
0.0907 0.314967
0.0908 0.315092
0.0909 0.315114
0.091 0.315269
0.0911 0.315472
0.0912 0.315758
0.0913 0.315933
0.0914 0.316075
0.0915 0.31614
0.0916 0.316445
0.0917 0.316637
0.0918 0.31702
0.0919 0.317517
0.092 0.317992
0.0921 0.31828
0.0922 0.318855
0.0923 0.319027
0.0924 0.319255
0.0925 0.319677
0.0926 0.32022
0.0927 0.320595
0.0928 0.320888
0.0929 0.320994
0.093 0.32135
0.0931 0.322219
0.0932 0.322781
0.0933 0.323105
0.0934 0.323162
0.0935 0.323613
0.0936 0.323865
0.0937 0.324201
0.0938 0.324808
0.0939 0.324789
0.094 0.325253
0.0941 0.32539
0.0942 0.325937
0.0943 0.326422
0.0944 0.326896
0.0945 0.327112
0.0946 0.327844
0.0947 0.328285
0.0948 0.328734
0.0949 0.329119
0.095 0.329524
0.0951 0.329761
0.0952 0.330201
0.0953 0.330715
0.0954 0.331183
0.0955 0.331318
0.0956 0.331571
0.0957 0.331762
0.0958 0.331817
0.0959 0.332162
0.096 0.332586
0.0961 0.33305
0.0962 0.333712
0.0963 0.334115
0.0964 0.334535
0.0965 0.334856
0.0966 0.335259
0.0967 0.335206
0.0968 0.335774
0.0969 0.336353
0.097 0.336417
0.0971 0.336625
0.0972 0.336712
0.0973 0.336853
0.0974 0.337191
0.0975 0.337493
0.0976 0.337857
0.0977 0.338417
0.0978 0.338528
0.0979 0.338713
0.098 0.338941
0.0981 0.339551
0.0982 0.339929
0.0983 0.340476
0.0984 0.340765
0.0985 0.340834
0.0986 0.341536
0.0987 0.34201
0.0988 0.34218
0.0989 0.342334
0.099 0.342709
0.0991 0.342779
0.0992 0.342959
0.0993 0.343283
0.0994 0.343491
0.0995 0.343972
0.0996 0.344216
0.0997 0.344707
0.0998 0.345021
0.0999 0.345028
0.1 0.345392
0.1001 0.345445
0.1002 0.345593
0.1003 0.345814
0.1004 0.346266
0.1005 0.346398
0.1006 0.346644
0.1007 0.347081
0.1008 0.347519
0.1009 0.347764
0.101 0.348301
0.1011 0.348558
0.1012 0.348498
0.1013 0.348879
0.1014 0.349441
0.1015 0.350056
0.1016 0.350205
0.1017 0.350516
0.1018 0.350789
0.1019 0.3511
0.102 0.351203
0.1021 0.351751
0.1022 0.352015
0.1023 0.352266
0.1024 0.352896
0.1025 0.353295
0.1026 0.35332
0.1027 0.353612
0.1028 0.353796
0.1029 0.354054
0.103 0.354314
0.1031 0.354702
0.1032 0.354928
0.1033 0.35528
0.1034 0.355689
0.1035 0.355849
0.1036 0.356211
0.1037 0.35651
0.1038 0.356981
0.1039 0.357246
0.104 0.357242
0.1041 0.357477
0.1042 0.357917
0.1043 0.358284
0.1044 0.358497
0.1045 0.358951
0.1046 0.359439
0.1047 0.359647
0.1048 0.360003
0.1049 0.360252
0.105 0.360482
0.1051 0.360864
0.1052 0.361123
0.1053 0.361265
0.1054 0.361494
0.1055 0.361803
0.1056 0.362185
0.1057 0.362669
0.1058 0.362919
0.1059 0.363201
0.106 0.363581
0.1061 0.363817
0.1062 0.36403
0.1063 0.364713
0.1064 0.364685
0.1065 0.364885
0.1066 0.365433
0.1067 0.365613
0.1068 0.366254
0.1069 0.366509
0.107 0.366679
0.1071 0.366756
0.1072 0.367062
0.1073 0.367383
0.1074 0.367757
0.1075 0.368033
0.1076 0.368498
0.1077 0.368775
0.1078 0.369045
0.1079 0.369182
0.108 0.369452
0.1081 0.369741
0.1082 0.369912
0.1083 0.370154
0.1084 0.370467
0.1085 0.370307
0.1086 0.370638
0.1087 0.370799
0.1088 0.371215
0.1089 0.371478
0.109 0.371935
0.1091 0.372202
0.1092 0.372777
0.1093 0.37285
0.1094 0.373611
0.1095 0.374069
0.1096 0.374408
0.1097 0.374812
0.1098 0.375032
0.1099 0.375026
0.11 0.375425
0.1101 0.375965
0.1102 0.376272
0.1103 0.376695
0.1104 0.377272
0.1105 0.377333
0.1106 0.37783
0.1107 0.378375
0.1108 0.378513
0.1109 0.378715
0.111 0.378868
0.1111 0.379076
0.1112 0.379382
0.1113 0.379557
0.1114 0.379869
0.1115 0.380228
