0 0
0.0001 0.000397792
0.0002 0.000805475
0.0003 0.00118678
0.0004 0.00158721
0.0005 0.00199064
0.0006 0.00239441
0.0007 0.00279379
0.0008 0.00318749
0.0009 0.00355537
0.001 0.00395484
0.0011 0.00440465
0.0012 0.00476275
0.0013 0.00514811
0.0014 0.00553993
0.0015 0.00591539
0.0016 0.00629501
0.0017 0.00669666
0.0018 0.00713154
0.0019 0.00753619
0.002 0.00795271
0.0021 0.00833225
0.0022 0.00872735
0.0023 0.00912983
0.0024 0.00948439
0.0025 0.0099087
0.0026 0.0103652
0.0027 0.0107735
0.0028 0.0112373
0.0029 0.0116113
0.003 0.012042
0.0031 0.0124362
0.0032 0.0128849
0.0033 0.0133355
0.0034 0.0137101
0.0035 0.0140825
0.0036 0.0144628
0.0037 0.014856
0.0038 0.0152308
0.0039 0.0156101
0.004 0.0159644
0.0041 0.0163914
0.0042 0.0167507
0.0043 0.0170995
0.0044 0.0174587
0.0045 0.0178885
0.0046 0.0183389
0.0047 0.0186862
0.0048 0.0190719
0.0049 0.0194553
0.005 0.019822
0.0051 0.0201774
0.0052 0.0205996
0.0053 0.0210146
0.0054 0.0214233
0.0055 0.0218042
0.0056 0.0222077
0.0057 0.0226045
0.0058 0.0229508
0.0059 0.0234506
0.006 0.023848
0.0061 0.0242587
0.0062 0.0247224
0.0063 0.0250881
0.0064 0.025471
0.0065 0.0258682
0.0066 0.0262197
0.0067 0.0266302
0.0068 0.027053
0.0069 0.0274864
0.007 0.02791
0.0071 0.0283006
0.0072 0.0286926
0.0073 0.0291229
0.0074 0.0295486
0.0075 0.0300704
0.0076 0.0304528
0.0077 0.0308485
0.0078 0.0312843
0.0079 0.0316756
0.008 0.0320334
0.0081 0.0324219
0.0082 0.0327334
0.0083 0.0331355
0.0084 0.033678
0.0085 0.0340225
0.0086 0.0343979
0.0087 0.0348522
0.0088 0.035292
0.0089 0.0356476
0.009 0.0359841
0.0091 0.0364738
0.0092 0.0369361
0.0093 0.0373983
0.0094 0.0377534
0.0095 0.0380322
0.0096 0.0384948
0.0097 0.0389088
0.0098 0.0393789
0.0099 0.0398277
0.01 0.0401894
0.0101 0.040659
0.0102 0.0410692
0.0103 0.041458
0.0104 0.0418532
0.0105 0.0421657
0.0106 0.0426319
0.0107 0.0430172
0.0108 0.0434487
0.0109 0.0437947
0.011 0.0440583
0.0111 0.04451
0.0112 0.0449309
0.0113 0.0453805
0.0114 0.0457463
0.0115 0.0461219
0.0116 0.0464679
0.0117 0.0468205
0.0118 0.0473143
0.0119 0.0477316
0.012 0.0480949
0.0121 0.0485318
0.0122 0.0490351
0.0123 0.0496217
0.0124 0.0499623
0.0125 0.0503829
0.0126 0.0508575
0.0127 0.0512678
0.0128 0.0516621
0.0129 0.0519672
0.013 0.0522707
0.0131 0.0526205
0.0132 0.0530493
0.0133 0.0533794
0.0134 0.0537462
0.0135 0.0541795
0.0136 0.054593
0.0137 0.0549483
0.0138 0.0553824
0.0139 0.0556861
0.014 0.0562117
0.0141 0.0566291
0.0142 0.0569356
0.0143 0.0573141
0.0144 0.0575862
0.0145 0.0580511
0.0146 0.0585115
0.0147 0.0589545
0.0148 0.0593906
0.0149 0.0598494
0.015 0.0601867
0.0151 0.060722
0.0152 0.0611294
0.0153 0.0615674
0.0154 0.0619869
0.0155 0.0623431
0.0156 0.0627853
0.0157 0.0631711
0.0158 0.0635753
0.0159 0.0639538
0.016 0.064286
0.0161 0.0646271
0.0162 0.0649732
0.0163 0.0652982
0.0164 0.0656766
0.0165 0.0661978
0.0166 0.0665584
0.0167 0.0667991
0.0168 0.0673247
0.0169 0.0676636
0.017 0.0680552
0.0171 0.0685297
0.0172 0.0689508
0.0173 0.0694201
0.0174 0.0697196
0.0175 0.0702271
0.0176 0.0706625
0.0177 0.0709768
0.0178 0.0713585
0.0179 0.071602
0.018 0.0720925
0.0181 0.0725133
0.0182 0.0729144
0.0183 0.0732567
0.0184 0.0736303
0.0185 0.0741237
0.0186 0.0743462
0.0187 0.0746217
0.0188 0.0751131
0.0189 0.0755145
0.019 0.0758979
0.0191 0.076312
0.0192 0.0766965
0.0193 0.0772092
0.0194 0.0775306
0.0195 0.0780262
0.0196 0.0784015
0.0197 0.0787691
0.0198 0.0791072
0.0199 0.0795276
0.02 0.0798678
0.0201 0.0802739
0.0202 0.0807121
0.0203 0.0810137
0.0204 0.0813046
0.0205 0.0816635
0.0206 0.0820464
0.0207 0.0823858
0.0208 0.0827493
0.0209 0.0833048
0.021 0.0836384
0.0211 0.0841087
0.0212 0.0845478
0.0213 0.0849827
0.0214 0.0854338
0.0215 0.0858334
0.0216 0.0860779
0.0217 0.0865876
0.0218 0.0870196
0.0219 0.0873794
0.022 0.0877817
0.0221 0.0881763
0.0222 0.0884627
0.0223 0.0888681
0.0224 0.0891574
0.0225 0.08946
0.0226 0.0898556
0.0227 0.0903154
0.0228 0.0907394
0.0229 0.0912828
0.023 0.0917093
0.0231 0.0921252
0.0232 0.0925809
0.0233 0.0930266
0.0234 0.0935872
0.0235 0.0939674
0.0236 0.0944242
0.0237 0.0949465
0.0238 0.0954451
0.0239 0.0958018
0.024 0.096217
0.0241 0.096552
0.0242 0.096866
0.0243 0.0972705
0.0244 0.0978883
0.0245 0.0982296
0.0246 0.0987779
0.0247 0.099187
0.0248 0.0995866
0.0249 0.099852
0.025 0.100324
0.0251 0.100636
0.0252 0.100913
0.0253 0.101216
0.0254 0.101657
0.0255 0.102111
0.0256 0.102502
0.0257 0.102886
0.0258 0.103278
0.0259 0.103591
0.026 0.103955
0.0261 0.104179
0.0262 0.104437
0.0263 0.104718
0.0264 0.10506
0.0265 0.105546
0.0266 0.106037
0.0267 0.106453
0.0268 0.106947
0.0269 0.107458
0.027 0.107959
0.0271 0.108329
0.0272 0.108641
0.0273 0.10897
0.0274 0.109173
0.0275 0.109606
0.0276 0.109982
0.0277 0.110297
0.0278 0.110703
0.0279 0.110958
0.028 0.111215
0.0281 0.111591
0.0282 0.112017
0.0283 0.112524
0.0284 0.113109
0.0285 0.113511
0.0286 0.11375
0.0287 0.114084
0.0288 0.114459
0.0289 0.114878
0.029 0.115115
0.0291 0.115273
0.0292 0.115757
0.0293 0.116125
0.0294 0.116503
0.0295 0.116958
0.0296 0.117303
0.0297 0.117576
0.0298 0.118054
0.0299 0.118432
0.03 0.119022
0.0301 0.119425
0.0302 0.119769
0.0303 0.120084
0.0304 0.120498
0.0305 0.120866
0.0306 0.121341
0.0307 0.121642
0.0308 0.122045
0.0309 0.12256
0.031 0.12276
0.0311 0.123193
0.0312 0.123587
0.0313 0.12391
0.0314 0.124283
0.0315 0.124517
0.0316 0.124877
0.0317 0.125165
0.0318 0.125518
0.0319 0.125843
0.032 0.12614
0.0321 0.126483
0.0322 0.126939
0.0323 0.12746
0.0324 0.127853
0.0325 0.128143
0.0326 0.128389
0.0327 0.128653
0.0328 0.128883
0.0329 0.129268
0.033 0.129675
0.0331 0.129951
0.0332 0.130295
0.0333 0.130557
0.0334 0.130848
0.0335 0.131304
0.0336 0.131843
0.0337 0.132236
0.0338 0.13255
0.0339 0.132794
0.034 0.133008
0.0341 0.133331
0.0342 0.133566
0.0343 0.134026
0.0344 0.134525
0.0345 0.13485
0.0346 0.135079
0.0347 0.135454
0.0348 0.135858
0.0349 0.136093
0.035 0.136532
0.0351 0.13702
0.0352 0.137185
0.0353 0.137605
0.0354 0.137996
0.0355 0.138156
0.0356 0.138443
0.0357 0.13887
0.0358 0.139204
0.0359 0.139539
0.036 0.139865
0.0361 0.140386
0.0362 0.14092
0.0363 0.141305
0.0364 0.141773
0.0365 0.142222
0.0366 0.142471
0.0367 0.142741
0.0368 0.143062
0.0369 0.143526
0.037 0.144014
0.0371 0.14434
0.0372 0.14469
0.0373 0.145142
0.0374 0.145619
0.0375 0.145973
0.0376 0.146241
0.0377 0.146608
0.0378 0.146958
0.0379 0.147204
0.038 0.147606
0.0381 0.148044
0.0382 0.14841
0.0383 0.1489
0.0384 0.149316
0.0385 0.149672
0.0386 0.150254
0.0387 0.150537
0.0388 0.15098
0.0389 0.151127
0.039 0.151262
0.0391 0.151501
0.0392 0.151918
0.0393 0.152234
0.0394 0.152483
0.0395 0.152932
0.0396 0.153365
0.0397 0.153679
0.0398 0.154149
0.0399 0.154486
0.04 0.154869
0.0401 0.155017
0.0402 0.155422
0.0403 0.155755
0.0404 0.156122
0.0405 0.156398
0.0406 0.156623
0.0407 0.156857
0.0408 0.157404
0.0409 0.15772
0.041 0.158049
0.0411 0.158354
0.0412 0.158675
0.0413 0.159003
0.0414 0.159199
0.0415 0.159447
0.0416 0.159691
0.0417 0.159938
0.0418 0.160328
0.0419 0.160764
0.042 0.161151
0.0421 0.161486
0.0422 0.161764
0.0423 0.162193
0.0424 0.162483
0.0425 0.162832
0.0426 0.16308
0.0427 0.163513
0.0428 0.163891
0.0429 0.164476
0.043 0.164618
0.0431 0.165024
0.0432 0.165247
0.0433 0.165569
0.0434 0.165902
0.0435 0.166269
0.0436 0.166602
0.0437 0.166701
0.0438 0.166949
0.0439 0.167373
0.044 0.167672
0.0441 0.168005
0.0442 0.168379
0.0443 0.168828
0.0444 0.169163
0.0445 0.169508
0.0446 0.169976
0.0447 0.170321
0.0448 0.170684
0.0449 0.171181
0.045 0.171515
0.0451 0.171846
0.0452 0.172313
0.0453 0.172521
0.0454 0.172589
0.0455 0.173062
0.0456 0.173656
0.0457 0.173937
0.0458 0.174367
0.0459 0.174808
0.046 0.175051
0.0461 0.17551
0.0462 0.175968
0.0463 0.176301
0.0464 0.176685
0.0465 0.177032
0.0466 0.177363
0.0467 0.177781
0.0468 0.178149
0.0469 0.17842
0.047 0.17882
0.0471 0.179093
0.0472 0.179214
0.0473 0.179621
0.0474 0.180017
0.0475 0.180606
0.0476 0.180818
0.0477 0.181356
0.0478 0.181527
0.0479 0.181914
0.048 0.182332
0.0481 0.182737
0.0482 0.183232
0.0483 0.183573
0.0484 0.183734
0.0485 0.184167
0.0486 0.184626
0.0487 0.18487
0.0488 0.185121
0.0489 0.185503
0.049 0.185731
0.0491 0.186133
0.0492 0.186749
0.0493 0.187122
0.0494 0.187395
0.0495 0.187878
0.0496 0.188091
0.0497 0.188284
0.0498 0.188759
0.0499 0.188987
0.05 0.189157
0.0501 0.189366
0.0502 0.189761
0.0503 0.190061
0.0504 0.190595
0.0505 0.190966
0.0506 0.191173
0.0507 0.191645
0.0508 0.192137
0.0509 0.192491
0.051 0.192719
0.0511 0.193126
0.0512 0.193558
0.0513 0.193895
0.0514 0.19438
0.0515 0.194548
0.0516 0.19496
0.0517 0.195213
0.0518 0.195461
0.0519 0.19573
0.052 0.196086
0.0521 0.196569
0.0522 0.197044
0.0523 0.197208
0.0524 0.197356
0.0525 0.197565
0.0526 0.197968
0.0527 0.198333
0.0528 0.198706
0.0529 0.198918
0.053 0.199331
0.0531 0.199741
0.0532 0.199859
0.0533 0.20025
0.0534 0.200462
0.0535 0.200808
0.0536 0.2011
0.0537 0.201622
0.0538 0.20194
0.0539 0.202125
0.054 0.202316
0.0541 0.202879
0.0542 0.2029
0.0543 0.203138
0.0544 0.20342
0.0545 0.203769
0.0546 0.204162
0.0547 0.204499
0.0548 0.205022
0.0549 0.205321
0.055 0.205362
0.0551 0.205836
0.0552 0.206041
0.0553 0.206391
0.0554 0.206678
0.0555 0.207029
0.0556 0.207552
0.0557 0.208033
0.0558 0.208425
0.0559 0.208634
0.056 0.2091
0.0561 0.209281
0.0562 0.209672
0.0563 0.209956
0.0564 0.210293
0.0565 0.21073
0.0566 0.21097
0.0567 0.211466
0.0568 0.211714
0.0569 0.211921
0.057 0.212294
0.0571 0.212231
0.0572 0.212527
0.0573 0.212991
0.0574 0.213318
0.0575 0.213526
0.0576 0.213789
0.0577 0.214046
0.0578 0.214192
0.0579 0.214644
0.058 0.215081
0.0581 0.215487
0.0582 0.215624
0.0583 0.215929
0.0584 0.216336
0.0585 0.216774
0.0586 0.216979
0.0587 0.217226
0.0588 0.217575
0.0589 0.217679
0.059 0.218209
0.0591 0.218508
0.0592 0.218869
0.0593 0.219213
0.0594 0.219755
0.0595 0.220116
0.0596 0.22034
0.0597 0.220767
0.0598 0.221179
0.0599 0.221485
0.06 0.221853
0.0601 0.222051
0.0602 0.222266
0.0603 0.222661
0.0604 0.223103
0.0605 0.223457
0.0606 0.223633
0.0607 0.223723
0.0608 0.224132
0.0609 0.224338
0.061 0.224836
0.0611 0.225286
0.0612 0.225685
0.0613 0.226098
0.0614 0.226639
0.0615 0.227053
0.0616 0.227429
0.0617 0.227849
0.0618 0.228057
0.0619 0.228419
0.062 0.228855
0.0621 0.229104
0.0622 0.229469
0.0623 0.229885
0.0624 0.230357
0.0625 0.230576
0.0626 0.230414
0.0627 0.230608
0.0628 0.231162
0.0629 0.231556
0.063 0.23211
0.0631 0.232503
0.0632 0.233037
0.0633 0.233492
0.0634 0.233747
0.0635 0.234056
0.0636 0.23434
0.0637 0.234728
0.0638 0.235038
0.0639 0.235407
0.064 0.23586
0.0641 0.236361
0.0642 0.236706
0.0643 0.236986
0.0644 0.237102
0.0645 0.237431
0.0646 0.237761
0.0647 0.2383
0.0648 0.238518
0.0649 0.23885
0.065 0.2391
0.0651 0.239415
0.0652 0.239903
0.0653 0.240152
0.0654 0.240505
0.0655 0.24106
0.0656 0.241431
0.0657 0.241784
0.0658 0.24235
0.0659 0.242954
0.066 0.243337
0.0661 0.243904
0.0662 0.244488
0.0663 0.244694
0.0664 0.245013
0.0665 0.245383
0.0666 0.245647
0.0667 0.245926
0.0668 0.246129
0.0669 0.246575
0.067 0.246971
0.0671 0.247315
0.0672 0.247634
0.0673 0.248033
0.0674 0.24824
0.0675 0.248371
0.0676 0.248816
0.0677 0.249093
0.0678 0.249243
0.0679 0.249656
0.068 0.249991
0.0681 0.250599
0.0682 0.250759
0.0683 0.250965
0.0684 0.251374
0.0685 0.251618
0.0686 0.251872
0.0687 0.252168
0.0688 0.252415
0.0689 0.252623
0.069 0.252824
0.0691 0.252915
0.0692 0.253332
0.0693 0.254013
0.0694 0.254452
0.0695 0.254891
0.0696 0.255127
0.0697 0.255376
0.0698 0.255528
0.0699 0.255693
0.07 0.255783
0.0701 0.256199
0.0702 0.256388
0.0703 0.25667
0.0704 0.257049
0.0705 0.257549
0.0706 0.257592
0.0707 0.257451
0.0708 0.257732
0.0709 0.258016
0.071 0.25842
0.0711 0.258642
0.0712 0.258903
0.0713 0.259218
0.0714 0.259718
0.0715 0.259954
0.0716 0.260133
0.0717 0.260559
0.0718 0.260885
0.0719 0.261231
0.072 0.261698
0.0721 0.26191
0.0722 0.262207
0.0723 0.26273
0.0724 0.263105
0.0725 0.263352
0.0726 0.26356
0.0727 0.263979
0.0728 0.264226
0.0729 0.264799
0.073 0.26485
0.0731 0.264883
0.0732 0.265443
0.0733 0.265733
0.0734 0.265889
0.0735 0.266225
0.0736 0.266647
0.0737 0.267134
0.0738 0.267647
0.0739 0.267952
0.074 0.268224
0.0741 0.268646
0.0742 0.269082
0.0743 0.26949
0.0744 0.269653
0.0745 0.269799
0.0746 0.27014
0.0747 0.27071
0.0748 0.270967
0.0749 0.271369
0.075 0.271846
0.0751 0.272174
0.0752 0.272336
0.0753 0.272537
0.0754 0.272881
0.0755 0.273303
0.0756 0.273304
0.0757 0.273612
0.0758 0.274067
0.0759 0.274237
0.076 0.274812
0.0761 0.275066
0.0762 0.275154
0.0763 0.275395
0.0764 0.275545
0.0765 0.275675
0.0766 0.27624
0.0767 0.276611
0.0768 0.276967
0.0769 0.277402
0.077 0.277666
0.0771 0.27778
0.0772 0.277989
0.0773 0.27817
0.0774 0.278497
0.0775 0.278666
0.0776 0.27904
0.0777 0.279315
0.0778 0.27963
0.0779 0.279706
0.078 0.279909
0.0781 0.280374
0.0782 0.280788
0.0783 0.280915
0.0784 0.28125
0.0785 0.281675
0.0786 0.281964
0.0787 0.282641
0.0788 0.282914
0.0789 0.283148
0.079 0.283394
0.0791 0.283609
0.0792 0.283862
0.0793 0.284075
0.0794 0.284342
0.0795 0.28461
0.0796 0.284955
0.0797 0.285227
0.0798 0.285573
0.0799 0.285712
0.08 0.286275
0.0801 0.286635
0.0802 0.287157
0.0803 0.287566
0.0804 0.287718
0.0805 0.287755
0.0806 0.288082
0.0807 0.288337
0.0808 0.288907
0.0809 0.28937
0.081 0.289933
0.0811 0.290215
0.0812 0.290205
0.0813 0.290595
0.0814 0.29064
0.0815 0.290918
0.0816 0.29143
0.0817 0.291746
0.0818 0.292029
0.0819 0.292252
0.082 0.292438
0.0821 0.292601
0.0822 0.292969
0.0823 0.293302
0.0824 0.293511
0.0825 0.293562
0.0826 0.294104
0.0827 0.294361
0.0828 0.294501
0.0829 0.294862
0.083 0.295138
0.0831 0.295271
0.0832 0.295482
0.0833 0.295844
0.0834 0.296048
0.0835 0.296393
0.0836 0.296813
0.0837 0.297192
0.0838 0.297697
0.0839 0.29779
0.084 0.298243
0.0841 0.298727
0.0842 0.299224
0.0843 0.299946
0.0844 0.300039
0.0845 0.300394
0.0846 0.300761
0.0847 0.301144
0.0848 0.301664
0.0849 0.302111
0.085 0.30256
0.0851 0.302927
0.0852 0.303239
0.0853 0.30364
0.0854 0.303774
0.0855 0.304124
0.0856 0.304374
0.0857 0.304483
0.0858 0.304818
0.0859 0.304924
0.086 0.305372
0.0861 0.305638
0.0862 0.306016
0.0863 0.306345
0.0864 0.306698
0.0865 0.307003
0.0866 0.307257
0.0867 0.307688
0.0868 0.308049
0.0869 0.308347
0.087 0.308733
0.0871 0.308924
0.0872 0.309197
0.0873 0.309584
0.0874 0.309743
0.0875 0.310181
0.0876 0.310489
0.0877 0.310881
0.0878 0.31121
0.0879 0.311502
0.088 0.311866
0.0881 0.312314
0.0882 0.312368
0.0883 0.31242
0.0884 0.312964
0.0885 0.313411
0.0886 0.313633
0.0887 0.314066
0.0888 0.314341
0.0889 0.314682
0.089 0.315052
0.0891 0.315338
0.0892 0.315496
0.0893 0.315699
0.0894 0.315897
0.0895 0.316029
0.0896 0.31631
0.0897 0.316563
0.0898 0.316879
0.0899 0.316919
0.09 0.31728
0.0901 0.317441
0.0902 0.317767
0.0903 0.31796
0.0904 0.318364
0.0905 0.318755
0.0906 0.319055
0.0907 0.319243
0.0908 0.319858
0.0909 0.320106
0.091 0.32006
0.0911 0.320611
0.0912 0.320911
0.0913 0.321438
0.0914 0.321687
0.0915 0.321906
0.0916 0.322384
0.0917 0.322607
0.0918 0.322883
0.0919 0.323199
0.092 0.323657
0.0921 0.32413
0.0922 0.324702
0.0923 0.325104
0.0924 0.325311
0.0925 0.32584
0.0926 0.326065
0.0927 0.326526
0.0928 0.326932
0.0929 0.327186
0.093 0.327434
0.0931 0.327654
0.0932 0.327746
0.0933 0.328182
0.0934 0.328648
0.0935 0.329045
0.0936 0.329188
0.0937 0.329539
0.0938 0.329821
0.0939 0.330302
0.094 0.330573
0.0941 0.331001
0.0942 0.331396
0.0943 0.331778
0.0944 0.33205
0.0945 0.33245
0.0946 0.333049
0.0947 0.333302
0.0948 0.333419
0.0949 0.333809
0.095 0.33402
0.0951 0.334377
0.0952 0.334867
0.0953 0.334984
0.0954 0.335283
0.0955 0.335833
0.0956 0.336373
0.0957 0.336655
0.0958 0.336977
0.0959 0.337618
0.096 0.338022
0.0961 0.338432
0.0962 0.338697
0.0963 0.339009
0.0964 0.33916
0.0965 0.339505
0.0966 0.339947
0.0967 0.34009
0.0968 0.340721
0.0969 0.340984
0.097 0.341247
0.0971 0.341456
0.0972 0.341982
0.0973 0.342211
0.0974 0.342487
0.0975 0.342646
0.0976 0.342561
0.0977 0.342937
0.0978 0.343346
0.0979 0.343675
0.098 0.343859
0.0981 0.344257
0.0982 0.34453
0.0983 0.344789
0.0984 0.345026
0.0985 0.345086
0.0986 0.34573
0.0987 0.345937
0.0988 0.346177
0.0989 0.346677
0.099 0.347258
0.0991 0.347377
0.0992 0.347778
0.0993 0.348131
0.0994 0.348819
0.0995 0.349068
0.0996 0.349165
0.0997 0.349457
0.0998 0.349746
0.0999 0.349828
0.1 0.350081
0.1001 0.350475
0.1002 0.350861
0.1003 0.351216
0.1004 0.351662
0.1005 0.351904
0.1006 0.352322
0.1007 0.35238
0.1008 0.352526
0.1009 0.352695
0.101 0.352998
0.1011 0.353333
0.1012 0.353612
0.1013 0.354068
0.1014 0.354482
0.1015 0.354971
0.1016 0.355085
0.1017 0.355636
0.1018 0.356129
0.1019 0.3562
0.102 0.356622
0.1021 0.357125
0.1022 0.357396
0.1023 0.357936
0.1024 0.358421
0.1025 0.358715
0.1026 0.358541
0.1027 0.358782
0.1028 0.359248
0.1029 0.359789
0.103 0.360368
0.1031 0.360717
0.1032 0.361182
0.1033 0.361749
0.1034 0.362345
0.1035 0.362745
0.1036 0.362839
0.1037 0.363202
0.1038 0.363659
0.1039 0.364007
0.104 0.364656
0.1041 0.364659
0.1042 0.364751
0.1043 0.365167
0.1044 0.365754
0.1045 0.366007
0.1046 0.36653
0.1047 0.367004
0.1048 0.367421
0.1049 0.367485
0.105 0.367663
0.1051 0.367579
0.1052 0.367755
0.1053 0.368107
0.1054 0.368418
0.1055 0.368922
0.1056 0.36927
0.1057 0.369807
0.1058 0.369972
0.1059 0.370018
0.106 0.370294
0.1061 0.370829
0.1062 0.370949
0.1063 0.371447
0.1064 0.371649
0.1065 0.371744
0.1066 0.372174
0.1067 0.372724
0.1068 0.372876
0.1069 0.373024
0.107 0.373316
0.1071 0.373694
0.1072 0.373913
0.1073 0.374218
0.1074 0.374688
0.1075 0.374985
0.1076 0.375062
0.1077 0.375624
0.1078 0.375798
0.1079 0.376375
0.108 0.376828
0.1081 0.3772
0.1082 0.377402
0.1083 0.3778
0.1084 0.378268
0.1085 0.378616
0.1086 0.379033
0.1087 0.379235
0.1088 0.379462
0.1089 0.379932
0.109 0.380374
0.1091 0.380829
0.1092 0.381183
0.1093 0.381225
0.1094 0.381406
0.1095 0.381602
0.1096 0.382127
0.1097 0.382602
0.1098 0.382796
0.1099 0.383231
0.11 0.383808
0.1101 0.384101
0.1102 0.384398
0.1103 0.384794
0.1104 0.385145
0.1105 0.38546
0.1106 0.385688
0.1107 0.386064
0.1108 0.386768
0.1109 0.387355
0.111 0.387596
0.1111 0.388056
0.1112 0.388437
0.1113 0.38846
0.1114 0.388632
0.1115 0.388982
