0 0
0.0001 0.000404657
0.0002 0.000813724
0.0003 0.00120886
0.0004 0.00161837
0.0005 0.00201708
0.0006 0.00240221
0.0007 0.00281761
0.0008 0.00318792
0.0009 0.00360282
0.001 0.00400165
0.0011 0.00440471
0.0012 0.00481156
0.0013 0.00520934
0.0014 0.00561843
0.0015 0.00602123
0.0016 0.00644992
0.0017 0.00682726
0.0018 0.00721338
0.0019 0.00763427
0.002 0.00804833
0.0021 0.00847819
0.0022 0.00887652
0.0023 0.00926171
0.0024 0.00966016
0.0025 0.0100883
0.0026 0.0104619
0.0027 0.0108925
0.0028 0.0112821
0.0029 0.0117059
0.003 0.0120266
0.0031 0.0124238
0.0032 0.0128431
0.0033 0.0132603
0.0034 0.0136351
0.0035 0.0140128
0.0036 0.0143957
0.0037 0.0148119
0.0038 0.0152141
0.0039 0.0155729
0.004 0.0159791
0.0041 0.0164292
0.0042 0.0168391
0.0043 0.017223
0.0044 0.0175466
0.0045 0.0179638
0.0046 0.0183757
0.0047 0.0187689
0.0048 0.0192333
0.0049 0.0196363
0.005 0.0200611
0.0051 0.020467
0.0052 0.0209041
0.0053 0.0213063
0.0054 0.0216985
0.0055 0.0220927
0.0056 0.0224568
0.0057 0.0229295
0.0058 0.02336
0.0059 0.0237251
0.006 0.0241767
0.0061 0.0246245
0.0062 0.0250294
0.0063 0.0254208
0.0064 0.025888
0.0065 0.0262055
0.0066 0.0265715
0.0067 0.0269586
0.0068 0.0272603
0.0069 0.0276722
0.007 0.0279469
0.0071 0.0284032
0.0072 0.0287811
0.0073 0.0291479
0.0074 0.0295488
0.0075 0.0298294
0.0076 0.0301449
0.0077 0.0306395
0.0078 0.0309907
0.0079 0.0314215
0.008 0.0318081
0.0081 0.0322611
0.0082 0.0326326
0.0083 0.0329826
0.0084 0.0333407
0.0085 0.0337089
0.0086 0.0341113
0.0087 0.0345055
0.0088 0.0349009
0.0089 0.0352999
0.009 0.0357138
0.0091 0.0361253
0.0092 0.036477
0.0093 0.036808
0.0094 0.0371078
0.0095 0.0375247
0.0096 0.0378784
0.0097 0.038211
0.0098 0.038603
0.0099 0.0390026
0.01 0.0393962
0.0101 0.0397822
0.0102 0.0401882
0.0103 0.0405611
0.0104 0.0409311
0.0105 0.0412323
0.0106 0.0416121
0.0107 0.0419677
0.0108 0.0423855
0.0109 0.0427995
0.011 0.0431645
0.0111 0.0436013
0.0112 0.0440979
0.0113 0.0445676
0.0114 0.0449809
0.0115 0.0454197
0.0116 0.0458408
0.0117 0.0461372
0.0118 0.0465201
0.0119 0.0469123
0.012 0.0473329
0.0121 0.0476286
0.0122 0.048012
0.0123 0.0483784
0.0124 0.0487744
0.0125 0.0491853
0.0126 0.0494289
0.0127 0.0498893
0.0128 0.0502473
0.0129 0.0506148
0.013 0.0510083
0.0131 0.0514131
0.0132 0.0519215
0.0133 0.0522923
0.0134 0.0527561
0.0135 0.0530666
0.0136 0.0534132
0.0137 0.0537888
0.0138 0.0542747
0.0139 0.0546384
0.014 0.0550154
0.0141 0.0553818
0.0142 0.0558031
0.0143 0.0562188
0.0144 0.056573
0.0145 0.0569094
0.0146 0.0574208
0.0147 0.0578506
0.0148 0.0582987
0.0149 0.0586572
0.015 0.0589195
0.0151 0.0594018
0.0152 0.0597151
0.0153 0.0599744
0.0154 0.0604153
0.0155 0.0607459
0.0156 0.0611374
0.0157 0.0614998
0.0158 0.0618788
0.0159 0.0623307
0.016 0.0627231
0.0161 0.0631701
0.0162 0.0635238
0.0163 0.0639092
0.0164 0.0642411
0.0165 0.0646039
0.0166 0.0651212
0.0167 0.0654984
0.0168 0.0657724
0.0169 0.0662845
0.017 0.0666658
0.0171 0.067057
0.0172 0.0674606
0.0173 0.0677802
0.0174 0.068171
0.0175 0.0686189
0.0176 0.0690418
0.0177 0.0694343
0.0178 0.0698208
0.0179 0.0702024
0.018 0.0707631
0.0181 0.0711444
0.0182 0.071455
0.0183 0.0720961
0.0184 0.0725148
0.0185 0.0729021
0.0186 0.0733003
0.0187 0.0737423
0.0188 0.07415
0.0189 0.0746162
0.019 0.0749172
0.0191 0.0754019
0.0192 0.0759054
0.0193 0.076376
0.0194 0.0768971
0.0195 0.0772644
0.0196 0.077641
0.0197 0.0779926
0.0198 0.0783558
0.0199 0.0788494
0.02 0.0792469
0.0201 0.0796916
0.0202 0.0801411
0.0203 0.0806445
0.0204 0.0811762
0.0205 0.0815836
0.0206 0.081971
0.0207 0.0825276
0.0208 0.0829194
0.0209 0.0831516
0.021 0.0836487
0.0211 0.0840209
0.0212 0.0844886
0.0213 0.0849002
0.0214 0.0853591
0.0215 0.085755
0.0216 0.0860751
0.0217 0.0864032
0.0218 0.0868922
0.0219 0.0872438
0.022 0.0875965
0.0221 0.0879268
0.0222 0.0882806
0.0223 0.0886234
0.0224 0.089057
0.0225 0.089374
0.0226 0.0896303
0.0227 0.0901678
0.0228 0.0905566
0.0229 0.0907877
0.023 0.0912555
0.0231 0.0916146
0.0232 0.0920028
0.0233 0.0924462
0.0234 0.0928672
0.0235 0.0932805
0.0236 0.0936741
0.0237 0.0941542
0.0238 0.094615
0.0239 0.094962
0.024 0.0954544
0.0241 0.0957653
0.0242 0.0960541
0.0243 0.0964736
0.0244 0.0969515
0.0245 0.0973319
0.0246 0.0977071
0.0247 0.0980976
0.0248 0.0983788
0.0249 0.09881
0.025 0.099233
0.0251 0.0993773
0.0252 0.0997677
0.0253 0.100107
0.0254 0.100377
0.0255 0.100897
0.0256 0.101281
0.0257 0.101663
0.0258 0.102004
0.0259 0.102452
0.026 0.102802
0.0261 0.103093
0.0262 0.103502
0.0263 0.103811
0.0264 0.104251
0.0265 0.104627
0.0266 0.105001
0.0267 0.105467
0.0268 0.10565
0.0269 0.106224
0.027 0.106555
0.0271 0.106925
0.0272 0.107435
0.0273 0.10766
0.0274 0.108117
0.0275 0.108453
0.0276 0.108878
0.0277 0.10927
0.0278 0.109636
0.0279 0.109997
0.028 0.110338
0.0281 0.110553
0.0282 0.110826
0.0283 0.111238
0.0284 0.111604
0.0285 0.111984
0.0286 0.11234
0.0287 0.112823
0.0288 0.113209
0.0289 0.113575
0.029 0.11415
0.0291 0.114577
0.0292 0.114963
0.0293 0.11522
0.0294 0.115637
0.0295 0.116101
0.0296 0.116307
0.0297 0.116527
0.0298 0.116799
0.0299 0.117155
0.03 0.117643
0.0301 0.118008
0.0302 0.118318
0.0303 0.11881
0.0304 0.119207
0.0305 0.119406
0.0306 0.119649
0.0307 0.120264
0.0308 0.120583
0.0309 0.121072
0.031 0.121391
0.0311 0.121735
0.0312 0.122016
0.0313 0.122258
0.0314 0.122678
0.0315 0.123071
0.0316 0.123414
0.0317 0.123864
0.0318 0.124255
0.0319 0.124549
0.032 0.124867
0.0321 0.125235
0.0322 0.125421
0.0323 0.125929
0.0324 0.126474
0.0325 0.126748
0.0326 0.127093
0.0327 0.127441
0.0328 0.127826
0.0329 0.128012
0.033 0.128298
0.0331 0.128656
0.0332 0.129004
0.0333 0.129551
0.0334 0.13
0.0335 0.130364
0.0336 0.130692
0.0337 0.131061
0.0338 0.131456
0.0339 0.131698
0.034 0.13214
0.0341 0.132514
0.0342 0.132868
0.0343 0.133253
0.0344 0.133614
0.0345 0.13398
0.0346 0.134281
0.0347 0.134599
0.0348 0.135077
0.0349 0.135277
0.035 0.135426
0.0351 0.135879
0.0352 0.136246
0.0353 0.136644
0.0354 0.137116
0.0355 0.13753
0.0356 0.137875
0.0357 0.13824
0.0358 0.138638
0.0359 0.138926
0.036 0.139266
0.0361 0.139353
0.0362 0.139684
0.0363 0.140022
0.0364 0.140414
0.0365 0.140815
0.0366 0.14123
0.0367 0.141689
0.0368 0.142057
0.0369 0.142457
0.037 0.142678
0.0371 0.142849
0.0372 0.143182
0.0373 0.143548
0.0374 0.143982
0.0375 0.144293
0.0376 0.144643
0.0377 0.144953
0.0378 0.145118
0.0379 0.145484
0.038 0.145996
0.0381 0.146239
0.0382 0.146428
0.0383 0.146811
0.0384 0.147236
0.0385 0.147568
0.0386 0.147829
0.0387 0.148218
0.0388 0.148583
0.0389 0.148826
0.039 0.14928
0.0391 0.149522
0.0392 0.150032
0.0393 0.15022
0.0394 0.150513
0.0395 0.150847
0.0396 0.151046
0.0397 0.151506
0.0398 0.15175
0.0399 0.152178
0.04 0.152443
0.0401 0.152854
0.0402 0.153242
0.0403 0.153649
0.0404 0.153995
0.0405 0.15414
0.0406 0.154624
0.0407 0.154771
0.0408 0.155227
0.0409 0.155379
0.041 0.155817
0.0411 0.15614
0.0412 0.156756
0.0413 0.157174
0.0414 0.157516
0.0415 0.157887
0.0416 0.158458
0.0417 0.158849
0.0418 0.159184
0.0419 0.159576
0.042 0.160094
0.0421 0.160391
0.0422 0.160809
0.0423 0.161373
0.0424 0.161642
0.0425 0.161862
0.0426 0.16226
0.0427 0.162536
0.0428 0.162908
0.0429 0.163136
0.043 0.163413
0.0431 0.163639
0.0432 0.164066
0.0433 0.164221
0.0434 0.164522
0.0435 0.164826
0.0436 0.165139
0.0437 0.165546
0.0438 0.165901
0.0439 0.166333
0.044 0.166639
0.0441 0.166984
0.0442 0.167272
0.0443 0.167653
0.0444 0.168077
0.0445 0.168432
0.0446 0.168637
0.0447 0.169294
0.0448 0.169768
0.0449 0.170171
0.045 0.170501
0.0451 0.170885
0.0452 0.17122
0.0453 0.171716
0.0454 0.172093
0.0455 0.172346
0.0456 0.172678
0.0457 0.172974
0.0458 0.173442
0.0459 0.17392
0.046 0.174297
0.0461 0.174689
0.0462 0.174787
0.0463 0.175066
0.0464 0.175127
0.0465 0.175462
0.0466 0.175808
0.0467 0.176251
0.0468 0.176481
0.0469 0.176744
0.047 0.177016
0.0471 0.177278
0.0472 0.177605
0.0473 0.177807
0.0474 0.178102
0.0475 0.178587
0.0476 0.179087
0.0477 0.17941
0.0478 0.179721
0.0479 0.179902
0.048 0.18009
0.0481 0.180239
0.0482 0.180358
0.0483 0.180725
0.0484 0.181269
0.0485 0.1818
0.0486 0.181919
0.0487 0.182316
0.0488 0.182665
0.0489 0.182971
0.049 0.183088
0.0491 0.183435
0.0492 0.18368
0.0493 0.18395
0.0494 0.184236
0.0495 0.184374
0.0496 0.184771
0.0497 0.185129
0.0498 0.185359
0.0499 0.185819
0.05 0.18626
0.0501 0.186755
0.0502 0.187038
0.0503 0.187493
0.0504 0.187665
0.0505 0.187902
0.0506 0.188186
0.0507 0.188791
0.0508 0.189005
0.0509 0.189311
0.051 0.189371
0.0511 0.189932
0.0512 0.190335
0.0513 0.19067
0.0514 0.190868
0.0515 0.191198
0.0516 0.191693
0.0517 0.192066
0.0518 0.192485
0.0519 0.193066
0.052 0.193398
0.0521 0.193662
0.0522 0.193963
0.0523 0.194362
0.0524 0.194482
0.0525 0.194756
0.0526 0.195111
0.0527 0.195387
0.0528 0.195673
0.0529 0.196082
0.053 0.196365
0.0531 0.196665
0.0532 0.197095
0.0533 0.197359
0.0534 0.197697
0.0535 0.198106
0.0536 0.198412
0.0537 0.19869
0.0538 0.199061
0.0539 0.199277
0.054 0.199513
0.0541 0.199662
0.0542 0.200086
0.0543 0.200349
0.0544 0.200588
0.0545 0.200874
0.0546 0.201117
0.0547 0.201293
0.0548 0.201801
0.0549 0.202062
0.055 0.202274
0.0551 0.202645
0.0552 0.202763
0.0553 0.203283
0.0554 0.203664
0.0555 0.203952
0.0556 0.204248
0.0557 0.204603
0.0558 0.204847
0.0559 0.205147
0.056 0.2054
0.0561 0.205785
0.0562 0.206249
0.0563 0.206709
0.0564 0.207072
0.0565 0.207479
0.0566 0.2078
0.0567 0.207904
0.0568 0.208323
0.0569 0.208508
0.057 0.208743
0.0571 0.209085
0.0572 0.209341
0.0573 0.209505
0.0574 0.209709
0.0575 0.209912
0.0576 0.210112
0.0577 0.210412
0.0578 0.210769
0.0579 0.211325
0.058 0.211826
0.0581 0.212246
0.0582 0.212666
0.0583 0.2131
0.0584 0.213577
0.0585 0.213829
0.0586 0.214398
0.0587 0.21475
0.0588 0.215024
0.0589 0.215015
0.059 0.21563
0.0591 0.215823
0.0592 0.216215
0.0593 0.216682
0.0594 0.216826
0.0595 0.217331
0.0596 0.217284
0.0597 0.217483
0.0598 0.217896
0.0599 0.218234
0.06 0.218535
0.0601 0.218588
0.0602 0.218814
0.0603 0.219414
0.0604 0.219848
0.0605 0.220223
0.0606 0.220694
0.0607 0.220838
0.0608 0.221244
0.0609 0.221676
0.061 0.221912
0.0611 0.222114
0.0612 0.222574
0.0613 0.223025
0.0614 0.223234
0.0615 0.223607
0.0616 0.22387
0.0617 0.224228
0.0618 0.224489
0.0619 0.22477
0.062 0.225093
0.0621 0.225442
0.0622 0.225852
0.0623 0.22611
0.0624 0.226545
0.0625 0.226872
0.0626 0.227027
0.0627 0.227493
0.0628 0.227715
0.0629 0.228025
0.063 0.228429
0.0631 0.228881
0.0632 0.229148
0.0633 0.22933
0.0634 0.229768
0.0635 0.230031
0.0636 0.230631
0.0637 0.231089
0.0638 0.231398
0.0639 0.231535
0.064 0.231959
0.0641 0.232128
0.0642 0.23273
0.0643 0.233243
0.0644 0.233586
0.0645 0.2339
0.0646 0.234176
0.0647 0.234621
0.0648 0.234855
0.0649 0.235234
0.065 0.235729
0.0651 0.236009
0.0652 0.236295
0.0653 0.236848
0.0654 0.237216
0.0655 0.237547
0.0656 0.237753
0.0657 0.238025
0.0658 0.238381
0.0659 0.238596
0.066 0.239201
0.0661 0.239689
0.0662 0.240151
0.0663 0.240584
0.0664 0.240977
0.0665 0.241381
0.0666 0.241563
0.0667 0.242107
0.0668 0.24232
0.0669 0.242861
0.067 0.243259
0.0671 0.243522
0.0672 0.243702
0.0673 0.244102
0.0674 0.244499
0.0675 0.244891
0.0676 0.24515
0.0677 0.245628
0.0678 0.245955
0.0679 0.246439
0.068 0.246636
0.0681 0.246876
0.0682 0.247273
0.0683 0.247488
0.0684 0.247953
0.0685 0.248475
0.0686 0.249
0.0687 0.249503
0.0688 0.249693
0.0689 0.25026
0.069 0.250489
0.0691 0.250943
0.0692 0.251412
0.0693 0.252037
0.0694 0.252191
0.0695 0.252534
0.0696 0.253025
0.0697 0.253497
0.0698 0.253559
0.0699 0.25396
0.07 0.254122
0.0701 0.254463
0.0702 0.255006
0.0703 0.255301
0.0704 0.255779
0.0705 0.25624
0.0706 0.256468
0.0707 0.257031
0.0708 0.257364
0.0709 0.257547
0.071 0.258145
0.0711 0.258526
0.0712 0.2589
0.0713 0.259137
0.0714 0.259402
0.0715 0.259686
0.0716 0.260247
0.0717 0.260363
0.0718 0.26052
0.0719 0.260953
0.072 0.261222
0.0721 0.261555
0.0722 0.261676
0.0723 0.261835
0.0724 0.262069
0.0725 0.262395
0.0726 0.262622
0.0727 0.262806
0.0728 0.263359
0.0729 0.263739
0.073 0.264183
0.0731 0.264188
0.0732 0.26444
0.0733 0.264755
0.0734 0.265152
0.0735 0.265503
0.0736 0.265813
0.0737 0.266052
0.0738 0.26645
0.0739 0.266879
0.074 0.267177
0.0741 0.267588
0.0742 0.267965
0.0743 0.268363
0.0744 0.268691
0.0745 0.268801
0.0746 0.269115
0.0747 0.269469
0.0748 0.269808
0.0749 0.270217
0.075 0.270594
0.0751 0.27074
0.0752 0.271196
0.0753 0.271887
0.0754 0.271973
0.0755 0.272222
0.0756 0.272288
0.0757 0.272299
0.0758 0.272689
0.0759 0.273205
0.076 0.273573
0.0761 0.273986
0.0762 0.274226
0.0763 0.274559
0.0764 0.274851
0.0765 0.275186
0.0766 0.275352
0.0767 0.275833
0.0768 0.276235
0.0769 0.276659
0.077 0.276807
0.0771 0.277105
0.0772 0.277422
0.0773 0.277411
0.0774 0.277748
0.0775 0.278026
0.0776 0.278383
0.0777 0.278607
0.0778 0.278973
0.0779 0.279229
0.078 0.279789
0.0781 0.280294
0.0782 0.28048
0.0783 0.280564
0.0784 0.280804
0.0785 0.281141
0.0786 0.281711
0.0787 0.28194
0.0788 0.282286
0.0789 0.282436
0.079 0.282896
0.0791 0.283241
0.0792 0.283737
0.0793 0.284151
0.0794 0.28437
0.0795 0.284732
0.0796 0.285055
0.0797 0.285202
0.0798 0.285486
0.0799 0.285577
0.08 0.285655
0.0801 0.286073
0.0802 0.286333
0.0803 0.28652
0.0804 0.286849
0.0805 0.287147
0.0806 0.287627
0.0807 0.287929
0.0808 0.288131
0.0809 0.288484
0.081 0.288656
0.0811 0.288931
0.0812 0.289474
0.0813 0.290015
0.0814 0.290158
0.0815 0.290541
0.0816 0.290814
0.0817 0.290795
0.0818 0.291088
0.0819 0.291516
0.082 0.291995
0.0821 0.292641
0.0822 0.293125
0.0823 0.293344
0.0824 0.293662
0.0825 0.294196
0.0826 0.294391
0.0827 0.294896
0.0828 0.295514
0.0829 0.29568
0.083 0.295992
0.0831 0.296342
0.0832 0.296669
0.0833 0.29695
0.0834 0.297108
0.0835 0.29745
0.0836 0.297611
0.0837 0.298077
0.0838 0.2984
0.0839 0.298904
0.084 0.299134
0.0841 0.299504
0.0842 0.299709
0.0843 0.29979
0.0844 0.300049
0.0845 0.300357
0.0846 0.300837
0.0847 0.301141
0.0848 0.301689
0.0849 0.302254
0.085 0.302429
0.0851 0.302549
0.0852 0.302579
0.0853 0.303155
0.0854 0.303507
0.0855 0.303578
0.0856 0.303636
0.0857 0.303939
0.0858 0.304422
0.0859 0.304537
0.086 0.30476
0.0861 0.30496
0.0862 0.305118
0.0863 0.305465
0.0864 0.305598
0.0865 0.306208
0.0866 0.306519
0.0867 0.307207
0.0868 0.307621
0.0869 0.307706
0.087 0.307905
0.0871 0.30833
0.0872 0.308812
0.0873 0.308987
0.0874 0.309309
0.0875 0.309906
0.0876 0.309867
0.0877 0.310122
0.0878 0.310704
0.0879 0.310888
0.088 0.311293
0.0881 0.311652
0.0882 0.312281
0.0883 0.31275
0.0884 0.312983
0.0885 0.313224
0.0886 0.31342
0.0887 0.313941
0.0888 0.314096
0.0889 0.314804
0.089 0.31537
0.0891 0.315689
0.0892 0.316164
0.0893 0.316255
0.0894 0.316689
0.0895 0.317179
0.0896 0.317506
0.0897 0.318322
0.0898 0.318769
0.0899 0.319222
0.09 0.319449
0.0901 0.319772
0.0902 0.319883
0.0903 0.320354
0.0904 0.320574
0.0905 0.320916
0.0906 0.321335
0.0907 0.321709
0.0908 0.322299
0.0909 0.322734
0.091 0.323073
0.0911 0.323369
0.0912 0.323758
0.0913 0.324028
0.0914 0.324284
0.0915 0.324393
0.0916 0.324664
0.0917 0.32484
0.0918 0.325285
0.0919 0.325537
0.092 0.325917
0.0921 0.326328
0.0922 0.326328
0.0923 0.326631
0.0924 0.326755
0.0925 0.32703
0.0926 0.327512
0.0927 0.327701
0.0928 0.327877
0.0929 0.328384
0.093 0.328464
0.0931 0.328906
0.0932 0.329259
0.0933 0.329593
0.0934 0.33018
0.0935 0.330669
0.0936 0.330801
0.0937 0.330967
0.0938 0.331154
0.0939 0.331646
0.094 0.332233
0.0941 0.332358
0.0942 0.332701
0.0943 0.333061
0.0944 0.333222
0.0945 0.333625
0.0946 0.333389
0.0947 0.333749
0.0948 0.334123
0.0949 0.334256
0.095 0.334699
0.0951 0.335021
0.0952 0.335472
0.0953 0.335536
0.0954 0.335816
0.0955 0.336512
0.0956 0.336606
0.0957 0.336817
0.0958 0.336858
0.0959 0.337213
0.096 0.337661
0.0961 0.337741
0.0962 0.338055
0.0963 0.33832
0.0964 0.338262
0.0965 0.338532
0.0966 0.338838
0.0967 0.3392
0.0968 0.339501
0.0969 0.339749
0.097 0.340148
0.0971 0.340642
0.0972 0.341077
0.0973 0.341455
0.0974 0.341972
0.0975 0.342184
0.0976 0.342214
0.0977 0.342315
0.0978 0.342617
0.0979 0.342934
0.098 0.343087
0.0981 0.343391
0.0982 0.343885
0.0983 0.34403
0.0984 0.344291
0.0985 0.344454
0.0986 0.345032
0.0987 0.345223
0.0988 0.345547
0.0989 0.346158
0.099 0.346358
0.0991 0.346899
0.0992 0.347034
0.0993 0.347293
0.0994 0.347431
0.0995 0.347975
0.0996 0.348213
0.0997 0.348591
0.0998 0.34909
0.0999 0.349515
0.1 0.349681
0.1001 0.349947
0.1002 0.350054
0.1003 0.350277
0.1004 0.350394
0.1005 0.350855
0.1006 0.350872
0.1007 0.351253
0.1008 0.351572
0.1009 0.351997
0.101 0.352349
0.1011 0.352609
0.1012 0.35289
0.1013 0.353366
0.1014 0.353702
0.1015 0.353918
0.1016 0.354085
0.1017 0.354549
0.1018 0.354706
0.1019 0.354849
0.102 0.355266
0.1021 0.355729
0.1022 0.356068
0.1023 0.356323
0.1024 0.356643
0.1025 0.356892
0.1026 0.357396
0.1027 0.357474
0.1028 0.357658
0.1029 0.357929
0.103 0.358244
0.1031 0.358522
0.1032 0.358841
0.1033 0.359184
0.1034 0.35958
0.1035 0.359926
0.1036 0.360252
0.1037 0.360457
0.1038 0.360675
0.1039 0.360951
0.104 0.36134
0.1041 0.361402
0.1042 0.361554
0.1043 0.362021
0.1044 0.362516
0.1045 0.363047
0.1046 0.363423
0.1047 0.363886
0.1048 0.36409
0.1049 0.364325
0.105 0.364749
0.1051 0.365044
0.1052 0.365531
0.1053 0.365732
0.1054 0.36619
0.1055 0.366427
0.1056 0.366884
0.1057 0.367379
0.1058 0.367766
0.1059 0.368136
0.106 0.368377
0.1061 0.368713
0.1062 0.369126
0.1063 0.369559
0.1064 0.369699
0.1065 0.3698
0.1066 0.370244
0.1067 0.370454
0.1068 0.370966
0.1069 0.371253
0.107 0.371787
0.1071 0.371972
0.1072 0.372185
0.1073 0.372509
0.1074 0.372765
0.1075 0.373006
0.1076 0.373077
0.1077 0.373401
0.1078 0.373698
0.1079 0.374019
0.108 0.374259
0.1081 0.374377
0.1082 0.374846
0.1083 0.375352
0.1084 0.375487
0.1085 0.37571
0.1086 0.376023
0.1087 0.376273
0.1088 0.37649
0.1089 0.377116
0.109 0.377469
0.1091 0.377788
0.1092 0.37808
0.1093 0.378568
0.1094 0.378828
0.1095 0.379183
0.1096 0.379532
0.1097 0.37987
0.1098 0.380473
0.1099 0.380784
0.11 0.380956
0.1101 0.381449
0.1102 0.381825
0.1103 0.382488
0.1104 0.38281
0.1105 0.383295
0.1106 0.383441
0.1107 0.383694
0.1108 0.383938
0.1109 0.384452
0.111 0.384608
0.1111 0.384649
0.1112 0.384964
0.1113 0.385546
0.1114 0.385447
0.1115 0.386075
