0 0
0.0001 0.000398133
0.0002 0.000804083
0.0003 0.00119256
0.0004 0.0015916
0.0005 0.00199438
0.0006 0.00239714
0.0007 0.0028137
0.0008 0.00321693
0.0009 0.00360028
0.001 0.00400543
0.0011 0.0044079
0.0012 0.00480041
0.0013 0.0051943
0.0014 0.00554092
0.0015 0.00594563
0.0016 0.00632783
0.0017 0.00671911
0.0018 0.00712436
0.0019 0.00753815
0.002 0.00795266
0.0021 0.00835386
0.0022 0.00875094
0.0023 0.00914149
0.0024 0.0095709
0.0025 0.00998074
0.0026 0.0103907
0.0027 0.0107935
0.0028 0.0111626
0.0029 0.0115243
0.003 0.0119239
0.0031 0.0123191
0.0032 0.0127799
0.0033 0.0132072
0.0034 0.0136128
0.0035 0.0139978
0.0036 0.0143783
0.0037 0.0147787
0.0038 0.0152469
0.0039 0.0157126
0.004 0.0161134
0.0041 0.016524
0.0042 0.01693
0.0043 0.0172981
0.0044 0.0177114
0.0045 0.0180872
0.0046 0.0184904
0.0047 0.0188539
0.0048 0.0193021
0.0049 0.019722
0.005 0.0201292
0.0051 0.0205638
0.0052 0.0209231
0.0053 0.0214026
0.0054 0.0218244
0.0055 0.0221605
0.0056 0.0225786
0.0057 0.0229815
0.0058 0.0234234
0.0059 0.0238547
0.006 0.0242879
0.0061 0.0246745
0.0062 0.0251105
0.0063 0.0255007
0.0064 0.0258748
0.0065 0.0261725
0.0066 0.0266032
0.0067 0.0270799
0.0068 0.0274151
0.0069 0.0278054
0.007 0.0283059
0.0071 0.0286965
0.0072 0.0290361
0.0073 0.0294076
0.0074 0.0297777
0.0075 0.0301342
0.0076 0.0304795
0.0077 0.0308589
0.0078 0.0313421
0.0079 0.0317454
0.008 0.0320964
0.0081 0.0325279
0.0082 0.0329043
0.0083 0.0332392
0.0084 0.0336527
0.0085 0.0341357
0.0086 0.0345383
0.0087 0.0349403
0.0088 0.0353625
0.0089 0.0357553
0.009 0.0362489
0.0091 0.0366228
0.0092 0.0369915
0.0093 0.0373197
0.0094 0.0377287
0.0095 0.0381
0.0096 0.0385105
0.0097 0.0389056
0.0098 0.0393622
0.0099 0.0397562
0.01 0.0403072
0.0101 0.0405422
0.0102 0.0408323
0.0103 0.0412525
0.0104 0.0417467
0.0105 0.0421836
0.0106 0.0426739
0.0107 0.0429724
0.0108 0.0432879
0.0109 0.043623
0.011 0.0440458
0.0111 0.0443723
0.0112 0.0448509
0.0113 0.0452769
0.0114 0.0456627
0.0115 0.0462066
0.0116 0.04662
0.0117 0.0469843
0.0118 0.0472987
0.0119 0.0477162
0.012 0.0482437
0.0121 0.048628
0.0122 0.0490294
0.0123 0.0495158
0.0124 0.0499263
0.0125 0.0503414
0.0126 0.0507135
0.0127 0.0511018
0.0128 0.0514832
0.0129 0.0518283
0.013 0.0522171
0.0131 0.052515
0.0132 0.0528325
0.0133 0.0532924
0.0134 0.0536901
0.0135 0.0541141
0.0136 0.0545406
0.0137 0.0548367
0.0138 0.0553103
0.0139 0.0557898
0.014 0.0562005
0.0141 0.0566111
0.0142 0.0569753
0.0143 0.0572922
0.0144 0.0577335
0.0145 0.0581112
0.0146 0.0584041
0.0147 0.0588644
0.0148 0.0593401
0.0149 0.0597349
0.015 0.0601303
0.0151 0.0604666
0.0152 0.0609038
0.0153 0.0613319
0.0154 0.06175
0.0155 0.0622218
0.0156 0.0625725
0.0157 0.06301
0.0158 0.0634551
0.0159 0.0638459
0.016 0.0642724
0.0161 0.0645761
0.0162 0.0649823
0.0163 0.0652837
0.0164 0.0657126
0.0165 0.0660951
0.0166 0.0664287
0.0167 0.0667985
0.0168 0.0672185
0.0169 0.0676222
0.017 0.0680471
0.0171 0.06837
0.0172 0.0687555
0.0173 0.0690415
0.0174 0.069555
0.0175 0.0700279
0.0176 0.0704202
0.0177 0.0707794
0.0178 0.0711364
0.0179 0.0714967
0.018 0.0718402
0.0181 0.0722956
0.0182 0.0727148
0.0183 0.073077
0.0184 0.0733423
0.0185 0.073771
0.0186 0.0741745
0.0187 0.0744981
0.0188 0.0748705
0.0189 0.0752445
0.019 0.0757064
0.0191 0.0761572
0.0192 0.0764146
0.0193 0.0768102
0.0194 0.0772644
0.0195 0.0775907
0.0196 0.077938
0.0197 0.0783326
0.0198 0.0787065
0.0199 0.0791936
0.02 0.0796898
0.0201 0.0799645
0.0202 0.0802983
0.0203 0.0807064
0.0204 0.0810755
0.0205 0.0814731
0.0206 0.0819283
0.0207 0.0822459
0.0208 0.0826508
0.0209 0.0830255
0.021 0.0833678
0.0211 0.0837123
0.0212 0.0840935
0.0213 0.0843189
0.0214 0.0848058
0.0215 0.0852541
0.0216 0.0856154
0.0217 0.0861012
0.0218 0.0865294
0.0219 0.086856
0.022 0.087072
0.0221 0.0874763
0.0222 0.0879186
0.0223 0.088235
0.0224 0.0888362
0.0225 0.0890972
0.0226 0.0894246
0.0227 0.08975
0.0228 0.0900921
0.0229 0.0903854
0.023 0.0908885
0.0231 0.0913506
0.0232 0.0917196
0.0233 0.0921541
0.0234 0.0925411
0.0235 0.0927194
0.0236 0.0929725
0.0237 0.0933545
0.0238 0.0936734
0.0239 0.093888
0.024 0.0942519
0.0241 0.0946523
0.0242 0.0951704
0.0243 0.0954203
0.0244 0.095909
0.0245 0.0962945
0.0246 0.0966072
0.0247 0.0971633
0.0248 0.09748
0.0249 0.0978639
0.025 0.09811
0.0251 0.0984462
0.0252 0.0988447
0.0253 0.0990727
0.0254 0.0993995
0.0255 0.0997792
0.0256 0.100155
0.0257 0.100421
0.0258 0.10071
0.0259 0.101101
0.026 0.101335
0.0261 0.10174
0.0262 0.102159
0.0263 0.102586
0.0264 0.102973
0.0265 0.103533
0.0266 0.103842
0.0267 0.104163
0.0268 0.104643
0.0269 0.104984
0.027 0.105176
0.0271 0.105686
0.0272 0.106013
0.0273 0.106294
0.0274 0.1066
0.0275 0.106961
0.0276 0.107394
0.0277 0.107859
0.0278 0.10827
0.0279 0.108682
0.028 0.10897
0.0281 0.109379
0.0282 0.109626
0.0283 0.109836
0.0284 0.110181
0.0285 0.110611
0.0286 0.111088
0.0287 0.111539
0.0288 0.111928
0.0289 0.112259
0.029 0.112584
0.0291 0.112988
0.0292 0.113588
0.0293 0.113711
0.0294 0.114084
0.0295 0.11445
0.0296 0.114891
0.0297 0.115142
0.0298 0.115489
0.0299 0.11589
0.03 0.116252
0.0301 0.116702
0.0302 0.117189
0.0303 0.117462
0.0304 0.11777
0.0305 0.11824
0.0306 0.118519
0.0307 0.118886
0.0308 0.119256
0.0309 0.119483
0.031 0.119794
0.0311 0.12011
0.0312 0.120288
0.0313 0.120499
0.0314 0.120853
0.0315 0.121173
0.0316 0.121517
0.0317 0.121957
0.0318 0.122313
0.0319 0.122705
0.032 0.123238
0.0321 0.123699
0.0322 0.124022
0.0323 0.124472
0.0324 0.124896
0.0325 0.125227
0.0326 0.125703
0.0327 0.126129
0.0328 0.126431
0.0329 0.126749
0.033 0.127061
0.0331 0.127604
0.0332 0.12792
0.0333 0.128312
0.0334 0.128499
0.0335 0.128839
0.0336 0.129108
0.0337 0.129519
0.0338 0.129777
0.0339 0.130176
0.034 0.130434
0.0341 0.130832
0.0342 0.131169
0.0343 0.131239
0.0344 0.131528
0.0345 0.131798
0.0346 0.132318
0.0347 0.132653
0.0348 0.13301
0.0349 0.133421
0.035 0.133776
0.0351 0.134073
0.0352 0.134486
0.0353 0.13498
0.0354 0.135505
0.0355 0.136135
0.0356 0.136614
0.0357 0.137149
0.0358 0.13753
0.0359 0.137979
0.036 0.138281
0.0361 0.13855
0.0362 0.138973
0.0363 0.139321
0.0364 0.139528
0.0365 0.139699
0.0366 0.139965
0.0367 0.140236
0.0368 0.140572
0.0369 0.140846
0.037 0.141175
0.0371 0.141412
0.0372 0.141815
0.0373 0.142007
0.0374 0.142443
0.0375 0.142836
0.0376 0.143378
0.0377 0.143794
0.0378 0.144169
0.0379 0.144499
0.038 0.144753
0.0381 0.144952
0.0382 0.145331
0.0383 0.14574
0.0384 0.145988
0.0385 0.146254
0.0386 0.146571
0.0387 0.146883
0.0388 0.147285
0.0389 0.147607
0.039 0.148004
0.0391 0.148219
0.0392 0.148545
0.0393 0.148875
0.0394 0.149199
0.0395 0.149598
0.0396 0.149854
0.0397 0.150086
0.0398 0.150636
0.0399 0.15104
0.04 0.151338
0.0401 0.151916
0.0402 0.152162
0.0403 0.15259
0.0404 0.152573
0.0405 0.152871
0.0406 0.153322
0.0407 0.153793
0.0408 0.154362
0.0409 0.154704
0.041 0.155295
0.0411 0.155588
0.0412 0.155975
0.0413 0.156358
0.0414 0.156467
0.0415 0.156932
0.0416 0.157291
0.0417 0.15775
0.0418 0.158076
0.0419 0.158358
0.042 0.158653
0.0421 0.159144
0.0422 0.159361
0.0423 0.159525
0.0424 0.16012
0.0425 0.160514
0.0426 0.160914
0.0427 0.161258
0.0428 0.161553
0.0429 0.161938
0.043 0.162309
0.0431 0.162711
0.0432 0.163104
0.0433 0.163387
0.0434 0.163854
0.0435 0.164334
0.0436 0.16471
0.0437 0.164998
0.0438 0.165243
0.0439 0.165508
0.044 0.16585
0.0441 0.166312
0.0442 0.166503
0.0443 0.16681
0.0444 0.167213
0.0445 0.167602
0.0446 0.168044
0.0447 0.16852
0.0448 0.169073
0.0449 0.169463
0.045 0.169914
0.0451 0.170355
0.0452 0.170491
0.0453 0.170814
0.0454 0.171221
0.0455 0.171532
0.0456 0.171764
0.0457 0.172123
0.0458 0.172472
0.0459 0.17287
0.046 0.173296
0.0461 0.173901
0.0462 0.174278
0.0463 0.174647
0.0464 0.175228
0.0465 0.175548
0.0466 0.175656
0.0467 0.17595
0.0468 0.176233
0.0469 0.176475
0.047 0.176937
0.0471 0.177197
0.0472 0.177767
0.0473 0.17821
0.0474 0.178533
0.0475 0.179071
0.0476 0.17926
0.0477 0.179409
0.0478 0.179683
0.0479 0.179881
0.048 0.180283
0.0481 0.180671
0.0482 0.180809
0.0483 0.181288
0.0484 0.181714
0.0485 0.181857
0.0486 0.182101
0.0487 0.182215
0.0488 0.182684
0.0489 0.182959
0.049 0.183254
0.0491 0.183616
0.0492 0.18401
0.0493 0.184395
0.0494 0.184531
0.0495 0.184805
0.0496 0.185194
0.0497 0.185564
0.0498 0.185982
0.0499 0.18656
0.05 0.18689
0.0501 0.18718
0.0502 0.187525
0.0503 0.187779
0.0504 0.187984
0.0505 0.188682
0.0506 0.188947
0.0507 0.189378
0.0508 0.189633
0.0509 0.189949
0.051 0.190197
0.0511 0.190369
0.0512 0.190982
0.0513 0.191339
0.0514 0.191738
0.0515 0.191894
0.0516 0.192355
0.0517 0.192706
0.0518 0.193025
0.0519 0.193253
0.052 0.193572
0.0521 0.193955
0.0522 0.194326
0.0523 0.194797
0.0524 0.195116
0.0525 0.195265
0.0526 0.195701
0.0527 0.196031
0.0528 0.196474
0.0529 0.197119
0.053 0.197441
0.0531 0.19761
0.0532 0.197981
0.0533 0.198238
0.0534 0.198558
0.0535 0.198866
0.0536 0.199113
0.0537 0.199487
0.0538 0.199885
0.0539 0.200249
0.054 0.200547
0.0541 0.20087
0.0542 0.20129
0.0543 0.201724
0.0544 0.202272
0.0545 0.202466
0.0546 0.202805
0.0547 0.203244
0.0548 0.203845
0.0549 0.203999
0.055 0.204512
0.0551 0.205023
0.0552 0.205455
0.0553 0.205714
0.0554 0.205949
0.0555 0.20624
0.0556 0.20644
0.0557 0.206652
0.0558 0.206926
0.0559 0.207269
0.056 0.207683
0.0561 0.208044
0.0562 0.208465
0.0563 0.209062
0.0564 0.209351
0.0565 0.209588
0.0566 0.210059
0.0567 0.210405
0.0568 0.210944
0.0569 0.21149
0.057 0.21207
0.0571 0.21223
0.0572 0.212406
0.0573 0.212754
0.0574 0.213099
0.0575 0.213393
0.0576 0.213802
0.0577 0.214123
0.0578 0.214454
0.0579 0.214609
0.058 0.214781
0.0581 0.215013
0.0582 0.215501
0.0583 0.215993
0.0584 0.216094
0.0585 0.216309
0.0586 0.21668
0.0587 0.216908
0.0588 0.21723
0.0589 0.217483
0.059 0.217622
0.0591 0.218046
0.0592 0.218322
0.0593 0.218792
0.0594 0.218925
0.0595 0.219313
0.0596 0.219489
0.0597 0.219865
0.0598 0.220149
0.0599 0.220442
0.06 0.220676
0.0601 0.220832
0.0602 0.221156
0.0603 0.221214
0.0604 0.221622
0.0605 0.222063
0.0606 0.222417
0.0607 0.222484
0.0608 0.222972
0.0609 0.223392
0.061 0.223507
0.0611 0.223735
0.0612 0.223968
0.0613 0.224331
0.0614 0.224724
0.0615 0.225001
0.0616 0.225215
0.0617 0.225618
0.0618 0.225929
0.0619 0.226237
0.062 0.22648
0.0621 0.226957
0.0622 0.227354
0.0623 0.227477
0.0624 0.227977
0.0625 0.228403
0.0626 0.228746
0.0627 0.229114
0.0628 0.229384
0.0629 0.229619
0.063 0.229878
0.0631 0.230279
0.0632 0.230536
0.0633 0.230966
0.0634 0.231168
0.0635 0.231358
0.0636 0.231689
0.0637 0.231723
0.0638 0.23217
0.0639 0.23268
0.064 0.233248
0.0641 0.233651
0.0642 0.233942
0.0643 0.234314
0.0644 0.234565
0.0645 0.234683
0.0646 0.235143
0.0647 0.235543
0.0648 0.23559
0.0649 0.236032
0.065 0.236471
0.0651 0.2367
0.0652 0.237221
0.0653 0.237572
0.0654 0.23801
0.0655 0.238408
0.0656 0.238842
0.0657 0.239043
0.0658 0.23968
0.0659 0.239973
0.066 0.240201
0.0661 0.24076
0.0662 0.241022
0.0663 0.241374
0.0664 0.241492
0.0665 0.241816
0.0666 0.242147
0.0667 0.24235
0.0668 0.242741
0.0669 0.243049
0.067 0.243517
0.0671 0.243709
0.0672 0.244207
0.0673 0.244686
0.0674 0.24489
0.0675 0.245127
0.0676 0.245385
0.0677 0.245785
0.0678 0.245818
0.0679 0.246148
0.068 0.246263
0.0681 0.2465
0.0682 0.246912
0.0683 0.246937
0.0684 0.247271
0.0685 0.24748
0.0686 0.247615
0.0687 0.247903
0.0688 0.248109
0.0689 0.248686
0.069 0.248983
0.0691 0.249272
0.0692 0.249657
0.0693 0.249959
0.0694 0.250251
0.0695 0.250539
0.0696 0.250841
0.0697 0.251258
0.0698 0.251927
0.0699 0.252254
0.07 0.252755
0.0701 0.253053
0.0702 0.25333
0.0703 0.253594
0.0704 0.253975
0.0705 0.253971
0.0706 0.254235
0.0707 0.254356
0.0708 0.2547
0.0709 0.254982
0.071 0.255488
0.0711 0.256044
0.0712 0.25648
0.0713 0.257112
0.0714 0.257522
0.0715 0.257924
0.0716 0.2581
0.0717 0.258707
0.0718 0.259047
0.0719 0.259604
0.072 0.259826
0.0721 0.260197
0.0722 0.260537
0.0723 0.260986
0.0724 0.261409
0.0725 0.261816
0.0726 0.261988
0.0727 0.262077
0.0728 0.262344
0.0729 0.263038
0.073 0.263404
0.0731 0.263743
0.0732 0.263784
0.0733 0.264307
0.0734 0.264596
0.0735 0.265053
0.0736 0.265524
0.0737 0.26577
0.0738 0.266016
0.0739 0.266256
0.074 0.266641
0.0741 0.267243
0.0742 0.267447
0.0743 0.267794
0.0744 0.268008
0.0745 0.268493
0.0746 0.268798
0.0747 0.269217
0.0748 0.269748
0.0749 0.270181
0.075 0.27062
0.0751 0.270888
0.0752 0.271514
0.0753 0.271964
0.0754 0.272258
0.0755 0.272659
0.0756 0.272951
0.0757 0.273408
0.0758 0.27367
0.0759 0.273922
0.076 0.274246
0.0761 0.274253
0.0762 0.274755
0.0763 0.274847
0.0764 0.27522
0.0765 0.275421
0.0766 0.275737
0.0767 0.276206
0.0768 0.276418
0.0769 0.276547
0.077 0.277104
0.0771 0.277325
0.0772 0.277665
0.0773 0.278108
0.0774 0.2785
0.0775 0.278688
0.0776 0.27919
0.0777 0.279505
0.0778 0.279791
0.0779 0.280023
0.078 0.280179
0.0781 0.280433
0.0782 0.280743
0.0783 0.280975
0.0784 0.280977
0.0785 0.281159
0.0786 0.281446
0.0787 0.281768
0.0788 0.281944
0.0789 0.282402
0.079 0.282816
0.0791 0.283423
0.0792 0.283696
0.0793 0.284161
0.0794 0.284556
0.0795 0.284973
0.0796 0.285528
0.0797 0.285643
0.0798 0.286027
0.0799 0.285991
0.08 0.286439
0.0801 0.286591
0.0802 0.287109
0.0803 0.287536
0.0804 0.287748
0.0805 0.288246
0.0806 0.288576
0.0807 0.289244
0.0808 0.289723
0.0809 0.290122
0.081 0.290756
0.0811 0.290973
0.0812 0.291333
0.0813 0.291925
0.0814 0.292206
0.0815 0.29261
0.0816 0.292639
0.0817 0.293137
0.0818 0.293428
0.0819 0.293719
0.082 0.293971
0.0821 0.294097
0.0822 0.294613
0.0823 0.294872
0.0824 0.295175
0.0825 0.29565
0.0826 0.295896
0.0827 0.296509
0.0828 0.296936
0.0829 0.297117
0.083 0.297145
0.0831 0.297786
0.0832 0.298131
0.0833 0.298279
0.0834 0.298655
0.0835 0.299084
0.0836 0.299284
0.0837 0.299621
0.0838 0.299932
0.0839 0.300282
0.084 0.300731
0.0841 0.30089
0.0842 0.301066
0.0843 0.301657
0.0844 0.301822
0.0845 0.301952
0.0846 0.302241
0.0847 0.302567
0.0848 0.302881
0.0849 0.303336
0.085 0.303761
0.0851 0.303879
0.0852 0.304218
0.0853 0.304356
0.0854 0.304536
0.0855 0.304741
0.0856 0.304967
0.0857 0.305084
0.0858 0.305608
0.0859 0.305974
0.086 0.306332
0.0861 0.306547
0.0862 0.30696
0.0863 0.307482
0.0864 0.307736
0.0865 0.307959
0.0866 0.308283
0.0867 0.308605
0.0868 0.309138
0.0869 0.309446
0.087 0.309523
0.0871 0.309756
0.0872 0.3099
0.0873 0.310488
0.0874 0.310826
0.0875 0.310932
0.0876 0.31134
0.0877 0.311676
0.0878 0.312257
0.0879 0.312612
0.088 0.312874
0.0881 0.312968
0.0882 0.313139
0.0883 0.313705
0.0884 0.313936
0.0885 0.314122
0.0886 0.314441
0.0887 0.315116
0.0888 0.315583
0.0889 0.315849
0.089 0.316008
0.0891 0.316062
0.0892 0.3163
0.0893 0.316748
0.0894 0.317201
0.0895 0.317745
0.0896 0.318021
0.0897 0.318321
0.0898 0.318463
0.0899 0.31894
0.09 0.319401
0.0901 0.319502
0.0902 0.319848
0.0903 0.32023
0.0904 0.320832
0.0905 0.321388
0.0906 0.321783
0.0907 0.321933
0.0908 0.322305
0.0909 0.322681
0.091 0.323128
0.0911 0.323237
0.0912 0.323508
0.0913 0.323802
0.0914 0.32395
0.0915 0.324268
0.0916 0.324759
0.0917 0.324928
0.0918 0.325569
0.0919 0.326009
0.092 0.32591
0.0921 0.326276
0.0922 0.326404
0.0923 0.326679
0.0924 0.327138
0.0925 0.327505
0.0926 0.327981
0.0927 0.328326
0.0928 0.328339
0.0929 0.328689
0.093 0.328964
0.0931 0.329514
0.0932 0.330167
0.0933 0.330523
0.0934 0.330824
0.0935 0.331126
0.0936 0.331342
0.0937 0.331483
0.0938 0.332107
0.0939 0.3326
0.094 0.332822
0.0941 0.332905
0.0942 0.333135
0.0943 0.333525
0.0944 0.333829
0.0945 0.334371
0.0946 0.334626
0.0947 0.335076
0.0948 0.335269
0.0949 0.335636
0.095 0.335753
0.0951 0.335882
0.0952 0.336271
0.0953 0.33648
0.0954 0.337028
0.0955 0.337389
0.0956 0.337722
0.0957 0.337835
0.0958 0.338239
0.0959 0.338689
0.096 0.339203
0.0961 0.339538
0.0962 0.339785
0.0963 0.339831
0.0964 0.340054
0.0965 0.340584
0.0966 0.341085
0.0967 0.34131
0.0968 0.341317
0.0969 0.341911
0.097 0.342552
0.0971 0.342829
0.0972 0.34295
0.0973 0.343644
0.0974 0.344079
0.0975 0.344047
0.0976 0.344258
0.0977 0.344592
0.0978 0.34469
0.0979 0.345169
0.098 0.345513
0.0981 0.345862
0.0982 0.34589
0.0983 0.34636
0.0984 0.34657
0.0985 0.346793
0.0986 0.346848
0.0987 0.347081
0.0988 0.347475
0.0989 0.348021
0.099 0.348411
0.0991 0.348658
0.0992 0.348995
0.0993 0.34935
0.0994 0.349357
0.0995 0.349851
0.0996 0.350076
0.0997 0.350673
0.0998 0.351028
0.0999 0.351405
0.1 0.351742
0.1001 0.351821
0.1002 0.351926
0.1003 0.352422
0.1004 0.352981
0.1005 0.35297
0.1006 0.353182
0.1007 0.353584
0.1008 0.353743
0.1009 0.354191
0.101 0.354583
0.1011 0.354808
0.1012 0.355197
0.1013 0.355921
0.1014 0.35624
0.1015 0.356405
0.1016 0.356877
0.1017 0.357092
0.1018 0.357424
0.1019 0.357838
0.102 0.358298
0.1021 0.358665
0.1022 0.359074
0.1023 0.359303
0.1024 0.359759
0.1025 0.360266
0.1026 0.360589
0.1027 0.360787
0.1028 0.361317
0.1029 0.361724
0.103 0.362159
0.1031 0.362306
0.1032 0.362672
0.1033 0.363147
0.1034 0.363478
0.1035 0.36368
0.1036 0.363893
0.1037 0.364277
0.1038 0.364766
0.1039 0.365271
0.104 0.365273
0.1041 0.36558
0.1042 0.365857
0.1043 0.366503
0.1044 0.367054
0.1045 0.367402
0.1046 0.367617
0.1047 0.36775
0.1048 0.367946
0.1049 0.368305
0.105 0.368671
0.1051 0.368651
0.1052 0.368739
0.1053 0.369351
0.1054 0.369624
0.1055 0.369973
0.1056 0.370536
0.1057 0.370763
0.1058 0.370842
0.1059 0.371135
0.106 0.371557
0.1061 0.371994
0.1062 0.37255
0.1063 0.372905
0.1064 0.373127
0.1065 0.373439
0.1066 0.373858
0.1067 0.374121
0.1068 0.374066
0.1069 0.374286
0.107 0.374482
0.1071 0.374345
0.1072 0.374788
0.1073 0.375339
0.1074 0.375605
0.1075 0.375941
0.1076 0.376436
0.1077 0.376754
0.1078 0.377034
0.1079 0.376994
0.108 0.377392
0.1081 0.377477
0.1082 0.377825
0.1083 0.378067
0.1084 0.378473
0.1085 0.378328
0.1086 0.378655
0.1087 0.378734
0.1088 0.379356
0.1089 0.379717
0.109 0.379942
0.1091 0.380202
0.1092 0.380282
0.1093 0.380493
0.1094 0.380727
0.1095 0.381164
0.1096 0.381365
0.1097 0.381703
0.1098 0.381806
0.1099 0.381991
0.11 0.382178
0.1101 0.382629
0.1102 0.382956
0.1103 0.383258
0.1104 0.383608
0.1105 0.383858
0.1106 0.384224
0.1107 0.384434
0.1108 0.38459
0.1109 0.384928
0.111 0.384946
0.1111 0.38511
0.1112 0.385598
0.1113 0.385957
0.1114 0.386234
0.1115 0.386457
