0 0
0.0001 0.000399828
0.0002 0.000794565
0.0003 0.00116753
0.0004 0.00154007
0.0005 0.00192612
0.0006 0.00233836
0.0007 0.0027286
0.0008 0.00312545
0.0009 0.00352439
0.001 0.00393108
0.0011 0.00436135
0.0012 0.00475668
0.0013 0.005166
0.0014 0.00555016
0.0015 0.00596034
0.0016 0.00636418
0.0017 0.00676258
0.0018 0.00720103
0.0019 0.00757423
0.002 0.00794377
0.0021 0.0083207
0.0022 0.00868909
0.0023 0.00905255
0.0024 0.00947529
0.0025 0.00989222
0.0026 0.010313
0.0027 0.010689
0.0028 0.0111222
0.0029 0.0115472
0.003 0.0119743
0.0031 0.0124203
0.0032 0.0128665
0.0033 0.0133079
0.0034 0.0137278
0.0035 0.0141575
0.0036 0.0145128
0.0037 0.0149247
0.0038 0.0152875
0.0039 0.0156335
0.004 0.0159906
0.0041 0.0164226
0.0042 0.016817
0.0043 0.0172183
0.0044 0.0176593
0.0045 0.0180432
0.0046 0.0184532
0.0047 0.0188831
0.0048 0.0193484
0.0049 0.0197715
0.005 0.0201588
0.0051 0.0205877
0.0052 0.0210207
0.0053 0.0213979
0.0054 0.0218784
0.0055 0.0222079
0.0056 0.0225745
0.0057 0.0229576
0.0058 0.0234319
0.0059 0.0237869
0.006 0.0242067
0.0061 0.0245901
0.0062 0.0249818
0.0063 0.0253738
0.0064 0.0258016
0.0065 0.0262551
0.0066 0.0266129
0.0067 0.0270154
0.0068 0.0274167
0.0069 0.0278147
0.007 0.0282688
0.0071 0.0286494
0.0072 0.028933
0.0073 0.029329
0.0074 0.0297132
0.0075 0.0301313
0.0076 0.0305528
0.0077 0.0308837
0.0078 0.0312109
0.0079 0.0316475
0.008 0.0321445
0.0081 0.0325307
0.0082 0.0329759
0.0083 0.0333677
0.0084 0.0338452
0.0085 0.0341794
0.0086 0.0345905
0.0087 0.0350585
0.0088 0.0355405
0.0089 0.035927
0.009 0.0363837
0.0091 0.0367307
0.0092 0.0371255
0.0093 0.0375388
0.0094 0.0379058
0.0095 0.038223
0.0096 0.038686
0.0097 0.0390812
0.0098 0.0394563
0.0099 0.039793
0.01 0.0401469
0.0101 0.0404995
0.0102 0.0408616
0.0103 0.0413325
0.0104 0.0417635
0.0105 0.0420872
0.0106 0.0425429
0.0107 0.0428276
0.0108 0.043272
0.0109 0.0435347
0.011 0.0439847
0.0111 0.0443871
0.0112 0.0447292
0.0113 0.0451711
0.0114 0.0455517
0.0115 0.0459201
0.0116 0.0462993
0.0117 0.0466534
0.0118 0.0469461
0.0119 0.0473558
0.012 0.0477307
0.0121 0.0482315
0.0122 0.0486117
0.0123 0.0490607
0.0124 0.0493953
0.0125 0.0497783
0.0126 0.05022
0.0127 0.0505395
0.0128 0.0509883
0.0129 0.0513497
0.013 0.0517616
0.0131 0.0521529
0.0132 0.052511
0.0133 0.053058
0.0134 0.0534435
0.0135 0.0538372
0.0136 0.0542971
0.0137 0.0546585
0.0138 0.0550032
0.0139 0.0554162
0.014 0.0558555
0.0141 0.0562042
0.0142 0.056687
0.0143 0.057152
0.0144 0.0575268
0.0145 0.0579685
0.0146 0.0584349
0.0147 0.0588593
0.0148 0.0592252
0.0149 0.059607
0.015 0.0600582
0.0151 0.0605254
0.0152 0.060927
0.0153 0.061377
0.0154 0.0617571
0.0155 0.0621043
0.0156 0.0623967
0.0157 0.0627724
0.0158 0.0632153
0.0159 0.0636026
0.016 0.0639218
0.0161 0.0642888
0.0162 0.0647488
0.0163 0.0650916
0.0164 0.0656279
0.0165 0.0659753
0.0166 0.0663327
0.0167 0.0666289
0.0168 0.0669224
0.0169 0.0672727
0.017 0.0675017
0.0171 0.0678478
0.0172 0.0682605
0.0173 0.0686426
0.0174 0.0689982
0.0175 0.0693102
0.0176 0.0698173
0.0177 0.0702247
0.0178 0.0706604
0.0179 0.0708799
0.018 0.0712556
0.0181 0.0716007
0.0182 0.0718554
0.0183 0.0722378
0.0184 0.072463
0.0185 0.0729367
0.0186 0.0733655
0.0187 0.0737615
0.0188 0.0740328
0.0189 0.0742728
0.019 0.0746418
0.0191 0.0750076
0.0192 0.0754497
0.0193 0.0759515
0.0194 0.0763685
0.0195 0.0767706
0.0196 0.0771775
0.0197 0.0777124
0.0198 0.0781621
0.0199 0.0785388
0.02 0.0790212
0.0201 0.0795775
0.0202 0.0800245
0.0203 0.0803834
0.0204 0.0808942
0.0205 0.0812771
0.0206 0.0815607
0.0207 0.0821025
0.0208 0.0824686
0.0209 0.0828723
0.021 0.0833854
0.0211 0.0837325
0.0212 0.0841054
0.0213 0.084578
0.0214 0.0848614
0.0215 0.0851921
0.0216 0.0854897
0.0217 0.0858479
0.0218 0.0863147
0.0219 0.0864506
0.022 0.0868604
0.0221 0.0873085
0.0222 0.0875658
0.0223 0.0878391
0.0224 0.0881431
0.0225 0.088559
0.0226 0.0888669
0.0227 0.0893063
0.0228 0.0896577
0.0229 0.0900242
0.023 0.0904235
0.0231 0.0907516
0.0232 0.0911253
0.0233 0.0914856
0.0234 0.0918593
0.0235 0.0920575
0.0236 0.0924683
0.0237 0.0926846
0.0238 0.0929891
0.0239 0.0934712
0.024 0.0937899
0.0241 0.0940175
0.0242 0.0944698
0.0243 0.0946881
0.0244 0.0949639
0.0245 0.0953413
0.0246 0.0957789
0.0247 0.0961835
0.0248 0.0964079
0.0249 0.096835
0.025 0.0973079
0.0251 0.0976682
0.0252 0.0982116
0.0253 0.0986918
0.0254 0.0990049
0.0255 0.0992629
0.0256 0.0995892
0.0257 0.0998783
0.0258 0.100235
0.0259 0.100503
0.026 0.100973
0.0261 0.101577
0.0262 0.102083
0.0263 0.102494
0.0264 0.102879
0.0265 0.103286
0.0266 0.103741
0.0267 0.104055
0.0268 0.104114
0.0269 0.104447
0.027 0.104766
0.0271 0.105062
0.0272 0.105434
0.0273 0.105778
0.0274 0.106239
0.0275 0.1065
0.0276 0.106954
0.0277 0.107339
0.0278 0.107531
0.0279 0.107881
0.028 0.108152
0.0281 0.108504
0.0282 0.108722
0.0283 0.109048
0.0284 0.109551
0.0285 0.109817
0.0286 0.110159
0.0287 0.110555
0.0288 0.110991
0.0289 0.11144
0.029 0.111737
0.0291 0.111862
0.0292 0.112419
0.0293 0.11281
0.0294 0.113049
0.0295 0.113534
0.0296 0.113749
0.0297 0.114239
0.0298 0.114712
0.0299 0.115109
0.03 0.11541
0.0301 0.115698
0.0302 0.11601
0.0303 0.116288
0.0304 0.116835
0.0305 0.117318
0.0306 0.117722
0.0307 0.118127
0.0308 0.118416
0.0309 0.118839
0.031 0.118916
0.0311 0.119198
0.0312 0.119429
0.0313 0.119838
0.0314 0.120018
0.0315 0.1204
0.0316 0.120769
0.0317 0.121161
0.0318 0.121431
0.0319 0.122027
0.032 0.122529
0.0321 0.122888
0.0322 0.123252
0.0323 0.123561
0.0324 0.123906
0.0325 0.124299
0.0326 0.124503
0.0327 0.124843
0.0328 0.125131
0.0329 0.125438
0.033 0.1258
0.0331 0.126506
0.0332 0.126661
0.0333 0.127031
0.0334 0.127396
0.0335 0.127872
0.0336 0.128264
0.0337 0.128862
0.0338 0.129193
0.0339 0.129683
0.034 0.129966
0.0341 0.130402
0.0342 0.130745
0.0343 0.131149
0.0344 0.131362
0.0345 0.13164
0.0346 0.131933
0.0347 0.132237
0.0348 0.132726
0.0349 0.133113
0.035 0.133623
0.0351 0.13401
0.0352 0.134373
0.0353 0.13471
0.0354 0.135191
0.0355 0.135604
0.0356 0.136165
0.0357 0.136523
0.0358 0.136989
0.0359 0.137374
0.036 0.13764
0.0361 0.138044
0.0362 0.138334
0.0363 0.138839
0.0364 0.139273
0.0365 0.139407
0.0366 0.139933
0.0367 0.140228
0.0368 0.140586
0.0369 0.140834
0.037 0.141307
0.0371 0.141571
0.0372 0.141977
0.0373 0.142684
0.0374 0.14294
0.0375 0.143227
0.0376 0.143729
0.0377 0.14412
0.0378 0.14447
0.0379 0.14487
0.038 0.14518
0.0381 0.14576
0.0382 0.146149
0.0383 0.146476
0.0384 0.146797
0.0385 0.147212
0.0386 0.147624
0.0387 0.147956
0.0388 0.148274
0.0389 0.148425
0.039 0.148844
0.0391 0.149142
0.0392 0.149598
0.0393 0.150016
0.0394 0.150343
0.0395 0.150727
0.0396 0.151212
0.0397 0.151407
0.0398 0.151579
0.0399 0.152036
0.04 0.152439
0.0401 0.152848
0.0402 0.153297
0.0403 0.153735
0.0404 0.153836
0.0405 0.154313
0.0406 0.154573
0.0407 0.154655
0.0408 0.15498
0.0409 0.155157
0.041 0.155493
0.0411 0.156009
0.0412 0.15613
0.0413 0.156382
0.0414 0.156728
0.0415 0.157009
0.0416 0.15727
0.0417 0.157381
0.0418 0.157628
0.0419 0.158223
0.042 0.158496
0.0421 0.158869
0.0422 0.159207
0.0423 0.159497
0.0424 0.159821
0.0425 0.159994
0.0426 0.160145
0.0427 0.16054
0.0428 0.160753
0.0429 0.160952
0.043 0.161356
0.0431 0.161739
0.0432 0.16207
0.0433 0.16245
0.0434 0.162931
0.0435 0.163376
0.0436 0.163714
0.0437 0.16423
0.0438 0.164493
0.0439 0.164994
0.044 0.165234
0.0441 0.165781
0.0442 0.166001
0.0443 0.166247
0.0444 0.166677
0.0445 0.166967
0.0446 0.167469
0.0447 0.167851
0.0448 0.168478
0.0449 0.168693
0.045 0.168921
0.0451 0.169138
0.0452 0.169471
0.0453 0.169868
0.0454 0.170236
0.0455 0.17064
0.0456 0.17095
0.0457 0.171343
0.0458 0.171729
0.0459 0.171884
0.046 0.172333
0.0461 0.172705
0.0462 0.172986
0.0463 0.173354
0.0464 0.173701
0.0465 0.174047
0.0466 0.174557
0.0467 0.1751
0.0468 0.175543
0.0469 0.175897
0.047 0.176096
0.0471 0.176252
0.0472 0.176651
0.0473 0.176964
0.0474 0.177107
0.0475 0.177266
0.0476 0.177768
0.0477 0.178274
0.0478 0.178715
0.0479 0.179042
0.048 0.179387
0.0481 0.179878
0.0482 0.180314
0.0483 0.180938
0.0484 0.181404
0.0485 0.181954
0.0486 0.182369
0.0487 0.182824
0.0488 0.183186
0.0489 0.183217
0.049 0.183388
0.0491 0.18378
0.0492 0.184046
0.0493 0.184384
0.0494 0.184829
0.0495 0.185303
0.0496 0.185545
0.0497 0.185764
0.0498 0.185992
0.0499 0.186223
0.05 0.186628
0.0501 0.186993
0.0502 0.187322
0.0503 0.187708
0.0504 0.187944
0.0505 0.188344
0.0506 0.188866
0.0507 0.189076
0.0508 0.189501
0.0509 0.18989
0.051 0.190305
0.0511 0.190955
0.0512 0.190994
0.0513 0.191245
0.0514 0.191616
0.0515 0.192053
0.0516 0.192396
0.0517 0.192835
0.0518 0.193253
0.0519 0.193639
0.052 0.19395
0.0521 0.194394
0.0522 0.194819
0.0523 0.195063
0.0524 0.195434
0.0525 0.195597
0.0526 0.195885
0.0527 0.19605
0.0528 0.196382
0.0529 0.196776
0.053 0.197213
0.0531 0.197528
0.0532 0.197863
0.0533 0.198283
0.0534 0.198536
0.0535 0.198893
0.0536 0.199121
0.0537 0.199642
0.0538 0.199954
0.0539 0.200097
0.054 0.200413
0.0541 0.200804
0.0542 0.201111
0.0543 0.20136
0.0544 0.201649
0.0545 0.202045
0.0546 0.202476
0.0547 0.202827
0.0548 0.203091
0.0549 0.203382
0.055 0.203668
0.0551 0.203996
0.0552 0.204293
0.0553 0.204713
0.0554 0.205144
0.0555 0.205433
0.0556 0.205782
0.0557 0.20634
0.0558 0.206644
0.0559 0.206923
0.056 0.20718
0.0561 0.207525
0.0562 0.207858
0.0563 0.208231
0.0564 0.208568
0.0565 0.209022
0.0566 0.209419
0.0567 0.209868
0.0568 0.210175
0.0569 0.210623
0.057 0.210876
0.0571 0.211183
0.0572 0.211545
0.0573 0.21184
0.0574 0.21208
0.0575 0.212219
0.0576 0.212295
0.0577 0.212719
0.0578 0.213186
0.0579 0.213559
0.058 0.21393
0.0581 0.214234
0.0582 0.214455
0.0583 0.214902
0.0584 0.215236
0.0585 0.215584
0.0586 0.215924
0.0587 0.216151
0.0588 0.216316
0.0589 0.216616
0.059 0.217062
0.0591 0.21726
0.0592 0.217687
0.0593 0.217736
0.0594 0.218007
0.0595 0.218625
0.0596 0.21909
0.0597 0.219461
0.0598 0.21983
0.0599 0.220034
0.06 0.220225
0.0601 0.220625
0.0602 0.220819
0.0603 0.220984
0.0604 0.221373
0.0605 0.221591
0.0606 0.222079
0.0607 0.222625
0.0608 0.22279
0.0609 0.223006
0.061 0.223432
0.0611 0.223886
0.0612 0.224278
0.0613 0.2244
0.0614 0.224965
0.0615 0.225329
0.0616 0.225808
0.0617 0.226323
0.0618 0.226469
0.0619 0.226827
0.062 0.226956
0.0621 0.227305
0.0622 0.227604
0.0623 0.22807
0.0624 0.228424
0.0625 0.228807
0.0626 0.229151
0.0627 0.229713
0.0628 0.230213
0.0629 0.230669
0.063 0.231044
0.0631 0.231352
0.0632 0.231828
0.0633 0.232219
0.0634 0.232708
0.0635 0.232879
0.0636 0.233233
0.0637 0.233551
0.0638 0.233863
0.0639 0.234151
0.064 0.234361
0.0641 0.234833
0.0642 0.235252
0.0643 0.235664
0.0644 0.236127
0.0645 0.236356
0.0646 0.236738
0.0647 0.236972
0.0648 0.237162
0.0649 0.237539
0.065 0.237969
0.0651 0.23842
0.0652 0.238967
0.0653 0.239172
0.0654 0.239313
0.0655 0.239715
0.0656 0.240225
0.0657 0.240361
0.0658 0.240661
0.0659 0.240965
0.066 0.24134
0.0661 0.241857
0.0662 0.241982
0.0663 0.24225
0.0664 0.242759
0.0665 0.243199
0.0666 0.243435
0.0667 0.243792
0.0668 0.243716
0.0669 0.244353
0.067 0.244702
0.0671 0.24493
0.0672 0.245303
0.0673 0.245773
0.0674 0.246293
0.0675 0.246362
0.0676 0.246446
0.0677 0.246856
0.0678 0.247134
0.0679 0.247637
0.068 0.248025
0.0681 0.248169
0.0682 0.248534
0.0683 0.248798
0.0684 0.248887
0.0685 0.24915
0.0686 0.249448
0.0687 0.249862
0.0688 0.250243
0.0689 0.25044
0.069 0.250816
0.0691 0.250985
0.0692 0.251267
0.0693 0.25173
0.0694 0.252271
0.0695 0.252605
0.0696 0.252889
0.0697 0.253267
0.0698 0.253766
0.0699 0.254131
0.07 0.254346
0.0701 0.254436
0.0702 0.255087
0.0703 0.255831
0.0704 0.255993
0.0705 0.256434
0.0706 0.256936
0.0707 0.257176
0.0708 0.257484
0.0709 0.257872
0.071 0.25781
0.0711 0.258019
0.0712 0.258201
0.0713 0.258207
0.0714 0.258645
0.0715 0.259117
0.0716 0.259385
0.0717 0.25978
0.0718 0.260001
0.0719 0.260462
0.072 0.260957
0.0721 0.261562
0.0722 0.261811
0.0723 0.262164
0.0724 0.262271
0.0725 0.262575
0.0726 0.263184
0.0727 0.26373
0.0728 0.263896
0.0729 0.264426
0.073 0.26455
0.0731 0.264737
0.0732 0.26507
0.0733 0.265438
0.0734 0.265737
0.0735 0.266272
0.0736 0.266568
0.0737 0.267043
0.0738 0.267498
0.0739 0.26793
0.074 0.268259
0.0741 0.268659
0.0742 0.269115
0.0743 0.269556
0.0744 0.269805
0.0745 0.270089
0.0746 0.270437
0.0747 0.27082
0.0748 0.270854
0.0749 0.271361
0.075 0.271654
0.0751 0.272016
0.0752 0.272339
0.0753 0.272576
0.0754 0.272898
0.0755 0.272956
0.0756 0.273393
0.0757 0.273523
0.0758 0.273799
0.0759 0.274264
0.076 0.274718
0.0761 0.274882
0.0762 0.27524
0.0763 0.275522
0.0764 0.275896
0.0765 0.276276
0.0766 0.276641
0.0767 0.276925
0.0768 0.277613
0.0769 0.277959
0.077 0.278314
0.0771 0.278475
0.0772 0.278943
0.0773 0.279093
0.0774 0.279573
0.0775 0.279721
0.0776 0.280018
0.0777 0.280071
0.0778 0.28056
0.0779 0.28071
0.078 0.280871
0.0781 0.281217
0.0782 0.281579
0.0783 0.281765
0.0784 0.2822
0.0785 0.282535
0.0786 0.28302
0.0787 0.283257
0.0788 0.283692
0.0789 0.284322
0.079 0.28461
0.0791 0.284962
0.0792 0.285237
0.0793 0.285493
0.0794 0.285771
0.0795 0.286103
0.0796 0.286034
0.0797 0.286509
0.0798 0.287042
0.0799 0.287088
0.08 0.287398
0.0801 0.287692
0.0802 0.287876
0.0803 0.288209
0.0804 0.288098
0.0805 0.288443
0.0806 0.288971
0.0807 0.289285
0.0808 0.289836
0.0809 0.290122
0.081 0.290331
0.0811 0.290831
0.0812 0.291157
0.0813 0.291482
0.0814 0.291621
0.0815 0.292019
0.0816 0.292507
0.0817 0.292911
0.0818 0.293238
0.0819 0.293603
0.082 0.293847
0.0821 0.294154
0.0822 0.294123
0.0823 0.29441
0.0824 0.294524
0.0825 0.294996
0.0826 0.295411
0.0827 0.295681
0.0828 0.296131
0.0829 0.296367
0.083 0.296794
0.0831 0.297226
0.0832 0.297466
0.0833 0.297834
0.0834 0.297934
0.0835 0.298095
0.0836 0.298632
0.0837 0.29901
0.0838 0.299325
0.0839 0.299838
0.084 0.299989
0.0841 0.300546
0.0842 0.300844
0.0843 0.300916
0.0844 0.301011
0.0845 0.301227
0.0846 0.301565
0.0847 0.302136
0.0848 0.302197
0.0849 0.302816
0.085 0.303212
0.0851 0.303486
0.0852 0.30396
0.0853 0.304334
0.0854 0.304678
0.0855 0.305395
0.0856 0.305844
0.0857 0.306187
0.0858 0.306366
0.0859 0.30662
0.086 0.306762
0.0861 0.307317
0.0862 0.307545
0.0863 0.307521
0.0864 0.307916
0.0865 0.308274
0.0866 0.308673
0.0867 0.309071
0.0868 0.309261
0.0869 0.309413
0.087 0.309359
0.0871 0.309297
0.0872 0.309615
0.0873 0.309937
0.0874 0.31015
0.0875 0.310257
0.0876 0.310342
0.0877 0.310846
0.0878 0.311184
0.0879 0.311424
0.088 0.311622
0.0881 0.311687
0.0882 0.311828
0.0883 0.312179
0.0884 0.31248
0.0885 0.312865
0.0886 0.313071
0.0887 0.31352
0.0888 0.31378
0.0889 0.314231
0.089 0.31477
0.0891 0.315113
0.0892 0.315475
0.0893 0.315817
0.0894 0.316072
0.0895 0.316079
0.0896 0.316531
0.0897 0.316892
0.0898 0.317308
0.0899 0.317848
0.09 0.31838
0.0901 0.318755
0.0902 0.318741
0.0903 0.318778
0.0904 0.319091
0.0905 0.319502
0.0906 0.320013
0.0907 0.320362
0.0908 0.320582
0.0909 0.320872
0.091 0.32132
0.0911 0.321449
0.0912 0.321747
0.0913 0.321999
0.0914 0.322219
0.0915 0.32239
0.0916 0.322372
0.0917 0.322681
0.0918 0.322825
0.0919 0.32328
0.092 0.323501
0.0921 0.323772
0.0922 0.324231
0.0923 0.324323
0.0924 0.324742
0.0925 0.325352
0.0926 0.325874
0.0927 0.326173
0.0928 0.326337
0.0929 0.326686
0.093 0.327112
0.0931 0.327427
0.0932 0.327668
0.0933 0.328453
0.0934 0.328863
0.0935 0.329164
0.0936 0.32937
0.0937 0.329639
0.0938 0.329994
0.0939 0.330456
0.094 0.330917
0.0941 0.331087
0.0942 0.33115
0.0943 0.33144
0.0944 0.331804
0.0945 0.332119
0.0946 0.332162
0.0947 0.332564
0.0948 0.332918
0.0949 0.333042
0.095 0.333179
0.0951 0.333448
0.0952 0.333783
0.0953 0.333777
0.0954 0.333873
0.0955 0.334049
0.0956 0.334142
0.0957 0.334412
0.0958 0.334804
0.0959 0.334905
0.096 0.335206
0.0961 0.335363
0.0962 0.335711
0.0963 0.336148
0.0964 0.336507
0.0965 0.336811
0.0966 0.337083
0.0967 0.3377
0.0968 0.338134
0.0969 0.338392
0.097 0.338627
0.0971 0.339374
0.0972 0.339745
0.0973 0.340003
0.0974 0.340371
0.0975 0.340465
0.0976 0.340588
0.0977 0.340728
0.0978 0.340957
0.0979 0.34133
0.098 0.341502
0.0981 0.341579
0.0982 0.341803
0.0983 0.342059
0.0984 0.342394
0.0985 0.342589
0.0986 0.342712
0.0987 0.343085
0.0988 0.34332
0.0989 0.343705
0.099 0.34387
0.0991 0.343853
0.0992 0.344276
0.0993 0.344487
0.0994 0.344591
0.0995 0.344839
0.0996 0.345112
0.0997 0.345439
0.0998 0.345775
0.0999 0.34577
0.1 0.34613
0.1001 0.346322
0.1002 0.346618
0.1003 0.346964
0.1004 0.347173
0.1005 0.347563
0.1006 0.347635
0.1007 0.347811
0.1008 0.347929
0.1009 0.348276
0.101 0.348584
0.1011 0.349012
0.1012 0.349495
0.1013 0.349669
0.1014 0.349951
0.1015 0.35029
0.1016 0.350618
0.1017 0.351011
0.1018 0.351517
0.1019 0.351583
0.102 0.351941
0.1021 0.352482
0.1022 0.35292
0.1023 0.353126
0.1024 0.353145
0.1025 0.353568
0.1026 0.353761
0.1027 0.354138
0.1028 0.354508
0.1029 0.354548
0.103 0.354966
0.1031 0.355246
0.1032 0.355287
0.1033 0.355362
0.1034 0.355475
0.1035 0.355879
0.1036 0.356124
0.1037 0.356747
0.1038 0.356939
0.1039 0.357277
0.104 0.357551
0.1041 0.35811
0.1042 0.358547
0.1043 0.358986
0.1044 0.359441
0.1045 0.359915
0.1046 0.360183
0.1047 0.3602
0.1048 0.360822
0.1049 0.360875
0.105 0.361087
0.1051 0.361324
0.1052 0.361793
0.1053 0.362353
0.1054 0.362943
0.1055 0.363257
0.1056 0.363402
0.1057 0.363644
0.1058 0.363766
0.1059 0.364293
0.106 0.364501
0.1061 0.36453
0.1062 0.365048
0.1063 0.365526
0.1064 0.365849
0.1065 0.365983
0.1066 0.365937
0.1067 0.366389
0.1068 0.366497
0.1069 0.366771
0.107 0.367109
0.1071 0.367428
0.1072 0.367568
0.1073 0.367682
0.1074 0.367925
0.1075 0.368626
0.1076 0.369044
0.1077 0.369352
0.1078 0.369507
0.1079 0.36991
0.108 0.369855
0.1081 0.370258
0.1082 0.370624
0.1083 0.371028
0.1084 0.37146
0.1085 0.371758
0.1086 0.372012
0.1087 0.371845
0.1088 0.371887
0.1089 0.372116
0.109 0.372348
0.1091 0.372695
0.1092 0.372871
0.1093 0.373449
0.1094 0.373728
0.1095 0.373987
0.1096 0.374212
0.1097 0.37474
0.1098 0.374997
0.1099 0.375285
0.11 0.375607
0.1101 0.375887
0.1102 0.375952
0.1103 0.376376
0.1104 0.376312
0.1105 0.376671
0.1106 0.376971
0.1107 0.377579
0.1108 0.377994
0.1109 0.378599
0.111 0.378926
0.1111 0.379105
0.1112 0.379469
0.1113 0.379643
0.1114 0.379836
0.1115 0.380205
