0 0
0.0001 0.000403718
0.0002 0.000801946
0.0003 0.00120805
0.0004 0.00161488
0.0005 0.00202635
0.0006 0.00241871
0.0007 0.00281345
0.0008 0.00321424
0.0009 0.00360509
0.001 0.00400127
0.0011 0.0044243
0.0012 0.00484861
0.0013 0.0052565
0.0014 0.00564878
0.0015 0.00604428
0.0016 0.00641792
0.0017 0.00681362
0.0018 0.00721587
0.0019 0.0076073
0.002 0.00801528
0.0021 0.0084345
0.0022 0.00882776
0.0023 0.00924534
0.0024 0.00962964
0.0025 0.0100472
0.0026 0.0104902
0.0027 0.0108477
0.0028 0.011255
0.0029 0.0116893
0.003 0.0120595
0.0031 0.0124369
0.0032 0.0128138
0.0033 0.0131729
0.0034 0.0135644
0.0035 0.0139801
0.0036 0.0143893
0.0037 0.0147772
0.0038 0.0151354
0.0039 0.0155902
0.004 0.0160389
0.0041 0.016424
0.0042 0.0168246
0.0043 0.0172435
0.0044 0.017683
0.0045 0.0180492
0.0046 0.0183984
0.0047 0.0187893
0.0048 0.0191584
0.0049 0.0196123
0.005 0.0200852
0.0051 0.0204535
0.0052 0.0208798
0.0053 0.0213276
0.0054 0.021791
0.0055 0.0222209
0.0056 0.0225706
0.0057 0.0230158
0.0058 0.0234611
0.0059 0.0239185
0.006 0.0243486
0.0061 0.024802
0.0062 0.0251741
0.0063 0.0255469
0.0064 0.025902
0.0065 0.0262417
0.0066 0.0266379
0.0067 0.0269937
0.0068 0.0274562
0.0069 0.0278778
0.007 0.0282053
0.0071 0.0285965
0.0072 0.0290109
0.0073 0.0293594
0.0074 0.0296788
0.0075 0.0299512
0.0076 0.0303696
0.0077 0.0307154
0.0078 0.0310671
0.0079 0.031597
0.008 0.0320758
0.0081 0.032516
0.0082 0.0328805
0.0083 0.0332613
0.0084 0.0337135
0.0085 0.0341616
0.0086 0.0345256
0.0087 0.0348727
0.0088 0.0353243
0.0089 0.035737
0.009 0.0362162
0.0091 0.0366897
0.0092 0.0371757
0.0093 0.0376978
0.0094 0.0381858
0.0095 0.0385808
0.0096 0.0388745
0.0097 0.0394094
0.0098 0.0397233
0.0099 0.0400612
0.01 0.0404381
0.0101 0.0407927
0.0102 0.0412362
0.0103 0.0416166
0.0104 0.0419933
0.0105 0.0423298
0.0106 0.04272
0.0107 0.0431247
0.0108 0.0435227
0.0109 0.0440018
0.011 0.0443973
0.0111 0.0447421
0.0112 0.0450922
0.0113 0.0455446
0.0114 0.0459969
0.0115 0.0463241
0.0116 0.0467107
0.0117 0.0470586
0.0118 0.0475117
0.0119 0.0479481
0.012 0.048361
0.0121 0.0488917
0.0122 0.0493708
0.0123 0.0497743
0.0124 0.0501429
0.0125 0.0504953
0.0126 0.0509079
0.0127 0.0512524
0.0128 0.0516294
0.0129 0.0519393
0.013 0.0522759
0.0131 0.0527616
0.0132 0.0530972
0.0133 0.0533671
0.0134 0.0537994
0.0135 0.0542137
0.0136 0.0546167
0.0137 0.0550447
0.0138 0.0553547
0.0139 0.0556755
0.014 0.0560919
0.0141 0.0565029
0.0142 0.0567549
0.0143 0.0572134
0.0144 0.0576102
0.0145 0.0580323
0.0146 0.0582798
0.0147 0.0586114
0.0148 0.0588737
0.0149 0.0593191
0.015 0.0596934
0.0151 0.0600083
0.0152 0.0604372
0.0153 0.0608103
0.0154 0.0611894
0.0155 0.0616016
0.0156 0.0619463
0.0157 0.0623596
0.0158 0.0627659
0.0159 0.0630337
0.016 0.0632909
0.0161 0.0635668
0.0162 0.06384
0.0163 0.0642796
0.0164 0.0645464
0.0165 0.0650452
0.0166 0.0654606
0.0167 0.0658256
0.0168 0.0663083
0.0169 0.0667669
0.017 0.0671832
0.0171 0.0674012
0.0172 0.0679042
0.0173 0.0682176
0.0174 0.0685322
0.0175 0.068867
0.0176 0.069275
0.0177 0.0697696
0.0178 0.0702144
0.0179 0.0705087
0.018 0.0708603
0.0181 0.0712584
0.0182 0.0714651
0.0183 0.0718022
0.0184 0.0722478
0.0185 0.0725958
0.0186 0.0730287
0.0187 0.0734481
0.0188 0.0738506
0.0189 0.0743116
0.019 0.0747021
0.0191 0.0751391
0.0192 0.0754048
0.0193 0.0758685
0.0194 0.0763834
0.0195 0.0767904
0.0196 0.0773498
0.0197 0.0774738
0.0198 0.0777702
0.0199 0.0779818
0.02 0.0784062
0.0201 0.0787632
0.0202 0.0791022
0.0203 0.0793744
0.0204 0.0797302
0.0205 0.0800593
0.0206 0.0803151
0.0207 0.080673
0.0208 0.0809504
0.0209 0.081402
0.021 0.0817908
0.0211 0.0822623
0.0212 0.0825736
0.0213 0.0829065
0.0214 0.0832493
0.0215 0.083625
0.0216 0.0839126
0.0217 0.0843032
0.0218 0.084779
0.0219 0.0850902
0.022 0.0854525
0.0221 0.0859268
0.0222 0.0862263
0.0223 0.0864272
0.0224 0.0869097
0.0225 0.0874264
0.0226 0.0876812
0.0227 0.0881093
0.0228 0.0884758
0.0229 0.0888254
0.023 0.0891196
0.0231 0.0894175
0.0232 0.0897548
0.0233 0.0901735
0.0234 0.0906757
0.0235 0.0910553
0.0236 0.0913668
0.0237 0.0917863
0.0238 0.0921558
0.0239 0.0925136
0.024 0.0927818
0.0241 0.0930757
0.0242 0.093532
0.0243 0.0937413
0.0244 0.0942309
0.0245 0.0947473
0.0246 0.0951351
0.0247 0.0956168
0.0248 0.0959847
0.0249 0.0964232
0.025 0.0967214
0.0251 0.0972456
0.0252 0.0976592
0.0253 0.098007
0.0254 0.0984283
0.0255 0.0988448
0.0256 0.0993517
0.0257 0.0998864
0.0258 0.100095
0.0259 0.100364
0.026 0.100663
0.0261 0.101191
0.0262 0.101552
0.0263 0.102055
0.0264 0.102425
0.0265 0.102748
0.0266 0.102969
0.0267 0.103283
0.0268 0.103545
0.0269 0.103958
0.027 0.104384
0.0271 0.104741
0.0272 0.10502
0.0273 0.105384
0.0274 0.105728
0.0275 0.106162
0.0276 0.106587
0.0277 0.106992
0.0278 0.107287
0.0279 0.10761
0.028 0.107891
0.0281 0.108154
0.0282 0.108622
0.0283 0.108853
0.0284 0.109264
0.0285 0.109823
0.0286 0.110018
0.0287 0.110408
0.0288 0.110759
0.0289 0.111106
0.029 0.111493
0.0291 0.111945
0.0292 0.112007
0.0293 0.112316
0.0294 0.112789
0.0295 0.113159
0.0296 0.113507
0.0297 0.114116
0.0298 0.114402
0.0299 0.114803
0.03 0.115189
0.0301 0.11547
0.0302 0.115811
0.0303 0.116226
0.0304 0.116616
0.0305 0.11687
0.0306 0.116994
0.0307 0.117346
0.0308 0.117706
0.0309 0.117865
0.031 0.11815
0.0311 0.118509
0.0312 0.118914
0.0313 0.11937
0.0314 0.119588
0.0315 0.119956
0.0316 0.120414
0.0317 0.120777
0.0318 0.121065
0.0319 0.121544
0.032 0.121854
0.0321 0.122269
0.0322 0.122699
0.0323 0.123131
0.0324 0.123582
0.0325 0.123758
0.0326 0.124234
0.0327 0.124636
0.0328 0.124798
0.0329 0.125105
0.033 0.125397
0.0331 0.12577
0.0332 0.126109
0.0333 0.126404
0.0334 0.126761
0.0335 0.127147
0.0336 0.127724
0.0337 0.127997
0.0338 0.128516
0.0339 0.128967
0.034 0.129339
0.0341 0.129592
0.0342 0.129863
0.0343 0.130189
0.0344 0.130455
0.0345 0.130607
0.0346 0.130857
0.0347 0.131342
0.0348 0.131823
0.0349 0.132074
0.035 0.132542
0.0351 0.132895
0.0352 0.13311
0.0353 0.133617
0.0354 0.134003
0.0355 0.134618
0.0356 0.135034
0.0357 0.135551
0.0358 0.135659
0.0359 0.135979
0.036 0.136549
0.0361 0.136845
0.0362 0.137378
0.0363 0.137668
0.0364 0.137989
0.0365 0.138218
0.0366 0.138605
0.0367 0.138908
0.0368 0.139143
0.0369 0.139501
0.037 0.139821
0.0371 0.140169
0.0372 0.140407
0.0373 0.140555
0.0374 0.14089
0.0375 0.141193
0.0376 0.141472
0.0377 0.141971
0.0378 0.142179
0.0379 0.142613
0.038 0.142828
0.0381 0.143058
0.0382 0.143412
0.0383 0.14369
0.0384 0.143907
0.0385 0.144286
0.0386 0.14466
0.0387 0.144961
0.0388 0.145366
0.0389 0.145672
0.039 0.146027
0.0391 0.146463
0.0392 0.147042
0.0393 0.147353
0.0394 0.147613
0.0395 0.148056
0.0396 0.148243
0.0397 0.148549
0.0398 0.149044
0.0399 0.149334
0.04 0.149564
0.0401 0.149547
0.0402 0.149902
0.0403 0.150193
0.0404 0.150279
0.0405 0.150657
0.0406 0.1511
0.0407 0.15145
0.0408 0.151703
0.0409 0.152123
0.041 0.152666
0.0411 0.153084
0.0412 0.153525
0.0413 0.15393
0.0414 0.154275
0.0415 0.154592
0.0416 0.154884
0.0417 0.155142
0.0418 0.155381
0.0419 0.155805
0.042 0.156069
0.0421 0.156425
0.0422 0.156822
0.0423 0.157322
0.0424 0.157631
0.0425 0.157887
0.0426 0.15841
0.0427 0.158817
0.0428 0.159067
0.0429 0.159368
0.043 0.159488
0.0431 0.159869
0.0432 0.160122
0.0433 0.160471
0.0434 0.160899
0.0435 0.161224
0.0436 0.161531
0.0437 0.161932
0.0438 0.162186
0.0439 0.162387
0.044 0.162807
0.0441 0.163225
0.0442 0.163556
0.0443 0.163951
0.0444 0.164294
0.0445 0.164554
0.0446 0.165003
0.0447 0.16547
0.0448 0.165782
0.0449 0.166172
0.045 0.16652
0.0451 0.166924
0.0452 0.167288
0.0453 0.167314
0.0454 0.167638
0.0455 0.168022
0.0456 0.168316
0.0457 0.168336
0.0458 0.168631
0.0459 0.169021
0.046 0.169358
0.0461 0.169619
0.0462 0.170012
0.0463 0.170341
0.0464 0.170763
0.0465 0.17103
0.0466 0.17154
0.0467 0.171921
0.0468 0.172189
0.0469 0.172413
0.047 0.172817
0.0471 0.17322
0.0472 0.173771
0.0473 0.174155
0.0474 0.174329
0.0475 0.17486
0.0476 0.175241
0.0477 0.175555
0.0478 0.175698
0.0479 0.176002
0.048 0.176289
0.0481 0.176776
0.0482 0.17714
0.0483 0.177304
0.0484 0.177513
0.0485 0.177768
0.0486 0.178089
0.0487 0.178428
0.0488 0.178639
0.0489 0.178966
0.049 0.179335
0.0491 0.179796
0.0492 0.180243
0.0493 0.180461
0.0494 0.180909
0.0495 0.181431
0.0496 0.181807
0.0497 0.18214
0.0498 0.182712
0.0499 0.183166
0.05 0.183484
0.0501 0.183781
0.0502 0.184274
0.0503 0.184356
0.0504 0.184688
0.0505 0.185125
0.0506 0.185454
0.0507 0.185736
0.0508 0.185938
0.0509 0.186509
0.051 0.186854
0.0511 0.187087
0.0512 0.187467
0.0513 0.187751
0.0514 0.188026
0.0515 0.188294
0.0516 0.188648
0.0517 0.188794
0.0518 0.189404
0.0519 0.189862
0.052 0.190182
0.0521 0.190491
0.0522 0.190944
0.0523 0.191258
0.0524 0.191563
0.0525 0.191786
0.0526 0.192205
0.0527 0.192689
0.0528 0.192904
0.0529 0.193386
0.053 0.193796
0.0531 0.194152
0.0532 0.194558
0.0533 0.194903
0.0534 0.195222
0.0535 0.195435
0.0536 0.195745
0.0537 0.19615
0.0538 0.196493
0.0539 0.196887
0.054 0.196935
0.0541 0.19752
0.0542 0.197848
0.0543 0.198354
0.0544 0.198671
0.0545 0.199004
0.0546 0.199299
0.0547 0.199725
0.0548 0.200099
0.0549 0.200459
0.055 0.200698
0.0551 0.200952
0.0552 0.201142
0.0553 0.201352
0.0554 0.201639
0.0555 0.201791
0.0556 0.202154
0.0557 0.202379
0.0558 0.20271
0.0559 0.202943
0.056 0.203434
0.0561 0.203768
0.0562 0.203977
0.0563 0.204353
0.0564 0.204742
0.0565 0.204962
0.0566 0.205255
0.0567 0.205612
0.0568 0.206073
0.0569 0.206376
0.057 0.206767
0.0571 0.207088
0.0572 0.207371
0.0573 0.207651
0.0574 0.207887
0.0575 0.208131
0.0576 0.208199
0.0577 0.20881
0.0578 0.209263
0.0579 0.209828
0.058 0.210013
0.0581 0.210292
0.0582 0.210536
0.0583 0.210849
0.0584 0.211162
0.0585 0.211316
0.0586 0.21154
0.0587 0.211779
0.0588 0.212137
0.0589 0.212408
0.059 0.212886
0.0591 0.21327
0.0592 0.213856
0.0593 0.214282
0.0594 0.214466
0.0595 0.21458
0.0596 0.214916
0.0597 0.215253
0.0598 0.215497
0.0599 0.216149
0.06 0.216433
0.0601 0.216834
0.0602 0.217424
0.0603 0.217636
0.0604 0.217852
0.0605 0.217926
0.0606 0.218386
0.0607 0.218729
0.0608 0.218861
0.0609 0.219378
0.061 0.219571
0.0611 0.219804
0.0612 0.220009
0.0613 0.220158
0.0614 0.220474
0.0615 0.220882
0.0616 0.221243
0.0617 0.221441
0.0618 0.221773
0.0619 0.222153
0.062 0.22245
0.0621 0.222932
0.0622 0.223305
0.0623 0.223526
0.0624 0.224138
0.0625 0.224535
0.0626 0.224908
0.0627 0.225135
0.0628 0.225448
0.0629 0.22566
0.063 0.226034
0.0631 0.226169
0.0632 0.226548
0.0633 0.226798
0.0634 0.227139
0.0635 0.227547
0.0636 0.227998
0.0637 0.228208
0.0638 0.228377
0.0639 0.228792
0.064 0.229099
0.0641 0.229669
0.0642 0.229836
0.0643 0.230376
0.0644 0.230696
0.0645 0.230946
0.0646 0.231184
0.0647 0.231625
0.0648 0.232014
0.0649 0.232363
0.065 0.232529
0.0651 0.232519
0.0652 0.232724
0.0653 0.233089
0.0654 0.233448
0.0655 0.233704
0.0656 0.2342
0.0657 0.234469
0.0658 0.234887
0.0659 0.235327
0.066 0.235878
0.0661 0.236041
0.0662 0.236184
0.0663 0.236501
0.0664 0.237015
0.0665 0.23734
0.0666 0.237476
0.0667 0.237919
0.0668 0.238256
0.0669 0.238428
0.067 0.238606
0.0671 0.238809
0.0672 0.239169
0.0673 0.239597
0.0674 0.240048
0.0675 0.24037
0.0676 0.240874
0.0677 0.241228
0.0678 0.241513
0.0679 0.24209
0.068 0.24263
0.0681 0.243076
0.0682 0.243668
0.0683 0.243779
0.0684 0.244314
0.0685 0.244503
0.0686 0.244966
0.0687 0.245403
0.0688 0.245699
0.0689 0.245715
0.069 0.245909
0.0691 0.246181
0.0692 0.246499
0.0693 0.247041
0.0694 0.247452
0.0695 0.248006
0.0696 0.248519
0.0697 0.248871
0.0698 0.249206
0.0699 0.249474
0.07 0.249754
0.0701 0.250337
0.0702 0.250697
0.0703 0.250957
0.0704 0.251263
0.0705 0.251451
0.0706 0.251812
0.0707 0.252215
0.0708 0.252466
0.0709 0.252838
0.071 0.25318
0.0711 0.253611
0.0712 0.253782
0.0713 0.254014
0.0714 0.254409
0.0715 0.25455
0.0716 0.25507
0.0717 0.255411
0.0718 0.255765
0.0719 0.255931
0.072 0.256396
0.0721 0.256503
0.0722 0.256819
0.0723 0.257171
0.0724 0.257553
0.0725 0.257973
0.0726 0.258159
0.0727 0.258403
0.0728 0.258702
0.0729 0.258979
0.073 0.259198
0.0731 0.259576
0.0732 0.259609
0.0733 0.259885
0.0734 0.260321
0.0735 0.260822
0.0736 0.261024
0.0737 0.261216
0.0738 0.261418
0.0739 0.261649
0.074 0.261764
0.0741 0.262156
0.0742 0.262529
0.0743 0.262893
0.0744 0.263308
0.0745 0.263612
0.0746 0.264152
0.0747 0.264511
0.0748 0.264708
0.0749 0.264975
0.075 0.265375
0.0751 0.26558
0.0752 0.265663
0.0753 0.26602
0.0754 0.266278
0.0755 0.266721
0.0756 0.267192
0.0757 0.26745
0.0758 0.267677
0.0759 0.267925
0.076 0.267943
0.0761 0.268334
0.0762 0.268341
0.0763 0.268539
0.0764 0.268753
0.0765 0.268995
0.0766 0.269183
0.0767 0.269634
0.0768 0.27011
0.0769 0.270462
0.077 0.270742
0.0771 0.27095
0.0772 0.271285
0.0773 0.271817
0.0774 0.272158
0.0775 0.27245
0.0776 0.272843
0.0777 0.273237
0.0778 0.27368
0.0779 0.273794
0.078 0.274153
0.0781 0.274327
0.0782 0.274649
0.0783 0.275004
0.0784 0.275536
0.0785 0.275905
0.0786 0.276523
0.0787 0.276722
0.0788 0.277054
0.0789 0.277702
0.079 0.277912
0.0791 0.278311
0.0792 0.278538
0.0793 0.279036
0.0794 0.279363
0.0795 0.279843
0.0796 0.280236
0.0797 0.280725
0.0798 0.281068
0.0799 0.281248
0.08 0.281549
0.0801 0.28193
0.0802 0.282298
0.0803 0.282843
0.0804 0.283055
0.0805 0.283398
0.0806 0.283603
0.0807 0.283935
0.0808 0.284158
0.0809 0.284428
0.081 0.284811
0.0811 0.285243
0.0812 0.28556
0.0813 0.286055
0.0814 0.286329
0.0815 0.286685
0.0816 0.286877
0.0817 0.287138
0.0818 0.287501
0.0819 0.287834
0.082 0.287819
0.0821 0.288041
0.0822 0.288219
0.0823 0.288274
0.0824 0.288608
0.0825 0.288768
0.0826 0.289116
0.0827 0.289391
0.0828 0.289645
0.0829 0.289938
0.083 0.29059
0.0831 0.290797
0.0832 0.291357
0.0833 0.291761
0.0834 0.292135
0.0835 0.292292
0.0836 0.292516
0.0837 0.292752
0.0838 0.293182
0.0839 0.293451
0.084 0.293777
0.0841 0.294104
0.0842 0.294441
0.0843 0.294986
0.0844 0.295252
0.0845 0.29542
0.0846 0.295505
0.0847 0.295854
0.0848 0.295978
0.0849 0.296178
0.085 0.296691
0.0851 0.297011
0.0852 0.297552
0.0853 0.297878
0.0854 0.298305
0.0855 0.298773
0.0856 0.29937
0.0857 0.29942
0.0858 0.300015
0.0859 0.300044
0.086 0.300305
0.0861 0.300708
0.0862 0.301012
0.0863 0.301454
0.0864 0.301829
0.0865 0.302087
0.0866 0.302618
0.0867 0.302953
0.0868 0.303428
0.0869 0.303856
0.087 0.303933
0.0871 0.304385
0.0872 0.304655
0.0873 0.305045
0.0874 0.305229
0.0875 0.305326
0.0876 0.305451
0.0877 0.305811
0.0878 0.306279
0.0879 0.306447
0.088 0.306874
0.0881 0.307287
0.0882 0.307609
0.0883 0.307864
0.0884 0.308017
0.0885 0.308441
0.0886 0.308653
0.0887 0.308582
0.0888 0.3089
0.0889 0.309489
0.089 0.309865
0.0891 0.310029
0.0892 0.310325
0.0893 0.310827
0.0894 0.311152
0.0895 0.311424
0.0896 0.311884
0.0897 0.31252
0.0898 0.312925
0.0899 0.313343
0.09 0.313585
0.0901 0.313791
0.0902 0.314172
0.0903 0.314712
0.0904 0.315114
0.0905 0.315344
0.0906 0.315673
0.0907 0.316178
0.0908 0.31669
0.0909 0.316728
0.091 0.316765
0.0911 0.31714
0.0912 0.31741
0.0913 0.317675
0.0914 0.318096
0.0915 0.318428
0.0916 0.318906
0.0917 0.319302
0.0918 0.319708
0.0919 0.319951
0.092 0.320043
0.0921 0.32046
0.0922 0.320858
0.0923 0.321177
0.0924 0.321442
0.0925 0.32178
0.0926 0.32194
0.0927 0.322399
0.0928 0.322585
0.0929 0.322903
0.093 0.323239
0.0931 0.323585
0.0932 0.323713
0.0933 0.323913
0.0934 0.324077
0.0935 0.324574
0.0936 0.324934
0.0937 0.325166
0.0938 0.325658
0.0939 0.326161
0.094 0.326353
0.0941 0.326623
0.0942 0.326854
0.0943 0.326936
0.0944 0.3273
0.0945 0.327383
0.0946 0.327802
0.0947 0.328139
0.0948 0.328602
0.0949 0.328943
0.095 0.328894
0.0951 0.328965
0.0952 0.329196
0.0953 0.329667
0.0954 0.330007
0.0955 0.330415
0.0956 0.330612
0.0957 0.331257
0.0958 0.331715
0.0959 0.332208
0.096 0.332843
0.0961 0.333288
0.0962 0.333726
0.0963 0.334096
0.0964 0.334097
0.0965 0.334462
0.0966 0.334841
0.0967 0.335315
0.0968 0.335986
0.0969 0.336111
0.097 0.336553
0.0971 0.336511
0.0972 0.336744
0.0973 0.337171
0.0974 0.337278
0.0975 0.337799
0.0976 0.338017
0.0977 0.338483
0.0978 0.338932
0.0979 0.339092
0.098 0.339386
0.0981 0.340025
0.0982 0.340161
0.0983 0.340549
0.0984 0.340831
0.0985 0.341001
0.0986 0.341171
0.0987 0.341503
0.0988 0.341521
0.0989 0.341385
0.099 0.342022
0.0991 0.342329
0.0992 0.342921
0.0993 0.343273
0.0994 0.343803
0.0995 0.344259
0.0996 0.344354
0.0997 0.344749
0.0998 0.345092
0.0999 0.345475
0.1 0.345803
0.1001 0.346008
0.1002 0.346427
0.1003 0.346551
0.1004 0.346902
0.1005 0.347354
0.1006 0.347583
0.1007 0.347737
0.1008 0.347755
0.1009 0.347997
0.101 0.348058
0.1011 0.34864
0.1012 0.349125
0.1013 0.349379
0.1014 0.349801
0.1015 0.350197
0.1016 0.350795
0.1017 0.351004
0.1018 0.351389
0.1019 0.351806
0.102 0.352136
0.1021 0.352597
0.1022 0.35294
0.1023 0.353122
0.1024 0.353598
0.1025 0.353843
0.1026 0.354173
0.1027 0.354294
0.1028 0.354327
0.1029 0.354901
0.103 0.355046
0.1031 0.355518
0.1032 0.355614
0.1033 0.355945
0.1034 0.356194
0.1035 0.356603
0.1036 0.356715
0.1037 0.356971
0.1038 0.357377
0.1039 0.357465
0.104 0.357831
0.1041 0.35836
0.1042 0.358689
0.1043 0.359102
0.1044 0.359162
0.1045 0.359549
0.1046 0.359887
0.1047 0.360267
0.1048 0.360552
0.1049 0.360901
0.105 0.361158
0.1051 0.361326
0.1052 0.361801
0.1053 0.362245
0.1054 0.36245
0.1055 0.362669
0.1056 0.363084
0.1057 0.363516
0.1058 0.363998
0.1059 0.364652
0.106 0.365247
0.1061 0.365603
0.1062 0.366127
0.1063 0.36655
0.1064 0.366527
0.1065 0.366987
0.1066 0.367242
0.1067 0.36756
0.1068 0.36792
0.1069 0.368097
0.107 0.368282
0.1071 0.368684
0.1072 0.369347
0.1073 0.369845
0.1074 0.370068
0.1075 0.370029
0.1076 0.370331
0.1077 0.370632
0.1078 0.371047
0.1079 0.371017
0.108 0.371738
0.1081 0.372111
0.1082 0.372408
0.1083 0.372557
0.1084 0.373058
0.1085 0.373097
0.1086 0.373144
0.1087 0.373822
0.1088 0.374018
0.1089 0.374219
0.109 0.374503
0.1091 0.374947
0.1092 0.375461
0.1093 0.375575
0.1094 0.37611
0.1095 0.376292
0.1096 0.376825
0.1097 0.37722
0.1098 0.377298
0.1099 0.37737
0.11 0.377606
0.1101 0.377861
0.1102 0.378256
0.1103 0.378327
0.1104 0.378598
0.1105 0.37896
0.1106 0.379494
0.1107 0.379883
0.1108 0.380258
0.1109 0.380579
0.111 0.380857
0.1111 0.380851
0.1112 0.381317
0.1113 0.3817
0.1114 0.381875
0.1115 0.38222
