0 0
0.0001 0.000402542
0.0002 0.000799567
0.0003 0.00120214
0.0004 0.00159446
0.0005 0.00198637
0.0006 0.00236552
0.0007 0.00275551
0.0008 0.00316967
0.0009 0.00359789
0.001 0.00402372
0.0011 0.00441363
0.0012 0.00484074
0.0013 0.00524091
0.0014 0.00560601
0.0015 0.00602505
0.0016 0.00644989
0.0017 0.0068251
0.0018 0.00721564
0.0019 0.00761288
0.002 0.00801064
0.0021 0.00841844
0.0022 0.00882214
0.0023 0.00919096
0.0024 0.00960728
0.0025 0.00993222
0.0026 0.0103019
0.0027 0.0106486
0.0028 0.0110475
0.0029 0.0114218
0.003 0.0118265
0.0031 0.0122238
0.0032 0.0126094
0.0033 0.0129862
0.0034 0.0133964
0.0035 0.0137977
0.0036 0.0142605
0.0037 0.0146795
0.0038 0.0150894
0.0039 0.0155278
0.004 0.0160121
0.0041 0.0164229
0.0042 0.0168223
0.0043 0.0171957
0.0044 0.0175654
0.0045 0.0179773
0.0046 0.018359
0.0047 0.0187889
0.0048 0.0192356
0.0049 0.0196052
0.005 0.0199858
0.0051 0.0203899
0.0052 0.0207677
0.0053 0.0211799
0.0054 0.0216115
0.0055 0.0220762
0.0056 0.0224853
0.0057 0.0228771
0.0058 0.0232288
0.0059 0.0236507
0.006 0.0240846
0.0061 0.024501
0.0062 0.0248399
0.0063 0.0252313
0.0064 0.0256374
0.0065 0.025981
0.0066 0.0263454
0.0067 0.0267449
0.0068 0.0271792
0.0069 0.0276231
0.007 0.0279951
0.0071 0.0283531
0.0072 0.0287873
0.0073 0.0291322
0.0074 0.0295758
0.0075 0.0299827
0.0076 0.0303551
0.0077 0.030719
0.0078 0.0311718
0.0079 0.0316095
0.008 0.0320232
0.0081 0.0324362
0.0082 0.0327763
0.0083 0.0331611
0.0084 0.0334948
0.0085 0.0338621
0.0086 0.0342937
0.0087 0.0346783
0.0088 0.0351547
0.0089 0.0354989
0.009 0.0359633
0.0091 0.0363619
0.0092 0.0367563
0.0093 0.0371896
0.0094 0.0376694
0.0095 0.0379861
0.0096 0.038387
0.0097 0.038888
0.0098 0.0393384
0.0099 0.0397184
0.01 0.0400788
0.0101 0.0404262
0.0102 0.040881
0.0103 0.0412827
0.0104 0.0416705
0.0105 0.0420646
0.0106 0.0424239
0.0107 0.0426821
0.0108 0.0431126
0.0109 0.0435357
0.011 0.0439494
0.0111 0.0444036
0.0112 0.0447392
0.0113 0.0451979
0.0114 0.0455702
0.0115 0.0460728
0.0116 0.0465526
0.0117 0.0468131
0.0118 0.0472417
0.0119 0.0476977
0.012 0.0479649
0.0121 0.0484486
0.0122 0.04879
0.0123 0.0491787
0.0124 0.0495899
0.0125 0.0499032
0.0126 0.0503436
0.0127 0.0507167
0.0128 0.0510579
0.0129 0.0514358
0.013 0.0517718
0.0131 0.0521276
0.0132 0.0526129
0.0133 0.0529501
0.0134 0.0533681
0.0135 0.0538141
0.0136 0.054267
0.0137 0.0546433
0.0138 0.055056
0.0139 0.0555051
0.014 0.0558927
0.0141 0.0563545
0.0142 0.0567959
0.0143 0.0571346
0.0144 0.0574871
0.0145 0.0577147
0.0146 0.0581376
0.0147 0.0586607
0.0148 0.0590842
0.0149 0.0594912
0.015 0.059931
0.0151 0.0602765
0.0152 0.0606533
0.0153 0.0610398
0.0154 0.0613398
0.0155 0.0617238
0.0156 0.0620419
0.0157 0.0624277
0.0158 0.0627212
0.0159 0.063159
0.016 0.063482
0.0161 0.0639496
0.0162 0.0642721
0.0163 0.0647247
0.0164 0.0651118
0.0165 0.0654812
0.0166 0.0659242
0.0167 0.0662759
0.0168 0.066706
0.0169 0.0670483
0.017 0.0673746
0.0171 0.0678504
0.0172 0.0682045
0.0173 0.0686511
0.0174 0.069083
0.0175 0.0695433
0.0176 0.0698478
0.0177 0.0702709
0.0178 0.0706336
0.0179 0.0709783
0.018 0.0714699
0.0181 0.0718338
0.0182 0.0721791
0.0183 0.0724671
0.0184 0.0728004
0.0185 0.0731143
0.0186 0.0735451
0.0187 0.0738003
0.0188 0.0742527
0.0189 0.0747284
0.019 0.0750478
0.0191 0.0755109
0.0192 0.0758721
0.0193 0.076382
0.0194 0.0767414
0.0195 0.077204
0.0196 0.0775631
0.0197 0.0779016
0.0198 0.0782553
0.0199 0.0785996
0.02 0.0789803
0.0201 0.0792007
0.0202 0.0795123
0.0203 0.0798049
0.0204 0.0801735
0.0205 0.0804834
0.0206 0.0808511
0.0207 0.0812294
0.0208 0.0814208
0.0209 0.0817929
0.021 0.0819484
0.0211 0.0824081
0.0212 0.0826201
0.0213 0.0830228
0.0214 0.083311
0.0215 0.0836946
0.0216 0.0840261
0.0217 0.084311
0.0218 0.0847297
0.0219 0.0851013
0.022 0.0853961
0.0221 0.0857924
0.0222 0.0861282
0.0223 0.0866504
0.0224 0.0870268
0.0225 0.087333
0.0226 0.0876992
0.0227 0.0880669
0.0228 0.0884636
0.0229 0.0889944
0.023 0.089196
0.0231 0.0895058
0.0232 0.0898851
0.0233 0.0902579
0.0234 0.0906893
0.0235 0.0910364
0.0236 0.09124
0.0237 0.0916066
0.0238 0.0920058
0.0239 0.0923129
0.024 0.0926555
0.0241 0.0930548
0.0242 0.093496
0.0243 0.0938338
0.0244 0.0942378
0.0245 0.0945831
0.0246 0.0949485
0.0247 0.0954332
0.0248 0.0958546
0.0249 0.0962408
0.025 0.0966198
0.0251 0.0970392
0.0252 0.0974288
0.0253 0.0977816
0.0254 0.0980085
0.0255 0.0983255
0.0256 0.0986894
0.0257 0.0991556
0.0258 0.099563
0.0259 0.100001
0.026 0.100486
0.0261 0.100844
0.0262 0.101155
0.0263 0.101518
0.0264 0.101887
0.0265 0.102146
0.0266 0.10244
0.0267 0.102777
0.0268 0.103169
0.0269 0.103372
0.027 0.103717
0.0271 0.104205
0.0272 0.104508
0.0273 0.104867
0.0274 0.105134
0.0275 0.10548
0.0276 0.105797
0.0277 0.106126
0.0278 0.10641
0.0279 0.106839
0.028 0.107353
0.0281 0.10762
0.0282 0.107883
0.0283 0.108253
0.0284 0.10857
0.0285 0.108896
0.0286 0.109208
0.0287 0.109636
0.0288 0.109856
0.0289 0.110332
0.029 0.110643
0.0291 0.111074
0.0292 0.11144
0.0293 0.11182
0.0294 0.112205
0.0295 0.112587
0.0296 0.112885
0.0297 0.113249
0.0298 0.113545
0.0299 0.113932
0.03 0.11406
0.0301 0.114301
0.0302 0.114584
0.0303 0.115076
0.0304 0.115482
0.0305 0.115841
0.0306 0.116364
0.0307 0.116705
0.0308 0.117136
0.0309 0.117512
0.031 0.117953
0.0311 0.118375
0.0312 0.118646
0.0313 0.118842
0.0314 0.119367
0.0315 0.119676
0.0316 0.119969
0.0317 0.120311
0.0318 0.120698
0.0319 0.121038
0.032 0.121459
0.0321 0.121913
0.0322 0.122306
0.0323 0.122698
0.0324 0.123245
0.0325 0.123593
0.0326 0.123875
0.0327 0.124204
0.0328 0.124722
0.0329 0.125001
0.033 0.125263
0.0331 0.125553
0.0332 0.125986
0.0333 0.126256
0.0334 0.126557
0.0335 0.126732
0.0336 0.127217
0.0337 0.127697
0.0338 0.127812
0.0339 0.127985
0.034 0.128511
0.0341 0.128792
0.0342 0.129141
0.0343 0.12965
0.0344 0.130022
0.0345 0.13022
0.0346 0.130629
0.0347 0.130955
0.0348 0.131472
0.0349 0.131838
0.035 0.132137
0.0351 0.132511
0.0352 0.132737
0.0353 0.133009
0.0354 0.133472
0.0355 0.133825
0.0356 0.134112
0.0357 0.134402
0.0358 0.134614
0.0359 0.134879
0.036 0.135288
0.0361 0.135684
0.0362 0.136021
0.0363 0.136303
0.0364 0.13688
0.0365 0.137277
0.0366 0.137495
0.0367 0.137637
0.0368 0.138011
0.0369 0.138431
0.037 0.138941
0.0371 0.139217
0.0372 0.139738
0.0373 0.139949
0.0374 0.140427
0.0375 0.140822
0.0376 0.141141
0.0377 0.141581
0.0378 0.141979
0.0379 0.142181
0.038 0.142338
0.0381 0.142551
0.0382 0.142825
0.0383 0.143326
0.0384 0.143765
0.0385 0.144072
0.0386 0.144372
0.0387 0.144682
0.0388 0.145031
0.0389 0.145395
0.039 0.145781
0.0391 0.1461
0.0392 0.146318
0.0393 0.146601
0.0394 0.146862
0.0395 0.147139
0.0396 0.147529
0.0397 0.147794
0.0398 0.148216
0.0399 0.148723
0.04 0.149114
0.0401 0.149501
0.0402 0.149837
0.0403 0.150294
0.0404 0.150555
0.0405 0.150696
0.0406 0.15121
0.0407 0.151517
0.0408 0.151786
0.0409 0.152168
0.041 0.152406
0.0411 0.152592
0.0412 0.152945
0.0413 0.153308
0.0414 0.153611
0.0415 0.153889
0.0416 0.15421
0.0417 0.154415
0.0418 0.154889
0.0419 0.155223
0.042 0.155631
0.0421 0.155992
0.0422 0.156385
0.0423 0.156693
0.0424 0.157277
0.0425 0.157698
0.0426 0.157981
0.0427 0.158375
0.0428 0.158616
0.0429 0.158664
0.043 0.159016
0.0431 0.159316
0.0432 0.159782
0.0433 0.160065
0.0434 0.160457
0.0435 0.160891
0.0436 0.161347
0.0437 0.161639
0.0438 0.162098
0.0439 0.162465
0.044 0.162862
0.0441 0.163183
0.0442 0.163495
0.0443 0.16392
0.0444 0.164166
0.0445 0.164417
0.0446 0.164755
0.0447 0.164881
0.0448 0.165432
0.0449 0.166008
0.045 0.166468
0.0451 0.167091
0.0452 0.167319
0.0453 0.167591
0.0454 0.16799
0.0455 0.168221
0.0456 0.168407
0.0457 0.168586
0.0458 0.16895
0.0459 0.169284
0.046 0.169406
0.0461 0.169782
0.0462 0.170283
0.0463 0.170326
0.0464 0.170651
0.0465 0.170773
0.0466 0.171018
0.0467 0.17128
0.0468 0.17152
0.0469 0.171898
0.047 0.172154
0.0471 0.172684
0.0472 0.173156
0.0473 0.173568
0.0474 0.173739
0.0475 0.174066
0.0476 0.174369
0.0477 0.174482
0.0478 0.1748
0.0479 0.174896
0.048 0.175147
0.0481 0.175441
0.0482 0.175743
0.0483 0.175976
0.0484 0.176282
0.0485 0.176511
0.0486 0.176984
0.0487 0.177278
0.0488 0.177704
0.0489 0.177957
0.049 0.178246
0.0491 0.178539
0.0492 0.179007
0.0493 0.179295
0.0494 0.179657
0.0495 0.17995
0.0496 0.180369
0.0497 0.180652
0.0498 0.180751
0.0499 0.181053
0.05 0.181583
0.0501 0.181992
0.0502 0.182643
0.0503 0.183095
0.0504 0.18346
0.0505 0.183887
0.0506 0.184257
0.0507 0.184526
0.0508 0.184891
0.0509 0.185376
0.051 0.185609
0.0511 0.1862
0.0512 0.186638
0.0513 0.186997
0.0514 0.187243
0.0515 0.187423
0.0516 0.18767
0.0517 0.18802
0.0518 0.188497
0.0519 0.188842
0.052 0.189388
0.0521 0.189941
0.0522 0.190189
0.0523 0.190582
0.0524 0.190799
0.0525 0.191198
0.0526 0.19164
0.0527 0.191906
0.0528 0.192386
0.0529 0.192717
0.053 0.193176
0.0531 0.193648
0.0532 0.193999
0.0533 0.194318
0.0534 0.194579
0.0535 0.194882
0.0536 0.195073
0.0537 0.19526
0.0538 0.195664
0.0539 0.195997
0.054 0.196159
0.0541 0.196362
0.0542 0.196588
0.0543 0.196729
0.0544 0.196877
0.0545 0.197195
0.0546 0.197672
0.0547 0.198154
0.0548 0.19858
0.0549 0.198725
0.055 0.199062
0.0551 0.199384
0.0552 0.199944
0.0553 0.200305
0.0554 0.200656
0.0555 0.200886
0.0556 0.201078
0.0557 0.201329
0.0558 0.201612
0.0559 0.20186
0.056 0.202126
0.0561 0.20258
0.0562 0.202979
0.0563 0.203364
0.0564 0.203565
0.0565 0.203977
0.0566 0.204187
0.0567 0.20443
0.0568 0.204642
0.0569 0.204971
0.057 0.205249
0.0571 0.205753
0.0572 0.205876
0.0573 0.206351
0.0574 0.206604
0.0575 0.207066
0.0576 0.207363
0.0577 0.207752
0.0578 0.208204
0.0579 0.208419
0.058 0.208739
0.0581 0.208868
0.0582 0.209244
0.0583 0.20971
0.0584 0.210101
0.0585 0.21058
0.0586 0.211018
0.0587 0.211351
0.0588 0.211903
0.0589 0.212222
0.059 0.212459
0.0591 0.213
0.0592 0.213108
0.0593 0.213272
0.0594 0.213553
0.0595 0.213798
0.0596 0.21426
0.0597 0.214876
0.0598 0.215367
0.0599 0.215694
0.06 0.216027
0.0601 0.216234
0.0602 0.216448
0.0603 0.216773
0.0604 0.216956
0.0605 0.21727
0.0606 0.217552
0.0607 0.217564
0.0608 0.218298
0.0609 0.218663
0.061 0.219016
0.0611 0.219421
0.0612 0.21956
0.0613 0.219951
0.0614 0.220279
0.0615 0.2204
0.0616 0.220667
0.0617 0.221174
0.0618 0.221426
0.0619 0.221644
0.062 0.222074
0.0621 0.222181
0.0622 0.222335
0.0623 0.222672
0.0624 0.222981
0.0625 0.223289
0.0626 0.223919
0.0627 0.224504
0.0628 0.224865
0.0629 0.225074
0.063 0.225463
0.0631 0.225744
0.0632 0.22602
0.0633 0.226457
0.0634 0.226708
0.0635 0.22731
0.0636 0.227346
0.0637 0.227791
0.0638 0.228221
0.0639 0.228635
0.064 0.228936
0.0641 0.229159
0.0642 0.229281
0.0643 0.229491
0.0644 0.230007
0.0645 0.230253
0.0646 0.230481
0.0647 0.230652
0.0648 0.231081
0.0649 0.23161
0.065 0.231999
0.0651 0.232354
0.0652 0.232608
0.0653 0.232774
0.0654 0.23325
0.0655 0.233418
0.0656 0.233885
0.0657 0.234045
0.0658 0.234308
0.0659 0.234605
0.066 0.234959
0.0661 0.235419
0.0662 0.235612
0.0663 0.236017
0.0664 0.236322
0.0665 0.236762
0.0666 0.237126
0.0667 0.237584
0.0668 0.237838
0.0669 0.238169
0.067 0.238471
0.0671 0.238805
0.0672 0.239143
0.0673 0.239595
0.0674 0.239812
0.0675 0.24029
0.0676 0.240457
0.0677 0.240725
0.0678 0.24113
0.0679 0.241739
0.068 0.241979
0.0681 0.242301
0.0682 0.242896
0.0683 0.243373
0.0684 0.243635
0.0685 0.243797
0.0686 0.24408
0.0687 0.244228
0.0688 0.244577
0.0689 0.244634
0.069 0.245029
0.0691 0.245432
0.0692 0.245693
0.0693 0.245933
0.0694 0.246199
0.0695 0.246587
0.0696 0.247042
0.0697 0.24732
0.0698 0.247391
0.0699 0.247865
0.07 0.24826
0.0701 0.248522
0.0702 0.249025
0.0703 0.24926
0.0704 0.249601
0.0705 0.249749
0.0706 0.250155
0.0707 0.25064
0.0708 0.251048
0.0709 0.251529
0.071 0.252018
0.0711 0.252508
0.0712 0.253194
0.0713 0.253509
0.0714 0.25395
0.0715 0.254437
0.0716 0.254929
0.0717 0.255232
0.0718 0.255637
0.0719 0.256061
0.072 0.256307
0.0721 0.256711
0.0722 0.257056
0.0723 0.257632
0.0724 0.258026
0.0725 0.258222
0.0726 0.258457
0.0727 0.258675
0.0728 0.258968
0.0729 0.259369
0.073 0.259559
0.0731 0.260058
0.0732 0.260322
0.0733 0.260777
0.0734 0.260992
0.0735 0.261166
0.0736 0.261093
0.0737 0.261413
0.0738 0.261732
0.0739 0.262247
0.074 0.262755
0.0741 0.263103
0.0742 0.263182
0.0743 0.263594
0.0744 0.263959
0.0745 0.26446
0.0746 0.264684
0.0747 0.265194
0.0748 0.265598
0.0749 0.266159
0.075 0.266334
0.0751 0.266485
0.0752 0.266932
0.0753 0.267121
0.0754 0.267611
0.0755 0.268169
0.0756 0.268558
0.0757 0.268759
0.0758 0.268887
0.0759 0.269252
0.076 0.269719
0.0761 0.26998
0.0762 0.270315
0.0763 0.270662
0.0764 0.271042
0.0765 0.271438
0.0766 0.271898
0.0767 0.272266
0.0768 0.272352
0.0769 0.272719
0.077 0.273072
0.0771 0.273288
0.0772 0.273938
0.0773 0.273966
0.0774 0.274376
0.0775 0.274432
0.0776 0.27459
0.0777 0.275104
0.0778 0.275607
0.0779 0.275825
0.078 0.276182
0.0781 0.276645
0.0782 0.276912
0.0783 0.277224
0.0784 0.27749
0.0785 0.277548
0.0786 0.27769
0.0787 0.277986
0.0788 0.278486
0.0789 0.278999
0.079 0.279327
0.0791 0.279926
0.0792 0.280462
0.0793 0.28075
0.0794 0.280995
0.0795 0.281507
0.0796 0.281876
0.0797 0.282032
0.0798 0.282263
0.0799 0.28256
0.08 0.282802
0.0801 0.283225
0.0802 0.283528
0.0803 0.28377
0.0804 0.284089
0.0805 0.284472
0.0806 0.285012
0.0807 0.285397
0.0808 0.285818
0.0809 0.28614
0.081 0.286587
0.0811 0.286667
0.0812 0.287114
0.0813 0.287457
0.0814 0.287739
0.0815 0.288213
0.0816 0.288285
0.0817 0.288471
0.0818 0.288971
0.0819 0.289302
0.082 0.289524
0.0821 0.289621
0.0822 0.289655
0.0823 0.290153
0.0824 0.29059
0.0825 0.290832
0.0826 0.291001
0.0827 0.29123
0.0828 0.291491
0.0829 0.291624
0.083 0.29204
0.0831 0.292184
0.0832 0.292499
0.0833 0.29285
0.0834 0.293406
0.0835 0.29391
0.0836 0.294218
0.0837 0.294466
0.0838 0.294869
0.0839 0.295303
0.084 0.295559
0.0841 0.296227
0.0842 0.296726
0.0843 0.297081
0.0844 0.2974
0.0845 0.297962
0.0846 0.298066
0.0847 0.298544
0.0848 0.298655
0.0849 0.299055
0.085 0.299236
0.0851 0.299427
0.0852 0.299962
0.0853 0.300129
0.0854 0.300337
0.0855 0.300695
0.0856 0.300839
0.0857 0.301239
0.0858 0.30158
0.0859 0.301794
0.086 0.302319
0.0861 0.302744
0.0862 0.30295
0.0863 0.30298
0.0864 0.303118
0.0865 0.303278
0.0866 0.303541
0.0867 0.303618
0.0868 0.304027
0.0869 0.304336
0.087 0.304528
0.0871 0.305048
0.0872 0.305294
0.0873 0.305774
0.0874 0.306238
0.0875 0.306496
0.0876 0.306797
0.0877 0.307061
0.0878 0.307443
0.0879 0.307988
0.088 0.308218
0.0881 0.308529
0.0882 0.308842
0.0883 0.30919
0.0884 0.309582
0.0885 0.310009
0.0886 0.310228
0.0887 0.310419
0.0888 0.310637
0.0889 0.310795
0.089 0.311224
0.0891 0.31134
0.0892 0.31162
0.0893 0.31212
0.0894 0.312533
0.0895 0.312725
0.0896 0.313068
0.0897 0.313216
0.0898 0.313615
0.0899 0.313834
0.09 0.314149
0.0901 0.314209
0.0902 0.314445
0.0903 0.315008
0.0904 0.315388
0.0905 0.315774
0.0906 0.316019
0.0907 0.316381
0.0908 0.316887
0.0909 0.317275
0.091 0.317679
0.0911 0.317912
0.0912 0.318263
0.0913 0.318398
0.0914 0.318608
0.0915 0.318675
0.0916 0.319033
0.0917 0.319267
0.0918 0.319791
0.0919 0.320085
0.092 0.320517
0.0921 0.320528
0.0922 0.320781
0.0923 0.321238
0.0924 0.321604
0.0925 0.321731
0.0926 0.321885
0.0927 0.322326
0.0928 0.322478
0.0929 0.322985
0.093 0.323192
0.0931 0.323688
0.0932 0.32392
0.0933 0.324283
0.0934 0.324648
0.0935 0.324671
0.0936 0.325004
0.0937 0.325144
0.0938 0.325411
0.0939 0.325568
0.094 0.325834
0.0941 0.326024
0.0942 0.326415
0.0943 0.326521
0.0944 0.326691
0.0945 0.327139
0.0946 0.327684
0.0947 0.328078
0.0948 0.328431
0.0949 0.328912
0.095 0.329335
0.0951 0.329778
0.0952 0.330133
0.0953 0.330468
0.0954 0.330767
0.0955 0.331036
0.0956 0.331215
0.0957 0.331449
0.0958 0.332031
0.0959 0.332301
0.096 0.332499
0.0961 0.33254
0.0962 0.332627
0.0963 0.333012
0.0964 0.333491
0.0965 0.333675
0.0966 0.334001
0.0967 0.334345
0.0968 0.334605
0.0969 0.335083
0.097 0.335113
0.0971 0.335798
0.0972 0.336108
0.0973 0.336556
0.0974 0.336901
0.0975 0.337534
0.0976 0.338072
0.0977 0.338651
0.0978 0.339436
0.0979 0.339824
0.098 0.340277
0.0981 0.340804
0.0982 0.341289
0.0983 0.341453
0.0984 0.341845
0.0985 0.342179
0.0986 0.342565
0.0987 0.343283
0.0988 0.343692
0.0989 0.343838
0.099 0.344101
0.0991 0.344433
0.0992 0.344536
0.0993 0.344991
0.0994 0.345299
0.0995 0.345748
0.0996 0.346144
0.0997 0.346602
0.0998 0.346881
0.0999 0.34684
0.1 0.347248
0.1001 0.347521
0.1002 0.347913
0.1003 0.348055
0.1004 0.348184
0.1005 0.348693
0.1006 0.348907
0.1007 0.349195
0.1008 0.349486
0.1009 0.349604
0.101 0.349946
0.1011 0.350618
0.1012 0.35078
0.1013 0.351325
0.1014 0.351468
0.1015 0.351792
0.1016 0.352195
0.1017 0.352477
0.1018 0.352617
0.1019 0.352889
0.102 0.353389
0.1021 0.353877
0.1022 0.354301
0.1023 0.35463
0.1024 0.355172
0.1025 0.355369
0.1026 0.356084
0.1027 0.356387
0.1028 0.35647
0.1029 0.356664
0.103 0.357098
0.1031 0.357752
0.1032 0.357987
0.1033 0.358215
0.1034 0.358446
0.1035 0.35845
0.1036 0.35887
0.1037 0.359013
0.1038 0.35963
0.1039 0.359913
0.104 0.36012
0.1041 0.360351
0.1042 0.360957
0.1043 0.361027
0.1044 0.361255
0.1045 0.361627
0.1046 0.362151
0.1047 0.362538
0.1048 0.362654
0.1049 0.362831
0.105 0.363125
0.1051 0.363406
0.1052 0.36364
0.1053 0.363643
0.1054 0.363761
0.1055 0.364227
0.1056 0.364585
0.1057 0.365195
0.1058 0.365231
0.1059 0.365633
0.106 0.365966
0.1061 0.366256
0.1062 0.366303
0.1063 0.366664
0.1064 0.367115
0.1065 0.367276
0.1066 0.367746
0.1067 0.368066
0.1068 0.368389
0.1069 0.368933
0.107 0.369399
0.1071 0.369699
0.1072 0.369925
0.1073 0.370317
0.1074 0.370453
0.1075 0.370968
0.1076 0.371328
0.1077 0.371669
0.1078 0.371884
0.1079 0.372195
0.108 0.37229
0.1081 0.372518
0.1082 0.372525
0.1083 0.372633
0.1084 0.372982
0.1085 0.373603
0.1086 0.373789
0.1087 0.374192
0.1088 0.374446
0.1089 0.374918
0.109 0.374885
0.1091 0.375106
0.1092 0.375293
0.1093 0.375284
0.1094 0.375485
0.1095 0.375832
0.1096 0.37618
0.1097 0.376355
0.1098 0.376603
0.1099 0.376834
0.11 0.376925
0.1101 0.377339
0.1102 0.377429
0.1103 0.37767
0.1104 0.378212
0.1105 0.378421
0.1106 0.378907
0.1107 0.379583
0.1108 0.379771
0.1109 0.38036
0.111 0.380777
0.1111 0.381205
0.1112 0.381827
0.1113 0.382414
0.1114 0.382624
0.1115 0.382978
