0 0
0.0001 0.000396115
0.0002 0.000797124
0.0003 0.00118861
0.0004 0.00160502
0.0005 0.00200889
0.0006 0.00239225
0.0007 0.00279351
0.0008 0.00318655
0.0009 0.00355768
0.001 0.00396178
0.0011 0.00439801
0.0012 0.0047907
0.0013 0.00518026
0.0014 0.00557675
0.0015 0.00594569
0.0016 0.00639426
0.0017 0.00676057
0.0018 0.00712564
0.0019 0.00748717
0.002 0.00796054
0.0021 0.00835236
0.0022 0.00875384
0.0023 0.00919228
0.0024 0.00962639
0.0025 0.0100353
0.0026 0.0104141
0.0027 0.0108038
0.0028 0.0111868
0.0029 0.0115773
0.003 0.0119872
0.0031 0.0123984
0.0032 0.0127524
0.0033 0.0131611
0.0034 0.013605
0.0035 0.0140055
0.0036 0.0143515
0.0037 0.0147355
0.0038 0.0151617
0.0039 0.0155663
0.004 0.0159467
0.0041 0.016324
0.0042 0.0167494
0.0043 0.0171833
0.0044 0.0175144
0.0045 0.0178793
0.0046 0.018261
0.0047 0.0186256
0.0048 0.0190838
0.0049 0.0195216
0.005 0.0199158
0.0051 0.0202851
0.0052 0.0207006
0.0053 0.0210981
0.0054 0.0215293
0.0055 0.0219549
0.0056 0.0222839
0.0057 0.0226794
0.0058 0.0231419
0.0059 0.0236487
0.006 0.0240622
0.0061 0.0244169
0.0062 0.0247839
0.0063 0.0251775
0.0064 0.0256116
0.0065 0.0260847
0.0066 0.0264148
0.0067 0.0267756
0.0068 0.0272503
0.0069 0.0277746
0.007 0.0281232
0.0071 0.0285731
0.0072 0.0290012
0.0073 0.0293748
0.0074 0.0298094
0.0075 0.0300836
0.0076 0.0305502
0.0077 0.0309743
0.0078 0.0313875
0.0079 0.0318125
0.008 0.0321659
0.0081 0.0324719
0.0082 0.0328604
0.0083 0.0331889
0.0084 0.0336909
0.0085 0.0340383
0.0086 0.0344336
0.0087 0.0349121
0.0088 0.0353961
0.0089 0.0358198
0.009 0.0362101
0.0091 0.0365897
0.0092 0.0371177
0.0093 0.0374665
0.0094 0.0378336
0.0095 0.0382762
0.0096 0.0386409
0.0097 0.0391147
0.0098 0.0395568
0.0099 0.0399147
0.01 0.0403851
0.0101 0.0406583
0.0102 0.0411264
0.0103 0.0414995
0.0104 0.0419743
0.0105 0.0424201
0.0106 0.0427164
0.0107 0.0431164
0.0108 0.0435675
0.0109 0.0439694
0.011 0.0443701
0.0111 0.0447617
0.0112 0.045103
0.0113 0.045444
0.0114 0.0457123
0.0115 0.0461726
0.0116 0.0465848
0.0117 0.0469425
0.0118 0.0473712
0.0119 0.047733
0.012 0.0480201
0.0121 0.048393
0.0122 0.0487269
0.0123 0.049132
0.0124 0.0496359
0.0125 0.0500629
0.0126 0.0503607
0.0127 0.0507763
0.0128 0.0511176
0.0129 0.0515279
0.013 0.0519092
0.0131 0.0522573
0.0132 0.0526064
0.0133 0.0530074
0.0134 0.053347
0.0135 0.0536701
0.0136 0.0540405
0.0137 0.054358
0.0138 0.0548023
0.0139 0.055203
0.014 0.0556087
0.0141 0.0559302
0.0142 0.0563916
0.0143 0.0567863
0.0144 0.0572139
0.0145 0.0575996
0.0146 0.0577474
0.0147 0.0581134
0.0148 0.0584561
0.0149 0.0587982
0.015 0.0592737
0.0151 0.0595737
0.0152 0.0599973
0.0153 0.060348
0.0154 0.0607415
0.0155 0.0611428
0.0156 0.0615655
0.0157 0.0619646
0.0158 0.0624061
0.0159 0.062798
0.016 0.0631905
0.0161 0.063589
0.0162 0.0639782
0.0163 0.0643678
0.0164 0.0647787
0.0165 0.0651033
0.0166 0.0653403
0.0167 0.0656676
0.0168 0.0659335
0.0169 0.0663732
0.017 0.0667613
0.0171 0.0671126
0.0172 0.0673696
0.0173 0.0677005
0.0174 0.0680441
0.0175 0.0684283
0.0176 0.0688244
0.0177 0.0692506
0.0178 0.0696513
0.0179 0.0700616
0.018 0.070492
0.0181 0.0709506
0.0182 0.071341
0.0183 0.0717064
0.0184 0.0721295
0.0185 0.0726584
0.0186 0.0730888
0.0187 0.0734208
0.0188 0.0738243
0.0189 0.0742878
0.019 0.0747203
0.0191 0.0750454
0.0192 0.0753257
0.0193 0.0756246
0.0194 0.0760988
0.0195 0.0763448
0.0196 0.076792
0.0197 0.077205
0.0198 0.0774935
0.0199 0.0779403
0.02 0.0783143
0.0201 0.0786321
0.0202 0.078975
0.0203 0.0795305
0.0204 0.0801128
0.0205 0.0803159
0.0206 0.0806611
0.0207 0.0810148
0.0208 0.0814405
0.0209 0.0818361
0.021 0.0822028
0.0211 0.0824973
0.0212 0.0828303
0.0213 0.08323
0.0214 0.0836779
0.0215 0.084045
0.0216 0.0843467
0.0217 0.08478
0.0218 0.0851478
0.0219 0.0855908
0.022 0.0859143
0.0221 0.0863588
0.0222 0.0867929
0.0223 0.0871444
0.0224 0.0875366
0.0225 0.0878785
0.0226 0.0883012
0.0227 0.0887124
0.0228 0.0889902
0.0229 0.0893608
0.023 0.0897406
0.0231 0.0902061
0.0232 0.0905521
0.0233 0.0909674
0.0234 0.0912877
0.0235 0.091601
0.0236 0.0920034
0.0237 0.09238
0.0238 0.092907
0.0239 0.0931289
0.024 0.0935613
0.0241 0.0939924
0.0242 0.0943268
0.0243 0.0945926
0.0244 0.0947442
0.0245 0.0950878
0.0246 0.0954449
0.0247 0.0958104
0.0248 0.0960888
0.0249 0.0964353
0.025 0.0968167
0.0251 0.0971783
0.0252 0.097586
0.0253 0.0979501
0.0254 0.098219
0.0255 0.0985984
0.0256 0.0988609
0.0257 0.0995123
0.0258 0.0998509
0.0259 0.100156
0.026 0.100398
0.0261 0.100714
0.0262 0.101276
0.0263 0.101686
0.0264 0.101897
0.0265 0.102298
0.0266 0.102641
0.0267 0.102695
0.0268 0.103064
0.0269 0.103482
0.027 0.103739
0.0271 0.103922
0.0272 0.104147
0.0273 0.104568
0.0274 0.104841
0.0275 0.105325
0.0276 0.105819
0.0277 0.106172
0.0278 0.106576
0.0279 0.106798
0.028 0.107063
0.0281 0.107401
0.0282 0.107848
0.0283 0.108227
0.0284 0.108731
0.0285 0.10913
0.0286 0.109521
0.0287 0.109898
0.0288 0.110356
0.0289 0.110563
0.029 0.110994
0.0291 0.11148
0.0292 0.111834
0.0293 0.112182
0.0294 0.112498
0.0295 0.113036
0.0296 0.113299
0.0297 0.113696
0.0298 0.114011
0.0299 0.114383
0.03 0.114719
0.0301 0.115136
0.0302 0.115527
0.0303 0.115964
0.0304 0.116176
0.0305 0.116449
0.0306 0.116777
0.0307 0.117172
0.0308 0.11752
0.0309 0.117902
0.031 0.118134
0.0311 0.118368
0.0312 0.118668
0.0313 0.119094
0.0314 0.119565
0.0315 0.119819
0.0316 0.120028
0.0317 0.120429
0.0318 0.120939
0.0319 0.121318
0.032 0.121652
0.0321 0.121938
0.0322 0.122246
0.0323 0.122696
0.0324 0.122918
0.0325 0.123376
0.0326 0.123836
0.0327 0.124124
0.0328 0.124385
0.0329 0.124777
0.033 0.125249
0.0331 0.12566
0.0332 0.126154
0.0333 0.126585
0.0334 0.126935
0.0335 0.127174
0.0336 0.127426
0.0337 0.127821
0.0338 0.12804
0.0339 0.128362
0.034 0.128681
0.0341 0.129147
0.0342 0.129462
0.0343 0.129839
0.0344 0.130099
0.0345 0.130394
0.0346 0.130726
0.0347 0.131099
0.0348 0.131561
0.0349 0.131778
0.035 0.132084
0.0351 0.132465
0.0352 0.132713
0.0353 0.13322
0.0354 0.133694
0.0355 0.133986
0.0356 0.134371
0.0357 0.134843
0.0358 0.134966
0.0359 0.135254
0.036 0.135752
0.0361 0.135932
0.0362 0.136293
0.0363 0.136673
0.0364 0.136995
0.0365 0.13729
0.0366 0.137742
0.0367 0.137943
0.0368 0.13813
0.0369 0.138521
0.037 0.138983
0.0371 0.139396
0.0372 0.139834
0.0373 0.140173
0.0374 0.140545
0.0375 0.140916
0.0376 0.141399
0.0377 0.141733
0.0378 0.141847
0.0379 0.142101
0.038 0.142621
0.0381 0.143051
0.0382 0.143434
0.0383 0.143747
0.0384 0.144131
0.0385 0.144588
0.0386 0.145112
0.0387 0.145386
0.0388 0.145817
0.0389 0.14627
0.039 0.146755
0.0391 0.146905
0.0392 0.147307
0.0393 0.147678
0.0394 0.147807
0.0395 0.148084
0.0396 0.148552
0.0397 0.149031
0.0398 0.14954
0.0399 0.149774
0.04 0.150222
0.0401 0.150745
0.0402 0.151132
0.0403 0.15154
0.0404 0.151823
0.0405 0.152095
0.0406 0.152216
0.0407 0.152509
0.0408 0.152938
0.0409 0.153138
0.041 0.153582
0.0411 0.153814
0.0412 0.154261
0.0413 0.154592
0.0414 0.1549
0.0415 0.155212
0.0416 0.15567
0.0417 0.155984
0.0418 0.156394
0.0419 0.156783
0.042 0.157187
0.0421 0.15763
0.0422 0.157889
0.0423 0.158244
0.0424 0.158674
0.0425 0.159029
0.0426 0.159498
0.0427 0.159797
0.0428 0.159913
0.0429 0.160481
0.043 0.160946
0.0431 0.161164
0.0432 0.161627
0.0433 0.161951
0.0434 0.162291
0.0435 0.162333
0.0436 0.162688
0.0437 0.162984
0.0438 0.163188
0.0439 0.163581
0.044 0.16407
0.0441 0.164564
0.0442 0.164852
0.0443 0.165301
0.0444 0.165451
0.0445 0.165784
0.0446 0.166206
0.0447 0.166582
0.0448 0.167144
0.0449 0.167428
0.045 0.16768
0.0451 0.168151
0.0452 0.168637
0.0453 0.168969
0.0454 0.169299
0.0455 0.169673
0.0456 0.169847
0.0457 0.170155
0.0458 0.170449
0.0459 0.170714
0.046 0.170996
0.0461 0.17126
0.0462 0.171481
0.0463 0.171983
0.0464 0.172299
0.0465 0.17285
0.0466 0.173462
0.0467 0.173836
0.0468 0.17429
0.0469 0.174332
0.047 0.174668
0.0471 0.174847
0.0472 0.175101
0.0473 0.175669
0.0474 0.175831
0.0475 0.17628
0.0476 0.176704
0.0477 0.177031
0.0478 0.177387
0.0479 0.177623
0.048 0.178166
0.0481 0.178577
0.0482 0.179014
0.0483 0.179717
0.0484 0.179968
0.0485 0.180171
0.0486 0.18065
0.0487 0.181182
0.0488 0.181676
0.0489 0.182003
0.049 0.182453
0.0491 0.1828
0.0492 0.183156
0.0493 0.183487
0.0494 0.183931
0.0495 0.184376
0.0496 0.184857
0.0497 0.185035
0.0498 0.185491
0.0499 0.185868
0.05 0.186214
0.0501 0.186684
0.0502 0.186827
0.0503 0.187251
0.0504 0.187484
0.0505 0.187621
0.0506 0.187979
0.0507 0.18834
0.0508 0.188769
0.0509 0.189014
0.051 0.189271
0.0511 0.189569
0.0512 0.190032
0.0513 0.19036
0.0514 0.190772
0.0515 0.191015
0.0516 0.191462
0.0517 0.191827
0.0518 0.192167
0.0519 0.192316
0.052 0.192668
0.0521 0.192918
0.0522 0.193388
0.0523 0.193689
0.0524 0.194031
0.0525 0.194533
0.0526 0.194887
0.0527 0.195161
0.0528 0.195262
0.0529 0.195906
0.053 0.196089
0.0531 0.19632
0.0532 0.196439
0.0533 0.196669
0.0534 0.197228
0.0535 0.197369
0.0536 0.197651
0.0537 0.197961
0.0538 0.1984
0.0539 0.198619
0.054 0.198918
0.0541 0.199214
0.0542 0.199281
0.0543 0.199451
0.0544 0.199742
0.0545 0.200116
0.0546 0.20038
0.0547 0.200827
0.0548 0.201178
0.0549 0.201671
0.055 0.20174
0.0551 0.202258
0.0552 0.202434
0.0553 0.202832
0.0554 0.2029
0.0555 0.203191
0.0556 0.203505
0.0557 0.203901
0.0558 0.204294
0.0559 0.204734
0.056 0.205237
0.0561 0.205754
0.0562 0.206154
0.0563 0.206761
0.0564 0.206788
0.0565 0.207035
0.0566 0.207104
0.0567 0.20748
0.0568 0.207828
0.0569 0.208251
0.057 0.208487
0.0571 0.20885
0.0572 0.209143
0.0573 0.209313
0.0574 0.209584
0.0575 0.210092
0.0576 0.210677
0.0577 0.210926
0.0578 0.211228
0.0579 0.211585
0.058 0.21185
0.0581 0.212315
0.0582 0.212604
0.0583 0.212987
0.0584 0.213275
0.0585 0.213634
0.0586 0.213942
0.0587 0.214178
0.0588 0.214454
0.0589 0.214615
0.059 0.214903
0.0591 0.215387
0.0592 0.215728
0.0593 0.21609
0.0594 0.216415
0.0595 0.217026
0.0596 0.217469
0.0597 0.217824
0.0598 0.21829
0.0599 0.218788
0.06 0.219029
0.0601 0.219295
0.0602 0.219414
0.0603 0.219608
0.0604 0.219996
0.0605 0.22038
0.0606 0.220648
0.0607 0.220859
0.0608 0.221092
0.0609 0.22158
0.061 0.221867
0.0611 0.222332
0.0612 0.222493
0.0613 0.222871
0.0614 0.223355
0.0615 0.223637
0.0616 0.223781
0.0617 0.224243
0.0618 0.224713
0.0619 0.225076
0.062 0.225446
0.0621 0.225731
0.0622 0.225899
0.0623 0.226211
0.0624 0.226447
0.0625 0.226939
0.0626 0.227163
0.0627 0.227409
0.0628 0.227715
0.0629 0.227984
0.063 0.227961
0.0631 0.228328
0.0632 0.228575
0.0633 0.228666
0.0634 0.229152
0.0635 0.229367
0.0636 0.22956
0.0637 0.229786
0.0638 0.23011
0.0639 0.230266
0.064 0.230853
0.0641 0.231219
0.0642 0.231445
0.0643 0.231767
0.0644 0.232131
0.0645 0.232813
0.0646 0.233237
0.0647 0.233537
0.0648 0.234084
0.0649 0.234542
0.065 0.234656
0.0651 0.234893
0.0652 0.235227
0.0653 0.23538
0.0654 0.235745
0.0655 0.236076
0.0656 0.236125
0.0657 0.236665
0.0658 0.236761
0.0659 0.237018
0.066 0.23735
0.0661 0.237621
0.0662 0.238088
0.0663 0.238327
0.0664 0.238508
0.0665 0.238984
0.0666 0.239336
0.0667 0.239694
0.0668 0.240164
0.0669 0.240527
0.067 0.240812
0.0671 0.240886
0.0672 0.241341
0.0673 0.241694
0.0674 0.242127
0.0675 0.24261
0.0676 0.243041
0.0677 0.243152
0.0678 0.243701
0.0679 0.243822
0.068 0.244032
0.0681 0.244628
0.0682 0.244965
0.0683 0.245224
0.0684 0.245661
0.0685 0.245842
0.0686 0.246185
0.0687 0.246497
0.0688 0.246587
0.0689 0.247035
0.069 0.247465
0.0691 0.247896
0.0692 0.248147
0.0693 0.248772
0.0694 0.249306
0.0695 0.249473
0.0696 0.249802
0.0697 0.250087
0.0698 0.250353
0.0699 0.25079
0.07 0.250943
0.0701 0.251178
0.0702 0.251454
0.0703 0.251799
0.0704 0.252008
0.0705 0.25237
0.0706 0.252475
0.0707 0.252578
0.0708 0.252865
0.0709 0.253233
0.071 0.253714
0.0711 0.253941
0.0712 0.254356
0.0713 0.254965
0.0714 0.255451
0.0715 0.255663
0.0716 0.255904
0.0717 0.256235
0.0718 0.256446
0.0719 0.256862
0.072 0.257265
0.0721 0.257508
0.0722 0.257858
0.0723 0.258138
0.0724 0.258444
0.0725 0.25899
0.0726 0.259168
0.0727 0.259851
0.0728 0.260047
0.0729 0.260286
0.073 0.260767
0.0731 0.260963
0.0732 0.26137
0.0733 0.261769
0.0734 0.262155
0.0735 0.26223
0.0736 0.262517
0.0737 0.262993
0.0738 0.263383
0.0739 0.263606
0.074 0.263804
0.0741 0.263974
0.0742 0.264396
0.0743 0.264888
0.0744 0.264868
0.0745 0.265411
0.0746 0.2655
0.0747 0.266009
0.0748 0.266218
0.0749 0.266746
0.075 0.267213
0.0751 0.267444
0.0752 0.267723
0.0753 0.268051
0.0754 0.268389
0.0755 0.268896
0.0756 0.269443
0.0757 0.269807
0.0758 0.269839
0.0759 0.270288
0.076 0.27056
0.0761 0.270768
0.0762 0.271479
0.0763 0.27198
0.0764 0.272011
0.0765 0.272509
0.0766 0.272999
0.0767 0.273533
0.0768 0.273959
0.0769 0.274341
0.077 0.274543
0.0771 0.274642
0.0772 0.27527
0.0773 0.275276
0.0774 0.27592
0.0775 0.276382
0.0776 0.27635
0.0777 0.276474
0.0778 0.276625
0.0779 0.277031
0.078 0.277462
0.0781 0.277851
0.0782 0.278301
0.0783 0.278419
0.0784 0.278804
0.0785 0.279202
0.0786 0.279602
0.0787 0.279599
0.0788 0.280052
0.0789 0.280369
0.079 0.280637
0.0791 0.280822
0.0792 0.280892
0.0793 0.281265
0.0794 0.281414
0.0795 0.281715
0.0796 0.281653
0.0797 0.28205
0.0798 0.282381
0.0799 0.282529
0.08 0.282623
0.0801 0.282752
0.0802 0.283028
0.0803 0.28341
0.0804 0.284144
0.0805 0.284284
0.0806 0.284754
0.0807 0.285137
0.0808 0.285848
0.0809 0.286256
0.081 0.286653
0.0811 0.286885
0.0812 0.28718
0.0813 0.287607
0.0814 0.288152
0.0815 0.288378
0.0816 0.288636
0.0817 0.288782
0.0818 0.289044
0.0819 0.289299
0.082 0.289728
0.0821 0.289984
0.0822 0.290379
0.0823 0.29108
0.0824 0.291426
0.0825 0.291964
0.0826 0.292429
0.0827 0.292736
0.0828 0.293488
0.0829 0.293719
0.083 0.294139
0.0831 0.29431
0.0832 0.294544
0.0833 0.294795
0.0834 0.295028
0.0835 0.295492
0.0836 0.295748
0.0837 0.295794
0.0838 0.296356
0.0839 0.296807
0.084 0.296999
0.0841 0.297211
0.0842 0.29758
0.0843 0.298009
0.0844 0.298263
0.0845 0.298932
0.0846 0.299128
0.0847 0.29963
0.0848 0.29996
0.0849 0.300095
0.085 0.300582
0.0851 0.300738
0.0852 0.301306
0.0853 0.30132
0.0854 0.301527
0.0855 0.301467
0.0856 0.30194
0.0857 0.302151
0.0858 0.302292
0.0859 0.302727
0.086 0.302948
0.0861 0.303353
0.0862 0.303874
0.0863 0.304039
0.0864 0.304514
0.0865 0.304843
0.0866 0.305131
0.0867 0.305576
0.0868 0.305744
0.0869 0.306022
0.087 0.306555
0.0871 0.30668
0.0872 0.306788
0.0873 0.306881
0.0874 0.307209
0.0875 0.307481
0.0876 0.307793
0.0877 0.308006
0.0878 0.307911
0.0879 0.308103
0.088 0.30878
0.0881 0.308982
0.0882 0.309222
0.0883 0.309628
0.0884 0.310364
0.0885 0.310699
0.0886 0.311083
0.0887 0.311608
0.0888 0.312287
0.0889 0.31255
0.089 0.312746
0.0891 0.31324
0.0892 0.313556
0.0893 0.31388
0.0894 0.314211
0.0895 0.314574
0.0896 0.314752
0.0897 0.315253
0.0898 0.315626
0.0899 0.315734
0.09 0.316026
0.0901 0.316023
0.0902 0.31633
0.0903 0.316762
0.0904 0.316994
0.0905 0.31737
0.0906 0.317654
0.0907 0.317517
0.0908 0.317998
0.0909 0.318565
0.091 0.318859
0.0911 0.319304
0.0912 0.319778
0.0913 0.320113
0.0914 0.320302
0.0915 0.320923
0.0916 0.321167
0.0917 0.321659
0.0918 0.321941
0.0919 0.322325
0.092 0.322556
0.0921 0.322853
0.0922 0.323075
0.0923 0.323555
0.0924 0.323889
0.0925 0.324075
0.0926 0.324383
0.0927 0.324543
0.0928 0.324946
0.0929 0.325342
0.093 0.325525
0.0931 0.325804
0.0932 0.325888
0.0933 0.32654
0.0934 0.326988
0.0935 0.327216
0.0936 0.327722
0.0937 0.328058
0.0938 0.328446
0.0939 0.328778
0.094 0.3293
0.0941 0.329554
0.0942 0.329812
0.0943 0.330204
0.0944 0.330171
0.0945 0.330464
0.0946 0.331097
0.0947 0.331381
0.0948 0.331775
0.0949 0.331976
0.095 0.332477
0.0951 0.332799
0.0952 0.333065
0.0953 0.33364
0.0954 0.333756
0.0955 0.334004
0.0956 0.334101
0.0957 0.334239
0.0958 0.334724
0.0959 0.335123
0.096 0.335631
0.0961 0.336166
0.0962 0.336668
0.0963 0.336935
0.0964 0.337256
0.0965 0.337753
0.0966 0.338469
0.0967 0.338974
0.0968 0.339452
0.0969 0.339626
0.097 0.340393
0.0971 0.340892
0.0972 0.341271
0.0973 0.341408
0.0974 0.341533
0.0975 0.342032
0.0976 0.342526
0.0977 0.342634
0.0978 0.342961
0.0979 0.343277
0.098 0.343727
0.0981 0.344349
0.0982 0.344846
0.0983 0.345287
0.0984 0.346067
0.0985 0.346281
0.0986 0.346704
0.0987 0.347048
0.0988 0.347308
0.0989 0.3477
0.099 0.348053
0.0991 0.348156
0.0992 0.348535
0.0993 0.34887
0.0994 0.34897
0.0995 0.349294
0.0996 0.349485
0.0997 0.350008
0.0998 0.350205
0.0999 0.350791
0.1 0.351115
0.1001 0.35139
0.1002 0.351723
0.1003 0.352118
0.1004 0.352403
0.1005 0.352779
0.1006 0.353183
0.1007 0.353576
0.1008 0.35376
0.1009 0.354261
0.101 0.354782
0.1011 0.355076
0.1012 0.355507
0.1013 0.356003
0.1014 0.356398
0.1015 0.356765
0.1016 0.357191
0.1017 0.357653
0.1018 0.358086
0.1019 0.358496
0.102 0.358728
0.1021 0.359028
0.1022 0.359383
0.1023 0.359795
0.1024 0.360144
0.1025 0.360487
0.1026 0.36106
0.1027 0.361381
0.1028 0.361657
0.1029 0.361658
0.103 0.36203
0.1031 0.362203
0.1032 0.362463
0.1033 0.362737
0.1034 0.36312
0.1035 0.363343
0.1036 0.363476
0.1037 0.363814
0.1038 0.364474
0.1039 0.364854
0.104 0.365373
0.1041 0.365807
0.1042 0.366325
0.1043 0.366278
0.1044 0.366455
0.1045 0.366653
0.1046 0.366924
0.1047 0.36718
0.1048 0.367707
0.1049 0.368202
0.105 0.368694
0.1051 0.369392
0.1052 0.369595
0.1053 0.370039
0.1054 0.370528
0.1055 0.370824
0.1056 0.371277
0.1057 0.371535
0.1058 0.371692
0.1059 0.371941
0.106 0.372201
0.1061 0.372532
0.1062 0.37284
0.1063 0.373249
0.1064 0.373609
0.1065 0.373762
0.1066 0.373868
0.1067 0.374055
0.1068 0.37417
0.1069 0.374412
0.107 0.37479
0.1071 0.374867
0.1072 0.37511
0.1073 0.375388
0.1074 0.375826
0.1075 0.376104
0.1076 0.376176
0.1077 0.376387
0.1078 0.376535
0.1079 0.376562
0.108 0.376769
0.1081 0.377246
0.1082 0.37761
0.1083 0.377907
0.1084 0.377882
0.1085 0.37812
0.1086 0.378253
0.1087 0.37864
0.1088 0.379176
0.1089 0.379538
0.109 0.379689
0.1091 0.380274
0.1092 0.380651
0.1093 0.381236
0.1094 0.381496
0.1095 0.3818
0.1096 0.382137
0.1097 0.38268
0.1098 0.383075
0.1099 0.383067
0.11 0.383156
0.1101 0.38381
0.1102 0.384126
0.1103 0.384119
0.1104 0.384345
0.1105 0.384765
0.1106 0.385102
0.1107 0.385282
0.1108 0.385557
0.1109 0.386143
0.111 0.386758
0.1111 0.387142
0.1112 0.387397
0.1113 0.387692
0.1114 0.388203
0.1115 0.388637
0.1116 0.389012
0.1117 0.389073
0.1118 0.389308
0.1119 0.389514
0.112 0.389908
0.1121 0.390369
0.1122 0.39061
0.1123 0.39138
0.1124 0.391733
0.1125 0.39247
0.1126 0.392821
0.1127 0.393036
0.1128 0.39362
0.1129 0.39393
0.113 0.394411
0.1131 0.394729
0.1132 0.395318
0.1133 0.395775
0.1134 0.395881
0.1135 0.396427
0.1136 0.397094
0.1137 0.397522
0.1138 0.397777
0.1139 0.397879
0.114 0.398211
0.1141 0.398855
0.1142 0.399564
0.1143 0.399732
0.1144 0.400207
0.1145 0.400503
0.1146 0.401105
0.1147 0.401427
0.1148 0.401773
0.1149 0.401931
0.115 0.402452
0.1151 0.402775
0.1152 0.403137
0.1153 0.40359
0.1154 0.403841
0.1155 0.404248
0.1156 0.40463
0.1157 0.404875
0.1158 0.405287
0.1159 0.405853
0.116 0.406309
0.1161 0.406731
0.1162 0.407203
0.1163 0.407504
0.1164 0.407716
0.1165 0.407824
0.1166 0.408173
0.1167 0.408482
0.1168 0.408846
0.1169 0.409274
0.117 0.409298
0.1171 0.409598
0.1172 0.410058
0.1173 0.410727
0.1174 0.410774
0.1175 0.410937
0.1176 0.411436
0.1177 0.411334
0.1178 0.411535
0.1179 0.411893
0.118 0.411863
0.1181 0.41218
0.1182 0.41228
0.1183 0.412666
0.1184 0.412921
0.1185 0.413087
0.1186 0.413373
0.1187 0.413824
0.1188 0.414304
0.1189 0.414355
0.119 0.414727
0.1191 0.415153
0.1192 0.415598
0.1193 0.415852
0.1194 0.416197
0.1195 0.416468
0.1196 0.416782
0.1197 0.417002
0.1198 0.417214
0.1199 0.417585
0.12 0.417841
0.1201 0.418137
0.1202 0.418561
0.1203 0.419174
0.1204 0.419128
0.1205 0.419475
0.1206 0.419755
0.1207 0.419882
0.1208 0.420099
0.1209 0.420335
0.121 0.420881
0.1211 0.421449
0.1212 0.4217
0.1213 0.421975
0.1214 0.422199
0.1215 0.422387
0.1216 0.42289
0.1217 0.423354
0.1218 0.423727
0.1219 0.423932
0.122 0.4245
0.1221 0.425164
0.1222 0.425658
0.1223 0.425806
0.1224 0.426157
0.1225 0.426455
0.1226 0.426974
0.1227 0.427095
0.1228 0.427418
0.1229 0.427509
0.123 0.427558
0.1231 0.427896
0.1232 0.428519
0.1233 0.429018
0.1234 0.429532
0.1235 0.429974
0.1236 0.430673
0.1237 0.431171
0.1238 0.431459
0.1239 0.431646
0.124 0.43174
0.1241 0.432091
0.1242 0.432267
0.1243 0.432533
0.1244 0.432946
0.1245 0.433307
0.1246 0.433554
0.1247 0.433491
0.1248 0.434032
0.1249 0.434095
0.125 0.43416
0.1251 0.43472
0.1252 0.435086
0.1253 0.435392
0.1254 0.435722
0.1255 0.435847
0.1256 0.436034
0.1257 0.436204
0.1258 0.436459
0.1259 0.436792
0.126 0.437014
0.1261 0.437391
0.1262 0.437826
0.1263 0.438457
0.1264 0.438535
0.1265 0.438825
0.1266 0.439007
0.1267 0.439284
0.1268 0.439639
0.1269 0.440057
0.127 0.440516
0.1271 0.440842
0.1272 0.441118
0.1273 0.441288
0.1274 0.441246
0.1275 0.441446
0.1276 0.441673
0.1277 0.441803
0.1278 0.44248
0.1279 0.442934
0.128 0.443302
0.1281 0.443653
0.1282 0.44395
0.1283 0.444116
0.1284 0.444273
0.1285 0.445142
0.1286 0.44554
0.1287 0.445538
0.1288 0.445755
0.1289 0.446353
0.129 0.446618
0.1291 0.44672
0.1292 0.447179
0.1293 0.447752
0.1294 0.447986
0.1295 0.448423
0.1296 0.448456
0.1297 0.449003
0.1298 0.449152
0.1299 0.449556
0.13 0.449661
0.1301 0.449438
0.1302 0.45002
0.1303 0.450275
0.1304 0.450952
0.1305 0.451284
0.1306 0.451805
0.1307 0.452341
0.1308 0.452635
0.1309 0.452937
0.131 0.453337
0.1311 0.453622
0.1312 0.454243
0.1313 0.454613
0.1314 0.455166
0.1315 0.455599
0.1316 0.455984
0.1317 0.456342
0.1318 0.45679
0.1319 0.457063
0.132 0.457127
0.1321 0.457206
0.1322 0.457489
0.1323 0.458139
0.1324 0.458248
0.1325 0.458847
0.1326 0.459227
0.1327 0.459639
0.1328 0.459931
0.1329 0.459954
0.133 0.460155
0.1331 0.460489
0.1332 0.46047
0.1333 0.460714
0.1334 0.461485
0.1335 0.461337
0.1336 0.461306
0.1337 0.461896
0.1338 0.461987
0.1339 0.462273
0.134 0.462824
0.1341 0.463242
0.1342 0.463883
0.1343 0.464241
0.1344 0.464649
0.1345 0.46514
0.1346 0.465253
0.1347 0.465213
0.1348 0.465576
0.1349 0.465608
0.135 0.465886
0.1351 0.466358
0.1352 0.466478
0.1353 0.467123
0.1354 0.467468
0.1355 0.468028
0.1356 0.468492
0.1357 0.469062
0.1358 0.469294
0.1359 0.469566
0.136 0.469889
0.1361 0.470311
0.1362 0.470654
0.1363 0.471103
0.1364 0.471901
0.1365 0.472277
0.1366 0.472699
0.1367 0.473148
0.1368 0.473358
0.1369 0.473462
0.137 0.473925
0.1371 0.474246
0.1372 0.474711
0.1373 0.475035
0.1374 0.475404
0.1375 0.475613
0.1376 0.476058
0.1377 0.476426
0.1378 0.476762
0.1379 0.477112
0.138 0.477571
0.1381 0.477631
0.1382 0.47803
0.1383 0.478118
0.1384 0.478755
0.1385 0.478887
0.1386 0.479634
0.1387 0.479741
0.1388 0.480156
0.1389 0.480442
0.139 0.480738
0.1391 0.480995
0.1392 0.480859
0.1393 0.481245
0.1394 0.481155
0.1395 0.481308
0.1396 0.481498
0.1397 0.48192
0.1398 0.482465
0.1399 0.483172
0.14 0.483451
0.1401 0.483361
0.1402 0.483524
0.1403 0.48408
0.1404 0.484821
0.1405 0.485162
0.1406 0.485337
0.1407 0.48527
0.1408 0.485244
0.1409 0.48551
0.141 0.485622
0.1411 0.485821
0.1412 0.485833
0.1413 0.486211
0.1414 0.486563
0.1415 0.486991
0.1416 0.487099
0.1417 0.487661
0.1418 0.488249
0.1419 0.488901
0.142 0.489098
0.1421 0.489256
0.1422 0.489547
0.1423 0.489688
0.1424 0.49
0.1425 0.490091
0.1426 0.490588
0.1427 0.490853
0.1428 0.490938
0.1429 0.49132
0.143 0.491789
0.1431 0.492117
0.1432 0.492465
0.1433 0.4926
0.1434 0.493039
0.1435 0.493164
0.1436 0.493535
0.1437 0.49396
0.1438 0.493945
0.1439 0.493926
0.144 0.49431
0.1441 0.494986
0.1442 0.495293
0.1443 0.495757
0.1444 0.496139
0.1445 0.496382
0.1446 0.496638
0.1447 0.496847
0.1448 0.497103
0.1449 0.497003
0.145 0.497064
0.1451 0.497065
0.1452 0.497285
0.1453 0.49747
0.1454 0.497945
0.1455 0.498084
0.1456 0.498393
0.1457 0.498547
0.1458 0.498792
0.1459 0.499239
0.146 0.499463
0.1461 0.499873
0.1462 0.499957
0.1463 0.500539
0.1464 0.500986
0.1465 0.501166
0.1466 0.501537
0.1467 0.502118
0.1468 0.502459
0.1469 0.502775
0.147 0.502716
0.1471 0.503033
0.1472 0.503155
0.1473 0.503178
0.1474 0.503391
0.1475 0.503811
0.1476 0.50393
0.1477 0.504122
0.1478 0.504364
0.1479 0.505127
0.148 0.505422
0.1481 0.505794
0.1482 0.506043
0.1483 0.506497
0.1484 0.507219
0.1485 0.507636
0.1486 0.508249
0.1487 0.508205
0.1488 0.508013
0.1489 0.508384
0.149 0.508211
0.1491 0.508532
0.1492 0.508464
0.1493 0.508516
0.1494 0.508932
0.1495 0.509406
0.1496 0.509687
0.1497 0.510298
0.1498 0.510986
0.1499 0.511325
0.15 0.511409
0.1501 0.511711
0.1502 0.511857
0.1503 0.512077
0.1504 0.512375
0.1505 0.512529
0.1506 0.51309
0.1507 0.513285
0.1508 0.513543
0.1509 0.514059
0.151 0.514472
0.1511 0.514655
0.1512 0.514801
0.1513 0.515352
0.1514 0.515743
0.1515 0.51597
0.1516 0.516167
0.1517 0.516587
0.1518 0.5168
0.1519 0.51706
0.152 0.517723
0.1521 0.517976
0.1522 0.518364
0.1523 0.518549
0.1524 0.51858
0.1525 0.519114
0.1526 0.519447
0.1527 0.519691
0.1528 0.520035
0.1529 0.520189
0.153 0.520817
0.1531 0.521441
0.1532 0.521887
0.1533 0.522364
0.1534 0.522797
0.1535 0.522894
0.1536 0.523224
0.1537 0.523944
0.1538 0.524458
0.1539 0.524816
0.154 0.525415
0.1541 0.525684
0.1542 0.52609
0.1543 0.526555
0.1544 0.526849
0.1545 0.527117
0.1546 0.527465
0.1547 0.527806
0.1548 0.528116
0.1549 0.528472
0.155 0.528855
0.1551 0.52901
0.1552 0.529188
0.1553 0.529384
0.1554 0.529817
0.1555 0.530115
0.1556 0.530426
0.1557 0.530914
0.1558 0.531283
0.1559 0.531032
0.156 0.531802
0.1561 0.531935
0.1562 0.532077
0.1563 0.532374
0.1564 0.532633
0.1565 0.532963
0.1566 0.533099
0.1567 0.53338
0.1568 0.533895
0.1569 0.53452
0.157 0.534954
0.1571 0.535358
0.1572 0.535593
0.1573 0.535657
0.1574 0.536087
0.1575 0.536348
0.1576 0.536638
0.1577 0.537233
0.1578 0.537471
0.1579 0.537989
0.158 0.538221
0.1581 0.538482
0.1582 0.538709
0.1583 0.538736
0.1584 0.539084
0.1585 0.539314
0.1586 0.540138
0.1587 0.540715
0.1588 0.540943
0.1589 0.541323
0.159 0.541882
0.1591 0.54198
0.1592 0.542416
0.1593 0.542428
0.1594 0.542957
0.1595 0.543298
0.1596 0.543743
0.1597 0.54392
0.1598 0.544066
0.1599 0.544355
0.16 0.544693
0.1601 0.545088
0.1602 0.545214
0.1603 0.545335
0.1604 0.54568
0.1605 0.546073
0.1606 0.546448
0.1607 0.546767
0.1608 0.547004
0.1609 0.547167
0.161 0.547127
0.1611 0.547183
0.1612 0.54768
0.1613 0.547896
0.1614 0.548442
0.1615 0.548959
0.1616 0.549526
0.1617 0.549971
0.1618 0.550127
0.1619 0.550371
0.162 0.550632
0.1621 0.550956
0.1622 0.551155
0.1623 0.551906
0.1624 0.55235
0.1625 0.552591
0.1626 0.552898
0.1627 0.553222
0.1628 0.553541
0.1629 0.55393
0.163 0.554136
0.1631 0.5544
0.1632 0.554187
0.1633 0.554352
0.1634 0.554536
0.1635 0.554493
0.1636 0.554899
0.1637 0.554968
0.1638 0.555239
0.1639 0.555615
0.164 0.55591
0.1641 0.556586
0.1642 0.556636
0.1643 0.557179
0.1644 0.557281
0.1645 0.557726
0.1646 0.557913
0.1647 0.557989
0.1648 0.55782
0.1649 0.558346
0.165 0.558558
0.1651 0.559138
0.1652 0.559254
0.1653 0.559465
0.1654 0.559654
0.1655 0.559613
0.1656 0.560371
0.1657 0.561005
0.1658 0.561025
0.1659 0.561302
0.166 0.561494
0.1661 0.562391
0.1662 0.562692
0.1663 0.563263
0.1664 0.563734
0.1665 0.563947
0.1666 0.563942
0.1667 0.564102
0.1668 0.564758
0.1669 0.564962
0.167 0.565196
0.1671 0.565704
0.1672 0.566346
0.1673 0.566958
0.1674 0.567107
0.1675 0.567707
0.1676 0.568133
0.1677 0.567902
0.1678 0.568636
0.1679 0.569091
0.168 0.569404
0.1681 0.56963
0.1682 0.569983
0.1683 0.570278
0.1684 0.570702
0.1685 0.570962
0.1686 0.571177
0.1687 0.57189
0.1688 0.572289
0.1689 0.572726
0.169 0.573103
0.1691 0.572989
0.1692 0.573293
0.1693 0.573533
0.1694 0.573948
0.1695 0.574066
0.1696 0.57425
0.1697 0.574691
0.1698 0.574989
0.1699 0.575611
0.17 0.576166
0.1701 0.576837
0.1702 0.577162
0.1703 0.577675
0.1704 0.577642
0.1705 0.578048
0.1706 0.578105
0.1707 0.578884
0.1708 0.579
0.1709 0.579573
0.171 0.579567
0.1711 0.579496
0.1712 0.579726
0.1713 0.579808
0.1714 0.580111
0.1715 0.580315
0.1716 0.580745
0.1717 0.581295
0.1718 0.581827
0.1719 0.582382
0.172 0.582758
0.1721 0.583257
0.1722 0.583352
0.1723 0.583553
0.1724 0.584023
0.1725 0.583877
0.1726 0.583982
0.1727 0.584754
0.1728 0.584619
0.1729 0.584733
0.173 0.584922
0.1731 0.585192
0.1732 0.585442
0.1733 0.585697
0.1734 0.586353
0.1735 0.586485
0.1736 0.586808
0.1737 0.587222
0.1738 0.587657
0.1739 0.587868
0.174 0.587967
0.1741 0.588368
0.1742 0.588527
0.1743 0.588818
0.1744 0.589068
0.1745 0.589298
0.1746 0.589369
0.1747 0.589627
0.1748 0.58977
0.1749 0.590114
0.175 0.590485
0.1751 0.590505
0.1752 0.5908
0.1753 0.59133
0.1754 0.591482
0.1755 0.592061
0.1756 0.592087
0.1757 0.592786
0.1758 0.593018
0.1759 0.593307
0.176 0.593521
0.1761 0.594377
0.1762 0.594684
0.1763 0.594869
0.1764 0.595041
0.1765 0.595337
0.1766 0.595602
0.1767 0.595803
0.1768 0.59632
0.1769 0.596292
0.177 0.596791
0.1771 0.59753
0.1772 0.597991
0.1773 0.59812
0.1774 0.598191
0.1775 0.598454
0.1776 0.598459
0.1777 0.598944
0.1778 0.599686
0.1779 0.599583
0.178 0.600189
0.1781 0.600596
0.1782 0.600867
0.1783 0.600908
0.1784 0.601434
0.1785 0.601481
0.1786 0.601822
0.1787 0.601811
0.1788 0.602451
0.1789 0.602871
0.179 0.603078
0.1791 0.603625
0.1792 0.603674
0.1793 0.603844
0.1794 0.60409
0.1795 0.604894
0.1796 0.605202
0.1797 0.605604
0.1798 0.605738
0.1799 0.606665
0.18 0.60666
0.1801 0.606832
0.1802 0.607174
0.1803 0.607096
0.1804 0.607371
0.1805 0.607735
0.1806 0.607738
0.1807 0.607735
0.1808 0.607546
0.1809 0.608276
0.181 0.608786
0.1811 0.609068
0.1812 0.609299
0.1813 0.609357
0.1814 0.609363
0.1815 0.609727
0.1816 0.610281
0.1817 0.610786
0.1818 0.61097
0.1819 0.611228
0.182 0.611269
0.1821 0.611604
0.1822 0.611632
0.1823 0.612022
0.1824 0.612352
0.1825 0.612612
0.1826 0.612608
0.1827 0.612909
0.1828 0.613232
0.1829 0.613273
0.183 0.613557
0.1831 0.61412
0.1832 0.614166
0.1833 0.614204
0.1834 0.614477
0.1835 0.614781
0.1836 0.615037
0.1837 0.615181
0.1838 0.614933
0.1839 0.615208
0.184 0.615715
0.1841 0.616081
0.1842 0.616618
0.1843 0.616895
0.1844 0.617118
0.1845 0.617866
0.1846 0.618492
0.1847 0.618568
0.1848 0.618939
0.1849 0.619125
0.185 0.61975
0.1851 0.620358
0.1852 0.620612
0.1853 0.620843
0.1854 0.620826
0.1855 0.621039
0.1856 0.621565
0.1857 0.622264
0.1858 0.622446
0.1859 0.623157
0.186 0.623676
0.1861 0.624084
0.1862 0.624334
0.1863 0.624586
0.1864 0.62497
0.1865 0.625369
0.1866 0.625668
0.1867 0.626059
0.1868 0.626057
0.1869 0.625812
0.187 0.626204
0.1871 0.626714
0.1872 0.627198
0.1873 0.627163
0.1874 0.627652
0.1875 0.628277
0.1876 0.628614
0.1877 0.62884
0.1878 0.629227
0.1879 0.6296
0.188 0.629982
0.1881 0.629646
0.1882 0.629793
0.1883 0.630306
0.1884 0.630599
0.1885 0.630865
0.1886 0.631262
0.1887 0.631706
0.1888 0.631955
0.1889 0.632254
0.189 0.632915
0.1891 0.633349
0.1892 0.634031
0.1893 0.634318
0.1894 0.634579
0.1895 0.634754
0.1896 0.635019
0.1897 0.634854
0.1898 0.63483
0.1899 0.634901
0.19 0.635202
0.1901 0.635434
0.1902 0.635634
0.1903 0.635788
0.1904 0.636079
0.1905 0.636458
0.1906 0.636613
0.1907 0.63729
0.1908 0.637464
0.1909 0.63772
0.191 0.638404
0.1911 0.638921
0.1912 0.639599
0.1913 0.63994
0.1914 0.640755
0.1915 0.640705
0.1916 0.640784
0.1917 0.641278
0.1918 0.641806
0.1919 0.642338
0.192 0.642609
0.1921 0.642843
0.1922 0.643377
0.1923 0.643869
0.1924 0.644195
0.1925 0.644707
0.1926 0.645
0.1927 0.645343
0.1928 0.645709
0.1929 0.646216
0.193 0.646797
0.1931 0.647084
0.1932 0.647449
0.1933 0.647982
0.1934 0.648398
0.1935 0.648375
0.1936 0.648346
0.1937 0.649061
0.1938 0.649457
0.1939 0.64956
0.194 0.650138
0.1941 0.65032
0.1942 0.650262
0.1943 0.650652
0.1944 0.651352
0.1945 0.651584
0.1946 0.651986
0.1947 0.652352
0.1948 0.652964
0.1949 0.653172
0.195 0.653926
0.1951 0.654148
0.1952 0.654628
0.1953 0.655344
0.1954 0.655543
0.1955 0.656065
0.1956 0.656347
0.1957 0.657088
0.1958 0.657261
0.1959 0.657492
0.196 0.657922
0.1961 0.65864
0.1962 0.65885
0.1963 0.65915
0.1964 0.659063
0.1965 0.659306
0.1966 0.659439
0.1967 0.659746
0.1968 0.660334
0.1969 0.661281
0.197 0.661712
0.1971 0.662106
0.1972 0.662821
0.1973 0.662946
0.1974 0.663464
0.1975 0.663988
0.1976 0.664293
0.1977 0.664466
0.1978 0.664738
0.1979 0.664921
0.198 0.665409
0.1981 0.666228
0.1982 0.666574
0.1983 0.667177
0.1984 0.667658
0.1985 0.668232
0.1986 0.668339
0.1987 0.668419
0.1988 0.668701
0.1989 0.669044
0.199 0.669357
0.1991 0.66987
0.1992 0.670433
0.1993 0.670967
0.1994 0.671184
0.1995 0.671322
0.1996 0.67183
0.1997 0.671831
0.1998 0.672186
0.1999 0.672683
0.2 0.672984
0.2001 0.673489
0.2002 0.673625
0.2003 0.67398
0.2004 0.674371
0.2005 0.674654
0.2006 0.674644
0.2007 0.674859
0.2008 0.675232
0.2009 0.676226
0.201 0.676718
0.2011 0.677095
0.2012 0.677289
0.2013 0.677427
0.2014 0.677802
0.2015 0.677772
0.2016 0.678156
0.2017 0.678404
0.2018 0.678697
0.2019 0.67909
0.202 0.679264
0.2021 0.67968
0.2022 0.68022
0.2023 0.680939
0.2024 0.681394
0.2025 0.681719
0.2026 0.682036
0.2027 0.682209
0.2028 0.682346
0.2029 0.683024
0.203 0.683271
0.2031 0.683395
0.2032 0.683521
0.2033 0.683335
0.2034 0.68388
0.2035 0.684171
0.2036 0.68457
0.2037 0.685152
0.2038 0.685233
0.2039 0.685834
0.204 0.685868
0.2041 0.686866
0.2042 0.686943
0.2043 0.687439
0.2044 0.687802
0.2045 0.688554
0.2046 0.688575
0.2047 0.688793
0.2048 0.689352
0.2049 0.689552
0.205 0.689814
0.2051 0.690154
0.2052 0.690287
0.2053 0.690796
0.2054 0.690842
0.2055 0.691153
0.2056 0.691385
0.2057 0.692329
0.2058 0.692446
0.2059 0.692697
0.206 0.692958
0.2061 0.692949
0.2062 0.693192
0.2063 0.693458
0.2064 0.693591
0.2065 0.693988
0.2066 0.693676
0.2067 0.693823
0.2068 0.694347
0.2069 0.694453
0.207 0.694745
0.2071 0.695089
0.2072 0.695594
0.2073 0.696278
0.2074 0.696376
0.2075 0.696849
0.2076 0.697249
0.2077 0.697653
0.2078 0.697802
0.2079 0.698184
0.208 0.698679
0.2081 0.698908
0.2082 0.699377
0.2083 0.699544
0.2084 0.69969
0.2085 0.700019
0.2086 0.700454
0.2087 0.700884
0.2088 0.701005
0.2089 0.701131
0.209 0.701153
0.2091 0.70123
0.2092 0.701209
0.2093 0.701434
0.2094 0.701722
0.2095 0.702057
0.2096 0.702235
0.2097 0.702481
0.2098 0.702587
0.2099 0.70204
0.21 0.702257
0.2101 0.702354
0.2102 0.702635
0.2103 0.702842
0.2104 0.703049
0.2105 0.703082
0.2106 0.70339
0.2107 0.704
0.2108 0.704522
0.2109 0.705016
0.211 0.705536
0.2111 0.705844
0.2112 0.705853
0.2113 0.706327
0.2114 0.706972
0.2115 0.707386
0.2116 0.708124
0.2117 0.708801
0.2118 0.709
0.2119 0.709489
0.212 0.710123
0.2121 0.710589
0.2122 0.710939
0.2123 0.711727
0.2124 0.712305
0.2125 0.712749
0.2126 0.712897
0.2127 0.713324
0.2128 0.713903
0.2129 0.714277
0.213 0.714289
0.2131 0.714783
0.2132 0.715047
0.2133 0.715334
0.2134 0.715988
0.2135 0.716578
0.2136 0.716868
0.2137 0.716633
0.2138 0.716782
0.2139 0.716779
0.214 0.717058
0.2141 0.717275
0.2142 0.717597
0.2143 0.717856
0.2144 0.718115
0.2145 0.718066
0.2146 0.718427
0.2147 0.718831
0.2148 0.719056
0.2149 0.719164
0.215 0.719411
0.2151 0.719844
0.2152 0.720765
0.2153 0.721052
0.2154 0.721448
0.2155 0.721674
0.2156 0.721674
0.2157 0.72231
0.2158 0.722228
0.2159 0.722175
0.216 0.722508
0.2161 0.722697
0.2162 0.722902
0.2163 0.722979
0.2164 0.723222
0.2165 0.723242
0.2166 0.723221
0.2167 0.723417
0.2168 0.723432
0.2169 0.723785
0.217 0.723934
0.2171 0.723912
0.2172 0.723695
0.2173 0.724193
0.2174 0.72435
0.2175 0.724628
0.2176 0.725081
0.2177 0.725895
0.2178 0.726165
0.2179 0.726636
0.218 0.726901
0.2181 0.727216
0.2182 0.727055
0.2183 0.727344
0.2184 0.727707
0.2185 0.728015
0.2186 0.728178
0.2187 0.728631
0.2188 0.729016
0.2189 0.729684
0.219 0.729905
0.2191 0.730114
0.2192 0.730418
0.2193 0.730154
0.2194 0.73023
0.2195 0.730186
0.2196 0.730628
0.2197 0.731197
0.2198 0.731998
0.2199 0.732285
0.22 0.732293
0.2201 0.732857
0.2202 0.733207
0.2203 0.733705
0.2204 0.733485
0.2205 0.734228
0.2206 0.73461
0.2207 0.734591
0.2208 0.734917
0.2209 0.735164
0.221 0.73545
0.2211 0.735508
0.2212 0.735449
0.2213 0.735345
0.2214 0.735948
0.2215 0.736142
0.2216 0.736032
0.2217 0.73568
0.2218 0.736272
0.2219 0.736576
0.222 0.7371
0.2221 0.73764
0.2222 0.737917
0.2223 0.738123
0.2224 0.738603
0.2225 0.738633
0.2226 0.739129
0.2227 0.739509
0.2228 0.739816
0.2229 0.739686
0.223 0.740016
0.2231 0.740524
0.2232 0.740877
0.2233 0.741144
0.2234 0.741723
0.2235 0.742055
0.2236 0.74237
0.2237 0.742874
0.2238 0.743159
0.2239 0.74331
0.224 0.743508
0.2241 0.743844
0.2242 0.743976
0.2243 0.74393
0.2244 0.744038
0.2245 0.744322
0.2246 0.744946
0.2247 0.745328
0.2248 0.745655
0.2249 0.745886
0.225 0.746294
0.2251 0.746927
0.2252 0.74735
0.2253 0.747887
0.2254 0.748234
0.2255 0.748737
0.2256 0.748618
0.2257 0.749127
0.2258 0.749425
0.2259 0.749564
0.226 0.749678
0.2261 0.750021
0.2262 0.750319
0.2263 0.75039
0.2264 0.751009
0.2265 0.751511
0.2266 0.751607
0.2267 0.751956
0.2268 0.751933
0.2269 0.752321
0.227 0.752746
0.2271 0.753385
0.2272 0.753326
0.2273 0.753683
0.2274 0.754219
0.2275 0.754333
0.2276 0.754278
0.2277 0.754505
0.2278 0.75482
0.2279 0.75475
0.228 0.755464
0.2281 0.755988
0.2282 0.755808
0.2283 0.756217
0.2284 0.75641
0.2285 0.756522
0.2286 0.756583
0.2287 0.756578
0.2288 0.756546
0.2289 0.756795
0.229 0.75695
0.2291 0.757238
0.2292 0.757322
0.2293 0.757685
0.2294 0.758322
0.2295 0.758434
0.2296 0.758424
0.2297 0.758988
0.2298 0.759033
0.2299 0.759123
0.23 0.759375
0.2301 0.759909
0.2302 0.76047
0.2303 0.760807
0.2304 0.760929
0.2305 0.761484
0.2306 0.761615
0.2307 0.761564
0.2308 0.762013
0.2309 0.76224
0.231 0.762065
0.2311 0.762234
0.2312 0.762508
0.2313 0.762819
0.2314 0.763018
0.2315 0.763229
0.2316 0.763387
0.2317 0.764017
0.2318 0.764065
0.2319 0.764213
0.232 0.764083
0.2321 0.764052
0.2322 0.763839
0.2323 0.764013
0.2324 0.764409
0.2325 0.764447
0.2326 0.7646
0.2327 0.764587
0.2328 0.764986
0.2329 0.765517
0.233 0.766127
0.2331 0.766556
0.2332 0.76663
0.2333 0.766926
0.2334 0.767447
0.2335 0.76768
0.2336 0.768096
0.2337 0.768602
0.2338 0.769271
0.2339 0.769357
0.234 0.769504
0.2341 0.769672
0.2342 0.770188
0.2343 0.770023
0.2344 0.770237
0.2345 0.7708
0.2346 0.770829
0.2347 0.771207
0.2348 0.771601
0.2349 0.771617
0.235 0.77146
0.2351 0.771883
0.2352 0.772285
0.2353 0.772651
0.2354 0.772855
0.2355 0.77301
0.2356 0.773661
0.2357 0.773897
0.2358 0.774155
0.2359 0.774756
0.236 0.77488
0.2361 0.77508
0.2362 0.775251
0.2363 0.775944
0.2364 0.776685
0.2365 0.776748
0.2366 0.777218
0.2367 0.777796
0.2368 0.778153
0.2369 0.779336
0.237 0.779566
0.2371 0.779945
0.2372 0.780081
0.2373 0.780313
0.2374 0.780872
0.2375 0.781335
0.2376 0.781396
0.2377 0.781604
0.2378 0.781725
0.2379 0.782319
0.238 0.782724
0.2381 0.78336
0.2382 0.783678
0.2383 0.783789
0.2384 0.783941
0.2385 0.783982
0.2386 0.784202
0.2387 0.784358
0.2388 0.784601
0.2389 0.78494
0.239 0.785368
0.2391 0.785484
0.2392 0.785492
0.2393 0.785965
0.2394 0.786459
0.2395 0.786822
0.2396 0.786934
0.2397 0.787284
0.2398 0.787794
0.2399 0.787732
0.24 0.787929
0.2401 0.788329
0.2402 0.788757
0.2403 0.789125
0.2404 0.789474
0.2405 0.790139
0.2406 0.790765
0.2407 0.790982
0.2408 0.791348
0.2409 0.791764
0.241 0.791974
0.2411 0.792784
0.2412 0.792545
0.2413 0.792718
0.2414 0.792756
0.2415 0.7927
0.2416 0.792848
0.2417 0.793385
0.2418 0.793477
0.2419 0.793684
0.242 0.793805
0.2421 0.79427
0.2422 0.794686
0.2423 0.795111
0.2424 0.795194
0.2425 0.795404
0.2426 0.795642
0.2427 0.795574
0.2428 0.795868
0.2429 0.796501
0.243 0.797034
0.2431 0.797262
0.2432 0.797745
0.2433 0.798326
0.2434 0.798493
0.2435 0.798792
0.2436 0.798889
0.2437 0.799792
0.2438 0.800533
0.2439 0.800775
0.244 0.800769
0.2441 0.800989
0.2442 0.801429
0.2443 0.801176
0.2444 0.801406
0.2445 0.801647
0.2446 0.801985
0.2447 0.802262
0.2448 0.80277
0.2449 0.803299
0.245 0.80418
0.2451 0.80453
0.2452 0.805141
0.2453 0.805236
0.2454 0.805595
0.2455 0.805813
0.2456 0.806083
0.2457 0.806587
0.2458 0.806973
0.2459 0.8074
0.246 0.807891
0.2461 0.808227
0.2462 0.808119
0.2463 0.80858
0.2464 0.809023
0.2465 0.80939
0.2466 0.809526
0.2467 0.809881
0.2468 0.809958
0.2469 0.809575
0.247 0.809868
0.2471 0.809717
0.2472 0.809904
0.2473 0.810402
0.2474 0.810755
0.2475 0.810938
0.2476 0.811571
0.2477 0.811423
0.2478 0.811785
0.2479 0.811767
0.248 0.811921
0.2481 0.812391
0.2482 0.81275
0.2483 0.813255
0.2484 0.813717
0.2485 0.814375
0.2486 0.81466
0.2487 0.815019
0.2488 0.815174
0.2489 0.815794
0.249 0.816245
0.2491 0.816634
0.2492 0.816877
0.2493 0.816844
0.2494 0.81684
0.2495 0.817289
0.2496 0.817777
0.2497 0.818188
0.2498 0.81868
0.2499 0.818967
0.25 0.8192
0.2501 0.819806
0.2502 0.82008
0.2503 0.820283
0.2504 0.820908
0.2505 0.821048
0.2506 0.821395
0.2507 0.821872
0.2508 0.821928
0.2509 0.822058
0.251 0.822317
0.2511 0.82249
0.2512 0.823125
0.2513 0.823638
0.2514 0.823589
0.2515 0.824017
0.2516 0.823989
0.2517 0.824244
0.2518 0.824446
0.2519 0.824591
0.252 0.824535
0.2521 0.825039
0.2522 0.825309
0.2523 0.825652
0.2524 0.825611
0.2525 0.825473
0.2526 0.825872
0.2527 0.825945
0.2528 0.825866
0.2529 0.826306
0.253 0.826381
0.2531 0.826925
0.2532 0.826964
0.2533 0.826972
0.2534 0.827315
0.2535 0.827913
0.2536 0.82842
0.2537 0.829023
0.2538 0.829203
0.2539 0.82957
0.254 0.830334
0.2541 0.830329
0.2542 0.830854
0.2543 0.831179
0.2544 0.831196
0.2545 0.831401
0.2546 0.831641
0.2547 0.83162
0.2548 0.832103
0.2549 0.832703
0.255 0.832708
0.2551 0.832902
0.2552 0.833475
0.2553 0.833394
0.2554 0.833898
0.2555 0.834437
0.2556 0.834887
0.2557 0.8352
0.2558 0.835431
0.2559 0.836038
0.256 0.836426
0.2561 0.837062
0.2562 0.83723
0.2563 0.83795
0.2564 0.838117
0.2565 0.838367
0.2566 0.838536
0.2567 0.838302
0.2568 0.838958
0.2569 0.839027
0.257 0.839933
0.2571 0.840456
0.2572 0.841222
0.2573 0.8417
0.2574 0.842364
0.2575 0.842318
0.2576 0.842747
0.2577 0.842817
0.2578 0.842861
0.2579 0.843147
0.258 0.84384
0.2581 0.844307
0.2582 0.844961
0.2583 0.845143
0.2584 0.845585
0.2585 0.845836
0.2586 0.84655
0.2587 0.846878
0.2588 0.847434
0.2589 0.84784
0.259 0.847674
0.2591 0.847919
0.2592 0.84771
0.2593 0.84826
0.2594 0.848721
0.2595 0.848841
0.2596 0.848665
0.2597 0.84906
0.2598 0.848912
0.2599 0.849471
0.26 0.849585
0.2601 0.849683
0.2602 0.849808
0.2603 0.850536
0.2604 0.851053
0.2605 0.851153
0.2606 0.851898
0.2607 0.852253
0.2608 0.852832
0.2609 0.85276
0.261 0.853044
0.2611 0.853424
0.2612 0.854306
0.2613 0.85492
0.2614 0.855595
0.2615 0.856049
0.2616 0.856603
0.2617 0.857048
0.2618 0.857476
0.2619 0.857464
0.262 0.857669
0.2621 0.858282
0.2622 0.85896
0.2623 0.859062
0.2624 0.859129
0.2625 0.859462
0.2626 0.860056
0.2627 0.860364
0.2628 0.860763
0.2629 0.86154
0.263 0.861529
0.2631 0.861656
0.2632 0.86211
0.2633 0.862272
0.2634 0.86221
0.2635 0.862402
0.2636 0.862916
0.2637 0.863
0.2638 0.863209
0.2639 0.863857
0.264 0.864216
0.2641 0.864265
0.2642 0.864666
0.2643 0.864812
0.2644 0.865167
0.2645 0.865061
0.2646 0.865752
0.2647 0.866195
0.2648 0.866458
0.2649 0.866832
0.265 0.867456
0.2651 0.867359
0.2652 0.867797
0.2653 0.868538
0.2654 0.869156
0.2655 0.869192
0.2656 0.869381
0.2657 0.870177
0.2658 0.870993
0.2659 0.871317
0.266 0.87193
0.2661 0.872271
0.2662 0.872318
0.2663 0.872349
0.2664 0.872932
0.2665 0.873276
0.2666 0.873674
0.2667 0.873478
0.2668 0.874047
0.2669 0.874447
0.267 0.874585
0.2671 0.874738
0.2672 0.875009
0.2673 0.875868
0.2674 0.876103
0.2675 0.87679
0.2676 0.877032
0.2677 0.877505
0.2678 0.87759
0.2679 0.877576
0.268 0.878032
0.2681 0.878359
0.2682 0.878926
0.2683 0.879045
0.2684 0.879731
0.2685 0.880184
0.2686 0.880189
0.2687 0.880863
0.2688 0.88127
0.2689 0.881614
0.269 0.88193
0.2691 0.882108
0.2692 0.882244
0.2693 0.882391
0.2694 0.882868
0.2695 0.882755
0.2696 0.882963
0.2697 0.88322
0.2698 0.883537
0.2699 0.88396
0.27 0.884581
0.2701 0.885014
0.2702 0.885087
0.2703 0.885065
0.2704 0.885252
0.2705 0.885194
0.2706 0.885288
0.2707 0.885376
0.2708 0.885628
0.2709 0.886026
0.271 0.88649
0.2711 0.886619
0.2712 0.88706
0.2713 0.887399
0.2714 0.887706
0.2715 0.888016
0.2716 0.888368
0.2717 0.888757
0.2718 0.888936
0.2719 0.889175
0.272 0.889503
0.2721 0.889763
0.2722 0.890214
0.2723 0.890557
0.2724 0.89076
0.2725 0.890684
0.2726 0.89053
0.2727 0.890319
0.2728 0.890676
0.2729 0.891038
0.273 0.891271
0.2731 0.891709
0.2732 0.892561
0.2733 0.893081
0.2734 0.892849
0.2735 0.892841
0.2736 0.893101
0.2737 0.893605
0.2738 0.894405
0.2739 0.894398
0.274 0.894572
0.2741 0.89507
0.2742 0.895042
0.2743 0.895154
0.2744 0.895054
0.2745 0.89561
0.2746 0.896017
0.2747 0.896377
0.2748 0.897022
0.2749 0.897191
0.275 0.897662
0.2751 0.897926
0.2752 0.89851
0.2753 0.898695
0.2754 0.898887
0.2755 0.898861
0.2756 0.898996
0.2757 0.89939
0.2758 0.899558
0.2759 0.899278
0.276 0.899746
0.2761 0.900035
0.2762 0.900227
0.2763 0.900879
0.2764 0.900889
0.2765 0.901509
0.2766 0.901798
0.2767 0.902185
0.2768 0.902494
0.2769 0.902509
0.277 0.902983
0.2771 0.903297
0.2772 0.903657
0.2773 0.904133
0.2774 0.904198
0.2775 0.904929
0.2776 0.90456
0.2777 0.904313
0.2778 0.904653
0.2779 0.905456
0.278 0.906031
0.2781 0.905932
0.2782 0.906102
0.2783 0.906222
0.2784 0.906192
0.2785 0.906322
0.2786 0.906797
0.2787 0.90696
0.2788 0.907077
0.2789 0.907419
0.279 0.90774
0.2791 0.908032
0.2792 0.908389
0.2793 0.908218
0.2794 0.90848
0.2795 0.908507
0.2796 0.908484
0.2797 0.909011
0.2798 0.909259
0.2799 0.909788
0.28 0.91014
0.2801 0.91091
0.2802 0.911233
0.2803 0.911606
0.2804 0.911719
0.2805 0.911394
0.2806 0.911845
0.2807 0.911992
0.2808 0.91226
0.2809 0.91251
0.281 0.912438
0.2811 0.912888
0.2812 0.91324
0.2813 0.913439
0.2814 0.913844
0.2815 0.914079
0.2816 0.91468
0.2817 0.914555
0.2818 0.914742
0.2819 0.914622
0.282 0.91539
0.2821 0.915573
0.2822 0.915436
0.2823 0.91596
0.2824 0.916646
0.2825 0.916854
0.2826 0.917532
0.2827 0.917908
0.2828 0.91789
0.2829 0.91747
0.283 0.917884
0.2831 0.918674
0.2832 0.918964
0.2833 0.919362
0.2834 0.919766
0.2835 0.920035
0.2836 0.920295
0.2837 0.920082
0.2838 0.920721
0.2839 0.920856
0.284 0.921326
0.2841 0.921866
0.2842 0.922137
0.2843 0.922547
0.2844 0.923013
0.2845 0.922873
0.2846 0.922957
0.2847 0.923375
0.2848 0.923065
0.2849 0.923918
0.285 0.923992
0.2851 0.923965
0.2852 0.924623
0.2853 0.925057
0.2854 0.925853
0.2855 0.925549
0.2856 0.92603
0.2857 0.926683
0.2858 0.927289
0.2859 0.927653
0.286 0.92771
0.2861 0.927966
0.2862 0.928248
0.2863 0.928193
0.2864 0.928602
0.2865 0.92957
0.2866 0.930067
0.2867 0.93027
0.2868 0.930417
0.2869 0.930637
0.287 0.931028
0.2871 0.931279
0.2872 0.931678
0.2873 0.931893
0.2874 0.93195
0.2875 0.932091
0.2876 0.932489
0.2877 0.932391
0.2878 0.932406
0.2879 0.933307
0.288 0.933536
0.2881 0.93384
0.2882 0.934495
0.2883 0.93495
0.2884 0.935635
0.2885 0.93616
0.2886 0.936015
0.2887 0.93669
0.2888 0.937201
0.2889 0.937478
0.289 0.937473
0.2891 0.937751
0.2892 0.938024
0.2893 0.938403
0.2894 0.938383
0.2895 0.938648
0.2896 0.938859
0.2897 0.93935
0.2898 0.939486
0.2899 0.939449
0.29 0.939558
0.2901 0.939839
0.2902 0.940238
0.2903 0.940285
0.2904 0.940796
0.2905 0.941501
0.2906 0.942002
0.2907 0.942998
0.2908 0.942653
0.2909 0.942782
0.291 0.942686
0.2911 0.943003
0.2912 0.94319
0.2913 0.943359
0.2914 0.943369
0.2915 0.94357
0.2916 0.943884
0.2917 0.944262
0.2918 0.944642
0.2919 0.945112
0.292 0.945358
0.2921 0.945819
0.2922 0.94638
0.2923 0.946799
0.2924 0.946857
0.2925 0.947384
0.2926 0.947998
0.2927 0.948644
0.2928 0.949218
0.2929 0.949794
0.293 0.950234
0.2931 0.95055
0.2932 0.95138
0.2933 0.951792
0.2934 0.951597
0.2935 0.951596
0.2936 0.951627
0.2937 0.951827
0.2938 0.952183
0.2939 0.95295
0.294 0.953164
0.2941 0.953786
0.2942 0.95396
0.2943 0.954111
0.2944 0.954399
0.2945 0.954715
0.2946 0.95486
0.2947 0.955354
0.2948 0.95536
0.2949 0.956179
0.295 0.956447
0.2951 0.95667
0.2952 0.956765
0.2953 0.957438
0.2954 0.957817
0.2955 0.957812
0.2956 0.958341
0.2957 0.958051
0.2958 0.958325
0.2959 0.958743
0.296 0.959369
0.2961 0.959434
0.2962 0.95984
0.2963 0.959948
0.2964 0.959912
0.2965 0.960392
0.2966 0.960238
0.2967 0.959842
0.2968 0.959943
0.2969 0.960253
0.297 0.96078
0.2971 0.960805
0.2972 0.961016
0.2973 0.961042
0.2974 0.961381
0.2975 0.961214
0.2976 0.961134
0.2977 0.961445
0.2978 0.961861
0.2979 0.961873
0.298 0.962451
0.2981 0.962421
0.2982 0.962486
0.2983 0.962842
0.2984 0.963076
0.2985 0.963272
0.2986 0.963872
0.2987 0.96464
0.2988 0.964379
0.2989 0.964595
0.299 0.9648
0.2991 0.964698
0.2992 0.964784
0.2993 0.965053
0.2994 0.965641
0.2995 0.965921
0.2996 0.966336
0.2997 0.966613
0.2998 0.966928
0.2999 0.966926
0.3 0.967714
0.3001 0.968239
0.3002 0.968079
0.3003 0.968181
0.3004 0.968395
0.3005 0.969003
0.3006 0.969901
0.3007 0.969965
0.3008 0.970736
0.3009 0.970912
0.301 0.971345
0.3011 0.971652
0.3012 0.971763
0.3013 0.972172
0.3014 0.972349
0.3015 0.972017
0.3016 0.972028
0.3017 0.972819
0.3018 0.973034
0.3019 0.973206
0.302 0.97323
0.3021 0.973641
0.3022 0.974199
0.3023 0.97422
0.3024 0.974485
0.3025 0.975025
0.3026 0.975417
0.3027 0.97576
0.3028 0.975825
0.3029 0.976058
0.303 0.976412
0.3031 0.976818
0.3032 0.976755
0.3033 0.977406
0.3034 0.977204
0.3035 0.977238
0.3036 0.977155
0.3037 0.977325
0.3038 0.977684
0.3039 0.977985
0.304 0.978537
0.3041 0.978841
0.3042 0.978841
0.3043 0.979322
0.3044 0.979592
0.3045 0.979998
0.3046 0.980288
0.3047 0.980464
0.3048 0.980679
0.3049 0.980928
0.305 0.981079
0.3051 0.981017
0.3052 0.981367
0.3053 0.981362
0.3054 0.981519
0.3055 0.981949
0.3056 0.982208
0.3057 0.983149
0.3058 0.983729
0.3059 0.98378
0.306 0.984162
0.3061 0.985421
0.3062 0.985814
0.3063 0.985935
0.3064 0.986627
0.3065 0.986812
0.3066 0.986896
0.3067 0.98678
0.3068 0.986777
0.3069 0.986974
0.307 0.987644
0.3071 0.988249
0.3072 0.989067
0.3073 0.989669
0.3074 0.990243
0.3075 0.990457
0.3076 0.990858
0.3077 0.990971
0.3078 0.991654
0.3079 0.992333
0.308 0.992915
0.3081 0.992839
0.3082 0.993395
0.3083 0.993411
0.3084 0.993729
0.3085 0.994632
0.3086 0.995109
0.3087 0.99559
0.3088 0.995966
0.3089 0.99672
0.309 0.996785
0.3091 0.997133
0.3092 0.99755
0.3093 0.998252
0.3094 0.99862
0.3095 0.999192
0.3096 0.999192
0.3097 0.99942
0.3098 0.999906
0.3099 0.999659
0.31 1.00002
0.3101 1.00082
0.3102 1.00074
0.3103 1.00107
0.3104 1.00164
0.3105 1.00193
0.3106 1.00231
0.3107 1.00266
0.3108 1.00257
0.3109 1.00271
0.311 1.00289
0.3111 1.00313
0.3112 1.00318
0.3113 1.00327
0.3114 1.00365
0.3115 1.0038
0.3116 1.00414
0.3117 1.00447
0.3118 1.0055
0.3119 1.00587
0.312 1.00675
0.3121 1.00644
0.3122 1.00669
0.3123 1.0074
0.3124 1.0079
0.3125 1.00887
0.3126 1.00913
0.3127 1.00932
0.3128 1.00947
0.3129 1.00962
0.313 1.00948
0.3131 1.00929
0.3132 1.0093
0.3133 1.00931
0.3134 1.00936
0.3135 1.00979
0.3136 1.01013
0.3137 1.01023
0.3138 1.01028
0.3139 1.01085
0.314 1.01138
0.3141 1.01153
0.3142 1.01182
0.3143 1.01252
0.3144 1.01295
0.3145 1.01309
0.3146 1.01335
0.3147 1.01405
0.3148 1.01459
0.3149 1.01512
0.315 1.01561
0.3151 1.01573
0.3152 1.01606
0.3153 1.01666
0.3154 1.01616
0.3155 1.01654
0.3156 1.01671
0.3157 1.01716
0.3158 1.01774
0.3159 1.01825
0.316 1.01851
0.3161 1.01866
0.3162 1.01896
0.3163 1.01893
0.3164 1.01949
0.3165 1.02009
0.3166 1.02077
0.3167 1.02087
0.3168 1.02126
0.3169 1.02132
0.317 1.02118
0.3171 1.02123
0.3172 1.02084
0.3173 1.02075
0.3174 1.0209
0.3175 1.02108
0.3176 1.02165
0.3177 1.0216
0.3178 1.02205
0.3179 1.02272
0.318 1.02299
0.3181 1.02358
0.3182 1.02391
0.3183 1.02398
0.3184 1.02435
0.3185 1.02449
0.3186 1.02444
0.3187 1.02442
0.3188 1.02452
0.3189 1.02495
0.319 1.0256
0.3191 1.02573
0.3192 1.02604
0.3193 1.02644
0.3194 1.02698
0.3195 1.02759
0.3196 1.02827
0.3197 1.02841
0.3198 1.02875
0.3199 1.02898
0.32 1.02943
0.3201 1.02977
0.3202 1.03035
0.3203 1.03014
0.3204 1.03068
0.3205 1.03078
0.3206 1.03132
0.3207 1.03167
0.3208 1.03218
0.3209 1.03289
0.321 1.03316
0.3211 1.03334
0.3212 1.03395
0.3213 1.03431
0.3214 1.03525
0.3215 1.03569
0.3216 1.03602
0.3217 1.03634
0.3218 1.03688
0.3219 1.03744
0.322 1.03758
0.3221 1.03762
0.3222 1.03811
0.3223 1.03864
0.3224 1.03917
0.3225 1.03936
0.3226 1.03978
0.3227 1.04052
0.3228 1.04097
0.3229 1.04152
0.323 1.04219
0.3231 1.04245
0.3232 1.04272
0.3233 1.04309
0.3234 1.04323
0.3235 1.04344
0.3236 1.04382
0.3237 1.04411
0.3238 1.04453
0.3239 1.04463
0.324 1.04493
0.3241 1.04507
0.3242 1.04482
0.3243 1.04501
0.3244 1.0456
0.3245 1.04559
0.3246 1.04615
0.3247 1.04667
0.3248 1.04734
0.3249 1.04767
0.325 1.04789
0.3251 1.04786
0.3252 1.04802
0.3253 1.04778
0.3254 1.04763
0.3255 1.04734
0.3256 1.04717
0.3257 1.0473
0.3258 1.04739
0.3259 1.04821
0.326 1.04812
0.3261 1.0487
0.3262 1.04859
0.3263 1.0488
0.3264 1.04919
0.3265 1.04927
0.3266 1.04967
0.3267 1.04928
0.3268 1.04973
0.3269 1.04965
0.327 1.05012
0.3271 1.05046
0.3272 1.05074
0.3273 1.05085
0.3274 1.05112
0.3275 1.05157
0.3276 1.0521
0.3277 1.05222
0.3278 1.05179
0.3279 1.05228
0.328 1.05319
0.3281 1.05327
0.3282 1.05366
0.3283 1.05359
0.3284 1.05431
0.3285 1.05459
0.3286 1.05524
0.3287 1.0551
0.3288 1.05514
0.3289 1.05572
0.329 1.05555
0.3291 1.0557
0.3292 1.0558
0.3293 1.05598
0.3294 1.05603
0.3295 1.0558
0.3296 1.05644
0.3297 1.05661
0.3298 1.05665
0.3299 1.05674
0.33 1.057
0.3301 1.05704
0.3302 1.05762
0.3303 1.05825
0.3304 1.05839
0.3305 1.05874
0.3306 1.05865
0.3307 1.05923
0.3308 1.05933
0.3309 1.05969
0.331 1.06
0.3311 1.06053
0.3312 1.06089
0.3313 1.06093
0.3314 1.0613
0.3315 1.06183
0.3316 1.06258
0.3317 1.06261
0.3318 1.0631
0.3319 1.06334
0.332 1.06332
0.3321 1.06376
0.3322 1.06411
0.3323 1.06469
0.3324 1.0648
0.3325 1.06536
0.3326 1.06567
0.3327 1.06607
0.3328 1.06624
0.3329 1.06694
0.333 1.06691
0.3331 1.06681
0.3332 1.06697
0.3333 1.0672
0.3334 1.06752
0.3335 1.06759
0.3336 1.0675
0.3337 1.06809
0.3338 1.06837
0.3339 1.06811
0.334 1.06833
0.3341 1.06877
0.3342 1.0692
0.3343 1.06971
0.3344 1.07034
0.3345 1.07035
0.3346 1.07068
0.3347 1.07112
0.3348 1.07124
0.3349 1.0717
0.335 1.07141
0.3351 1.07192
0.3352 1.07202
0.3353 1.07257
0.3354 1.07305
0.3355 1.07364
0.3356 1.07425
0.3357 1.07441
0.3358 1.07465
0.3359 1.07538
0.336 1.07585
0.3361 1.07636
0.3362 1.07611
0.3363 1.07647
0.3364 1.07639
0.3365 1.07622
0.3366 1.07623
0.3367 1.07645
0.3368 1.07669
0.3369 1.07715
0.337 1.07753
0.3371 1.07744
0.3372 1.07764
0.3373 1.07817
0.3374 1.07887
0.3375 1.07887
0.3376 1.0789
0.3377 1.07953
0.3378 1.07943
0.3379 1.07993
0.338 1.08035
0.3381 1.08066
0.3382 1.08107
0.3383 1.08154
0.3384 1.08162
0.3385 1.08209
0.3386 1.08256
0.3387 1.08324
0.3388 1.08387
0.3389 1.08445
0.339 1.08478
0.3391 1.08509
0.3392 1.08552
0.3393 1.08576
0.3394 1.08627
0.3395 1.08603
0.3396 1.08624
0.3397 1.08677
0.3398 1.08682
0.3399 1.08713
0.34 1.08719
0.3401 1.08717
0.3402 1.08745
0.3403 1.08762
0.3404 1.08791
0.3405 1.08821
0.3406 1.08859
0.3407 1.08857
0.3408 1.08849
0.3409 1.08871
0.341 1.08965
0.3411 1.09013
0.3412 1.09025
0.3413 1.09027
0.3414 1.09033
0.3415 1.09092
0.3416 1.09122
0.3417 1.09163
0.3418 1.09167
0.3419 1.09154
0.342 1.09183
0.3421 1.09225
0.3422 1.09229
0.3423 1.09276
0.3424 1.09314
0.3425 1.09339
0.3426 1.09383
0.3427 1.09339
0.3428 1.09396
0.3429 1.09467
0.343 1.09473
0.3431 1.09493
0.3432 1.09545
0.3433 1.09578
0.3434 1.09595
0.3435 1.09653
0.3436 1.0967
0.3437 1.09692
0.3438 1.09714
0.3439 1.09709
0.344 1.09792
0.3441 1.09824
0.3442 1.09889
0.3443 1.09932
0.3444 1.10009
0.3445 1.10041
0.3446 1.10029
0.3447 1.10087
0.3448 1.1013
0.3449 1.10144
0.345 1.10106
0.3451 1.10166
0.3452 1.10188
0.3453 1.10204
0.3454 1.10193
0.3455 1.10219
0.3456 1.10263
0.3457 1.10296
0.3458 1.10341
0.3459 1.10346
0.346 1.10358
0.3461 1.10386
0.3462 1.10434
0.3463 1.10473
0.3464 1.10517
0.3465 1.10573
0.3466 1.10591
0.3467 1.10621
0.3468 1.10665
0.3469 1.10692
0.347 1.10684
0.3471 1.10727
0.3472 1.10765
0.3473 1.10817
0.3474 1.10844
0.3475 1.10887
0.3476 1.10898
0.3477 1.10992
0.3478 1.11008
0.3479 1.11102
0.348 1.11117
0.3481 1.11096
0.3482 1.11139
0.3483 1.11178
0.3484 1.1118
0.3485 1.11155
0.3486 1.11205
0.3487 1.11276
0.3488 1.11345
0.3489 1.11337
0.349 1.11384
0.3491 1.11407
0.3492 1.11462
0.3493 1.11534
0.3494 1.11599
0.3495 1.11648
0.3496 1.11679
0.3497 1.11733
0.3498 1.11803
0.3499 1.1184
0.35 1.11865
0.3501 1.11866
0.3502 1.11912
0.3503 1.11931
0.3504 1.11932
0.3505 1.11932
0.3506 1.11976
0.3507 1.11969
0.3508 1.11972
0.3509 1.12006
0.351 1.12054
0.3511 1.12071
0.3512 1.12093
0.3513 1.12144
0.3514 1.122
0.3515 1.1224
0.3516 1.12229
0.3517 1.1227
0.3518 1.12327
0.3519 1.12342
0.352 1.12388
0.3521 1.12433
0.3522 1.12436
0.3523 1.12474
0.3524 1.12528
0.3525 1.12513
0.3526 1.12531
0.3527 1.12538
0.3528 1.12526
0.3529 1.12605
0.353 1.12602
0.3531 1.12612
0.3532 1.12665
0.3533 1.12678
0.3534 1.12708
0.3535 1.1275
0.3536 1.12727
0.3537 1.12728
0.3538 1.12815
0.3539 1.12787
0.354 1.12856
0.3541 1.12886
0.3542 1.1296
0.3543 1.1297
0.3544 1.12954
0.3545 1.13008
0.3546 1.1301
0.3547 1.13076
0.3548 1.13108
0.3549 1.1313
0.355 1.13174
0.3551 1.1317
0.3552 1.13223
0.3553 1.13289
0.3554 1.13335
0.3555 1.13346
0.3556 1.13411
0.3557 1.1342
0.3558 1.13503
0.3559 1.13542
0.356 1.13509
0.3561 1.13497
0.3562 1.13508
0.3563 1.13572
0.3564 1.13628
0.3565 1.13684
0.3566 1.13717
0.3567 1.13797
0.3568 1.13914
0.3569 1.14002
0.357 1.1401
0.3571 1.14044
0.3572 1.14114
0.3573 1.14153
0.3574 1.14189
0.3575 1.14227
0.3576 1.14259
0.3577 1.14308
0.3578 1.14329
0.3579 1.14337
0.358 1.14364
0.3581 1.14377
0.3582 1.14412
0.3583 1.14464
0.3584 1.1447
0.3585 1.14491
0.3586 1.14519
0.3587 1.14566
0.3588 1.14581
0.3589 1.14617
0.359 1.14638
0.3591 1.14677
0.3592 1.14714
0.3593 1.14732
0.3594 1.14791
0.3595 1.14899
0.3596 1.1499
0.3597 1.1503
0.3598 1.1504
0.3599 1.15071
0.36 1.15082
0.3601 1.15104
0.3602 1.15144
0.3603 1.1518
0.3604 1.152
0.3605 1.15219
0.3606 1.15231
0.3607 1.15247
0.3608 1.15281
0.3609 1.15349
0.361 1.15434
0.3611 1.15474
0.3612 1.15523
0.3613 1.1557
0.3614 1.15624
0.3615 1.15657
0.3616 1.15705
0.3617 1.15744
0.3618 1.15762
0.3619 1.15833
0.362 1.15868
0.3621 1.15862
0.3622 1.15885
0.3623 1.15872
0.3624 1.15909
0.3625 1.15954
0.3626 1.15963
0.3627 1.16027
0.3628 1.16031
0.3629 1.16062
0.363 1.16063
0.3631 1.16085
0.3632 1.16091
0.3633 1.16186
0.3634 1.16173
0.3635 1.16239
0.3636 1.16234
0.3637 1.16286
0.3638 1.16336
0.3639 1.16329
0.364 1.16379
0.3641 1.16398
0.3642 1.16484
0.3643 1.16503
0.3644 1.16526
0.3645 1.16548
0.3646 1.1655
0.3647 1.16532
0.3648 1.16589
0.3649 1.16632
0.365 1.16694
0.3651 1.16744
0.3652 1.16792
0.3653 1.1673
0.3654 1.1681
0.3655 1.16796
0.3656 1.16838
0.3657 1.16894
0.3658 1.16893
0.3659 1.16907
0.366 1.16943
0.3661 1.17011
0.3662 1.16997
0.3663 1.17057
0.3664 1.17062
0.3665 1.17105
0.3666 1.17151
0.3667 1.17202
0.3668 1.17242
0.3669 1.17296
0.367 1.17258
0.3671 1.1726
0.3672 1.17293
0.3673 1.17325
0.3674 1.1734
0.3675 1.17426
0.3676 1.17436
0.3677 1.17507
0.3678 1.17508
0.3679 1.17522
0.368 1.1756
0.3681 1.17566
0.3682 1.17611
0.3683 1.17648
0.3684 1.1769
0.3685 1.1773
0.3686 1.1776
0.3687 1.17847
0.3688 1.17875
0.3689 1.17929
0.369 1.17992
0.3691 1.17995
0.3692 1.18024
0.3693 1.18073
0.3694 1.18144
0.3695 1.18178
0.3696 1.18148
0.3697 1.18156
0.3698 1.18176
0.3699 1.18225
0.37 1.18254
0.3701 1.1829
0.3702 1.18318
0.3703 1.18372
0.3704 1.18399
0.3705 1.18398
0.3706 1.18404
0.3707 1.18436
0.3708 1.18469
0.3709 1.18478
0.371 1.18475
0.3711 1.18478
0.3712 1.18542
0.3713 1.18582
0.3714 1.18559
0.3715 1.18586
0.3716 1.18571
0.3717 1.18618
0.3718 1.1864
0.3719 1.1862
0.372 1.18673
0.3721 1.18659
0.3722 1.18652
0.3723 1.18681
0.3724 1.1876
0.3725 1.188
0.3726 1.18841
0.3727 1.18841
0.3728 1.18849
0.3729 1.18951
0.373 1.1902
0.3731 1.19044
0.3732 1.19093
0.3733 1.19147
0.3734 1.19151
0.3735 1.19172
0.3736 1.19191
0.3737 1.19225
0.3738 1.19246
0.3739 1.1928
0.374 1.1932
0.3741 1.19352
0.3742 1.19395
0.3743 1.19406
0.3744 1.19466
0.3745 1.19514
0.3746 1.19536
0.3747 1.19578
0.3748 1.19613
0.3749 1.19696
0.375 1.197
0.3751 1.19755
0.3752 1.19789
0.3753 1.19878
0.3754 1.19896
0.3755 1.19936
0.3756 1.19994
0.3757 1.20053
0.3758 1.20061
0.3759 1.20063
0.376 1.20128
0.3761 1.20163
0.3762 1.2017
0.3763 1.20176
0.3764 1.20245
0.3765 1.20272
0.3766 1.2026
0.3767 1.20292
0.3768 1.20336
0.3769 1.20281
0.377 1.2026
0.3771 1.20292
0.3772 1.20324
0.3773 1.20274
0.3774 1.20264
0.3775 1.20283
0.3776 1.20356
0.3777 1.20337
0.3778 1.20389
0.3779 1.20379
0.378 1.20374
0.3781 1.20421
0.3782 1.20506
0.3783 1.20529
0.3784 1.20514
0.3785 1.20546
0.3786 1.20554
0.3787 1.20545
0.3788 1.20527
0.3789 1.20538
0.379 1.20563
0.3791 1.20577
0.3792 1.20568
0.3793 1.20561
0.3794 1.20572
0.3795 1.20617
0.3796 1.20591
0.3797 1.20559
0.3798 1.20555
0.3799 1.20554
0.38 1.20598
0.3801 1.2054
0.3802 1.20599
0.3803 1.20622
0.3804 1.20692
0.3805 1.20739
0.3806 1.20725
0.3807 1.20728
0.3808 1.20749
0.3809 1.20761
0.381 1.20774
0.3811 1.20761
0.3812 1.20772
0.3813 1.20802
0.3814 1.20822
0.3815 1.20839
0.3816 1.20821
0.3817 1.20849
0.3818 1.20938
0.3819 1.20994
0.382 1.2099
0.3821 1.20977
0.3822 1.21019
0.3823 1.2101
0.3824 1.2096
0.3825 1.21007
0.3826 1.2106
0.3827 1.21067
0.3828 1.21107
0.3829 1.21186
0.383 1.21232
0.3831 1.21228
0.3832 1.21242
0.3833 1.21265
0.3834 1.21242
0.3835 1.2128
0.3836 1.21321
0.3837 1.2137
0.3838 1.21403
0.3839 1.21427
0.384 1.21453
0.3841 1.21492
0.3842 1.21496
0.3843 1.21506
0.3844 1.21527
0.3845 1.21581
0.3846 1.21616
0.3847 1.21591
0.3848 1.21642
0.3849 1.21704
0.385 1.21759
0.3851 1.21769
0.3852 1.21835
0.3853 1.21814
0.3854 1.21832
0.3855 1.21871
0.3856 1.2192
0.3857 1.2203
0.3858 1.22061
0.3859 1.22054
0.386 1.22104
0.3861 1.22162
0.3862 1.22209
0.3863 1.22186
0.3864 1.22196
0.3865 1.22245
0.3866 1.22302
0.3867 1.22274
0.3868 1.22316
0.3869 1.22336
0.387 1.22344
0.3871 1.22306
0.3872 1.22349
0.3873 1.22435
0.3874 1.22419
0.3875 1.22435
0.3876 1.22461
0.3877 1.22521
0.3878 1.22619
0.3879 1.22672
0.388 1.22748
0.3881 1.22814
0.3882 1.22819
0.3883 1.22866
0.3884 1.22887
0.3885 1.2296
0.3886 1.22997
0.3887 1.23061
0.3888 1.23058
0.3889 1.23084
0.389 1.23105
0.3891 1.23071
0.3892 1.23083
0.3893 1.23065
0.3894 1.23088
0.3895 1.23122
0.3896 1.23182
0.3897 1.23207
0.3898 1.23259
0.3899 1.23253
0.39 1.23278
0.3901 1.23239
0.3902 1.23231
0.3903 1.23249
0.3904 1.23275
0.3905 1.23353
0.3906 1.23339
0.3907 1.23384
0.3908 1.23383
0.3909 1.23402
0.391 1.23425
0.3911 1.23442
0.3912 1.23436
0.3913 1.23473
0.3914 1.23497
0.3915 1.2351
0.3916 1.23569
0.3917 1.23605
0.3918 1.23667
0.3919 1.23766
0.392 1.23737
0.3921 1.23798
0.3922 1.23799
0.3923 1.23813
0.3924 1.23835
0.3925 1.23815
0.3926 1.23816
0.3927 1.2384
0.3928 1.2391
0.3929 1.23971
0.393 1.24028
0.3931 1.24128
0.3932 1.2411
0.3933 1.24114
0.3934 1.24142
0.3935 1.24142
0.3936 1.24194
0.3937 1.24225
0.3938 1.24267
0.3939 1.2429
0.394 1.24364
0.3941 1.24396
0.3942 1.24404
0.3943 1.24463
0.3944 1.24481
0.3945 1.24459
0.3946 1.24464
0.3947 1.24494
0.3948 1.24497
0.3949 1.2454
0.395 1.2452
0.3951 1.24537
0.3952 1.24524
0.3953 1.24581
0.3954 1.24587
0.3955 1.24619
0.3956 1.24662
0.3957 1.24727
0.3958 1.24745
0.3959 1.24759
0.396 1.24787
0.3961 1.24759
0.3962 1.24847
0.3963 1.24849
0.3964 1.24873
0.3965 1.24878
0.3966 1.24922
0.3967 1.24899
0.3968 1.2495
0.3969 1.24935
0.397 1.24938
0.3971 1.24959
0.3972 1.24955
0.3973 1.24886
0.3974 1.24945
0.3975 1.24961
0.3976 1.24982
0.3977 1.2505
0.3978 1.25116
0.3979 1.25143
0.398 1.25155
0.3981 1.25212
0.3982 1.25269
0.3983 1.25323
0.3984 1.25338
0.3985 1.25354
0.3986 1.25331
0.3987 1.25345
0.3988 1.25421
0.3989 1.25457
0.399 1.25492
0.3991 1.25512
0.3992 1.25584
0.3993 1.25617
0.3994 1.25608
0.3995 1.25636
0.3996 1.25615
0.3997 1.2568
0.3998 1.25748
0.3999 1.25771
0.4 1.25833
0.4001 1.25868
0.4002 1.25859
0.4003 1.25864
0.4004 1.25875
0.4005 1.25918
0.4006 1.25946
0.4007 1.25941
0.4008 1.2596
0.4009 1.25998
0.401 1.26044
0.4011 1.26086
0.4012 1.26173
0.4013 1.2623
0.4014 1.26263
0.4015 1.2622
0.4016 1.26218
0.4017 1.26169
0.4018 1.26186
0.4019 1.26254
0.402 1.26317
0.4021 1.263
0.4022 1.26347
0.4023 1.26394
0.4024 1.2645
0.4025 1.26434
0.4026 1.26445
0.4027 1.26485
0.4028 1.26526
0.4029 1.26523
0.403 1.26567
0.4031 1.26633
0.4032 1.26688
0.4033 1.26785
0.4034 1.26846
0.4035 1.2685
0.4036 1.26911
0.4037 1.26917
0.4038 1.2691
0.4039 1.26943
0.404 1.26968
0.4041 1.27006
0.4042 1.27042
0.4043 1.27008
0.4044 1.26969
0.4045 1.26978
0.4046 1.27048
0.4047 1.27079
0.4048 1.27121
0.4049 1.27184
0.405 1.27215
0.4051 1.27222
0.4052 1.27263
0.4053 1.27238
0.4054 1.27227
0.4055 1.2726
0.4056 1.27309
0.4057 1.27325
0.4058 1.27357
0.4059 1.27353
0.406 1.27422
0.4061 1.27466
0.4062 1.27482
0.4063 1.27544
0.4064 1.27595
0.4065 1.27599
0.4066 1.27617
0.4067 1.27635
0.4068 1.2765
0.4069 1.27722
0.407 1.27714
0.4071 1.27743
0.4072 1.27705
0.4073 1.2772
0.4074 1.27761
0.4075 1.27781
0.4076 1.27745
0.4077 1.2773
0.4078 1.27808
0.4079 1.27809
0.408 1.27793
0.4081 1.27918
0.4082 1.27915
0.4083 1.27991
0.4084 1.28034
0.4085 1.28006
0.4086 1.28024
0.4087 1.28061
0.4088 1.28067
0.4089 1.28066
0.409 1.28063
0.4091 1.28142
0.4092 1.28192
0.4093 1.28188
0.4094 1.28194
0.4095 1.28208
0.4096 1.28246
0.4097 1.28278
0.4098 1.2831
0.4099 1.28349
0.41 1.2836
0.4101 1.28373
0.4102 1.28392
0.4103 1.2844
0.4104 1.2851
0.4105 1.28566
0.4106 1.28597
0.4107 1.28645
0.4108 1.28699
0.4109 1.28697
0.411 1.28741
0.4111 1.28762
0.4112 1.28826
0.4113 1.2884
0.4114 1.28867
0.4115 1.28896
0.4116 1.28898
0.4117 1.28887
0.4118 1.28889
0.4119 1.28932
0.412 1.28979
0.4121 1.29031
0.4122 1.29048
0.4123 1.29132
0.4124 1.29158
0.4125 1.29184
0.4126 1.29221
0.4127 1.29255
0.4128 1.29277
0.4129 1.29295
0.413 1.29293
0.4131 1.29331
0.4132 1.29321
0.4133 1.29387
0.4134 1.29435
0.4135 1.29513
0.4136 1.2951
0.4137 1.29558
0.4138 1.29569
0.4139 1.29606
0.414 1.29656
0.4141 1.29669
0.4142 1.29697
0.4143 1.29748
0.4144 1.29772
0.4145 1.29827
0.4146 1.29853
0.4147 1.29843
0.4148 1.29829
0.4149 1.299
0.415 1.29922
0.4151 1.29928
0.4152 1.29988
0.4153 1.30029
0.4154 1.30117
0.4155 1.30121
0.4156 1.30189
0.4157 1.30221
0.4158 1.30222
0.4159 1.30215
0.416 1.30265
0.4161 1.30346
0.4162 1.3034
0.4163 1.30392
0.4164 1.30441
0.4165 1.30499
0.4166 1.30494
0.4167 1.30506
0.4168 1.30487
0.4169 1.30533
0.417 1.30552
0.4171 1.30529
0.4172 1.30564
0.4173 1.30601
0.4174 1.30618
0.4175 1.30659
0.4176 1.3068
0.4177 1.3069
0.4178 1.30783
0.4179 1.30798
0.418 1.3082
0.4181 1.30829
0.4182 1.30853
0.4183 1.30846
0.4184 1.30875
0.4185 1.30888
0.4186 1.30938
0.4187 1.30958
0.4188 1.30997
0.4189 1.31057
0.419 1.31066
0.4191 1.31114
0.4192 1.31145
0.4193 1.31156
0.4194 1.31159
0.4195 1.31163
0.4196 1.31183
0.4197 1.3126
0.4198 1.31311
0.4199 1.31343
0.42 1.31372
0.4201 1.31373
0.4202 1.31423
0.4203 1.31455
0.4204 1.31473
0.4205 1.31472
0.4206 1.31505
0.4207 1.31589
0.4208 1.31624
0.4209 1.31678
0.421 1.31708
0.4211 1.31666
0.4212 1.31718
0.4213 1.31728
0.4214 1.3174
0.4215 1.31741
0.4216 1.31811
0.4217 1.31838
0.4218 1.31883
0.4219 1.31914
0.422 1.31907
0.4221 1.3193
0.4222 1.3197
0.4223 1.3197
0.4224 1.31964
0.4225 1.31988
0.4226 1.3203
0.4227 1.32111
0.4228 1.32211
0.4229 1.32252
0.423 1.32276
0.4231 1.3228
0.4232 1.32279
0.4233 1.3231
0.4234 1.32355
0.4235 1.32355
0.4236 1.32403
0.4237 1.32433
0.4238 1.32436
0.4239 1.32453
0.424 1.32525
0.4241 1.32566
0.4242 1.32593
0.4243 1.32597
0.4244 1.32614
0.4245 1.32719
0.4246 1.32726
0.4247 1.32782
0.4248 1.32796
0.4249 1.3285
0.425 1.32874
0.4251 1.32913
0.4252 1.32883
0.4253 1.32925
0.4254 1.32969
0.4255 1.33031
0.4256 1.33052
0.4257 1.33135
0.4258 1.33185
0.4259 1.33206
0.426 1.33257
0.4261 1.33322
0.4262 1.33383
0.4263 1.33404
0.4264 1.33377
0.4265 1.33391
0.4266 1.33457
0.4267 1.33538
0.4268 1.33569
0.4269 1.33572
0.427 1.33603
0.4271 1.33633
0.4272 1.33624
0.4273 1.33614
0.4274 1.33739
0.4275 1.33776
0.4276 1.33808
0.4277 1.33849
0.4278 1.33887
0.4279 1.33904
0.428 1.33996
0.4281 1.33977
0.4282 1.34001
0.4283 1.34041
0.4284 1.34088
0.4285 1.3406
0.4286 1.34149
0.4287 1.34249
0.4288 1.34276
0.4289 1.34242
0.429 1.34245
0.4291 1.34314
0.4292 1.34329
0.4293 1.34319
0.4294 1.34356
0.4295 1.34328
0.4296 1.34381
0.4297 1.34394
0.4298 1.34483
0.4299 1.34577
0.43 1.34641
0.4301 1.34685
0.4302 1.34734
0.4303 1.34722
0.4304 1.34741
0.4305 1.34762
0.4306 1.34849
0.4307 1.34832
0.4308 1.3483
0.4309 1.34985
0.431 1.34954
0.4311 1.34953
0.4312 1.34963
0.4313 1.34921
0.4314 1.34923
0.4315 1.34913
0.4316 1.34938
0.4317 1.34921
0.4318 1.34974
0.4319 1.35049
0.432 1.35078
0.4321 1.35072
0.4322 1.35077
0.4323 1.35105
0.4324 1.35143
0.4325 1.35206
0.4326 1.35173
0.4327 1.35197
0.4328 1.3522
0.4329 1.35308
0.433 1.35277
0.4331 1.35267
0.4332 1.35296
0.4333 1.3528
0.4334 1.35328
0.4335 1.35397
0.4336 1.35398
0.4337 1.35414
0.4338 1.354
0.4339 1.35417
0.434 1.35448
0.4341 1.35476
0.4342 1.35513
0.4343 1.35519
0.4344 1.35523
0.4345 1.35556
0.4346 1.35582
0.4347 1.35639
0.4348 1.35662
0.4349 1.35675
0.435 1.35733
0.4351 1.35727
0.4352 1.3575
0.4353 1.35762
0.4354 1.35776
0.4355 1.35784
0.4356 1.35822
0.4357 1.35851
0.4358 1.35883
0.4359 1.35911
0.436 1.35893
0.4361 1.35917
0.4362 1.35974
0.4363 1.35983
0.4364 1.35932
0.4365 1.35935
0.4366 1.35974
0.4367 1.35978
0.4368 1.35996
0.4369 1.36063
0.437 1.3612
0.4371 1.36145
0.4372 1.36111
0.4373 1.3617
0.4374 1.36204
0.4375 1.36253
0.4376 1.3623
0.4377 1.3624
0.4378 1.36281
0.4379 1.36277
0.438 1.36301
0.4381 1.36385
0.4382 1.36444
0.4383 1.36478
0.4384 1.36469
0.4385 1.3648
0.4386 1.36585
0.4387 1.36641
0.4388 1.36669
0.4389 1.36693
0.439 1.36709
0.4391 1.36763
0.4392 1.36776
0.4393 1.3689
0.4394 1.36923
0.4395 1.36925
0.4396 1.36941
0.4397 1.36976
0.4398 1.3697
0.4399 1.37035
0.44 1.37053
0.4401 1.37023
0.4402 1.37058
0.4403 1.37025
0.4404 1.37073
0.4405 1.37042
0.4406 1.37005
0.4407 1.36997
0.4408 1.37029
0.4409 1.37048
0.441 1.37182
0.4411 1.37257
0.4412 1.37268
0.4413 1.37303
0.4414 1.37361
0.4415 1.37413
0.4416 1.37488
0.4417 1.37513
0.4418 1.37508
0.4419 1.37571
0.442 1.37654
0.4421 1.37653
0.4422 1.37644
0.4423 1.37639
0.4424 1.3768
0.4425 1.37753
0.4426 1.37811
0.4427 1.37854
0.4428 1.37922
0.4429 1.37926
0.443 1.37942
0.4431 1.37933
0.4432 1.37918
0.4433 1.3792
0.4434 1.37985
0.4435 1.38039
0.4436 1.38127
0.4437 1.38141
0.4438 1.38155
0.4439 1.38204
0.444 1.38202
0.4441 1.38244
0.4442 1.38313
0.4443 1.38362
0.4444 1.38438
0.4445 1.38445
0.4446 1.38468
0.4447 1.38481
0.4448 1.38473
0.4449 1.38529
0.445 1.38562
0.4451 1.38577
0.4452 1.38593
0.4453 1.38582
0.4454 1.38577
0.4455 1.38657
0.4456 1.38698
0.4457 1.38747
0.4458 1.38831
0.4459 1.38839
0.446 1.38905
0.4461 1.38954
0.4462 1.38996
0.4463 1.39021
0.4464 1.39053
0.4465 1.39082
0.4466 1.39088
0.4467 1.39135
0.4468 1.39167
0.4469 1.39193
0.447 1.39169
0.4471 1.39178
0.4472 1.39221
0.4473 1.39162
0.4474 1.39226
0.4475 1.39254
0.4476 1.39325
0.4477 1.39309
0.4478 1.39322
0.4479 1.39339
0.448 1.39412
0.4481 1.39423
0.4482 1.3942
0.4483 1.39464
0.4484 1.39501
0.4485 1.39545
0.4486 1.39573
0.4487 1.39592
0.4488 1.39615
0.4489 1.39591
0.449 1.39605
0.4491 1.39678
0.4492 1.39705
0.4493 1.39734
0.4494 1.39709
0.4495 1.39716
0.4496 1.39733
0.4497 1.39771
0.4498 1.39686
0.4499 1.39765
0.45 1.39791
0.4501 1.39805
0.4502 1.398
0.4503 1.39802
0.4504 1.39818
0.4505 1.39891
0.4506 1.39946
0.4507 1.39916
0.4508 1.39902
0.4509 1.39934
0.451 1.39921
0.4511 1.39921
0.4512 1.39984
0.4513 1.40013
0.4514 1.40042
0.4515 1.40054
0.4516 1.40064
0.4517 1.40045
0.4518 1.40074
0.4519 1.40079
0.452 1.40147
0.4521 1.40183
0.4522 1.40279
0.4523 1.40304
0.4524 1.40305
0.4525 1.40281
0.4526 1.40229
0.4527 1.40302
0.4528 1.40324
0.4529 1.40351
0.453 1.40368
0.4531 1.40396
0.4532 1.4043
0.4533 1.40471
0.4534 1.40494
0.4535 1.40526
0.4536 1.40671
0.4537 1.40692
0.4538 1.40719
0.4539 1.40776
0.454 1.40817
0.4541 1.40827
0.4542 1.40892
0.4543 1.40914
0.4544 1.40844
0.4545 1.40749
0.4546 1.4074
0.4547 1.40791
0.4548 1.40852
0.4549 1.40904
0.455 1.40861
0.4551 1.40876
0.4552 1.40904
0.4553 1.40905
0.4554 1.40952
0.4555 1.40976
0.4556 1.4099
0.4557 1.41055
0.4558 1.41174
0.4559 1.41173
0.456 1.41177
0.4561 1.41256
0.4562 1.41288
0.4563 1.41312
0.4564 1.41336
0.4565 1.41361
0.4566 1.4141
0.4567 1.4143
0.4568 1.41498
0.4569 1.41526
0.457 1.41588
0.4571 1.41569
0.4572 1.41557
0.4573 1.41594
0.4574 1.41566
0.4575 1.41554
0.4576 1.4159
0.4577 1.41573
0.4578 1.41654
0.4579 1.41681
0.458 1.4175
0.4581 1.4176
0.4582 1.41771
0.4583 1.4178
0.4584 1.41809
0.4585 1.4181
0.4586 1.41837
0.4587 1.41801
0.4588 1.41838
0.4589 1.41925
0.459 1.41934
0.4591 1.41985
0.4592 1.41942
0.4593 1.41953
0.4594 1.42003
0.4595 1.42005
0.4596 1.4216
0.4597 1.42195
0.4598 1.4222
0.4599 1.42229
0.46 1.42244
0.4601 1.42309
0.4602 1.4243
0.4603 1.42486
0.4604 1.42497
0.4605 1.42446
0.4606 1.42496
0.4607 1.42522
0.4608 1.42574
0.4609 1.42621
0.461 1.4264
0.4611 1.42631
0.4612 1.4265
0.4613 1.42668
0.4614 1.42711
0.4615 1.42633
0.4616 1.42704
0.4617 1.42738
0.4618 1.42764
0.4619 1.42795
0.462 1.4286
0.4621 1.42934
0.4622 1.42987
0.4623 1.43014
0.4624 1.43083
0.4625 1.43111
0.4626 1.4312
0.4627 1.43205
0.4628 1.43239
0.4629 1.43245
0.463 1.43235
0.4631 1.43287
0.4632 1.43305
0.4633 1.43377
0.4634 1.43416
0.4635 1.43451
0.4636 1.43478
0.4637 1.4352
0.4638 1.43579
0.4639 1.43638
0.464 1.43664
0.4641 1.43727
0.4642 1.43755
0.4643 1.43808
0.4644 1.43792
0.4645 1.43829
0.4646 1.43788
0.4647 1.43802
0.4648 1.43821
0.4649 1.43846
0.465 1.43895
0.4651 1.43925
0.4652 1.43992
0.4653 1.43992
0.4654 1.43988
0.4655 1.43983
0.4656 1.44026
0.4657 1.44098
0.4658 1.44094
0.4659 1.44177
0.466 1.44218
0.4661 1.44184
0.4662 1.44229
0.4663 1.4427
0.4664 1.44288
0.4665 1.44362
0.4666 1.44376
0.4667 1.44357
0.4668 1.44411
0.4669 1.44364
0.467 1.44464
0.4671 1.44453
0.4672 1.44497
0.4673 1.44567
0.4674 1.44574
0.4675 1.44547
0.4676 1.44586
0.4677 1.44595
0.4678 1.44589
0.4679 1.44552
0.468 1.4459
0.4681 1.44625
0.4682 1.44629
0.4683 1.44639
0.4684 1.44659
0.4685 1.4466
0.4686 1.44697
0.4687 1.44714
0.4688 1.44792
0.4689 1.44868
0.469 1.44903
0.4691 1.44897
0.4692 1.44962
0.4693 1.45028
0.4694 1.4502
0.4695 1.45084
0.4696 1.45122
0.4697 1.45153
0.4698 1.45223
0.4699 1.45226
0.47 1.45266
0.4701 1.45254
0.4702 1.4529
0.4703 1.45357
0.4704 1.45431
0.4705 1.45403
0.4706 1.45483
0.4707 1.45487
0.4708 1.45558
0.4709 1.45616
0.471 1.45716
0.4711 1.45757
0.4712 1.45829
0.4713 1.45835
0.4714 1.45894
0.4715 1.45913
0.4716 1.45877
0.4717 1.45957
0.4718 1.46027
0.4719 1.4608
0.472 1.46155
0.4721 1.4615
0.4722 1.46195
0.4723 1.46273
0.4724 1.46302
0.4725 1.46365
0.4726 1.46376
0.4727 1.46426
0.4728 1.46495
0.4729 1.46544
0.473 1.46564
0.4731 1.4653
0.4732 1.46534
0.4733 1.46526
0.4734 1.46504
0.4735 1.46539
0.4736 1.46539
0.4737 1.46568
0.4738 1.46616
0.4739 1.46689
0.474 1.4667
0.4741 1.46741
0.4742 1.46794
0.4743 1.46882
0.4744 1.46913
0.4745 1.46884
0.4746 1.46883
0.4747 1.46961
0.4748 1.46951
0.4749 1.46981
0.475 1.46971
0.4751 1.46953
0.4752 1.46976
0.4753 1.47028
0.4754 1.47048
0.4755 1.47109
0.4756 1.47136
0.4757 1.4721
0.4758 1.47195
0.4759 1.47206
0.476 1.47252
0.4761 1.47214
0.4762 1.4724
0.4763 1.47272
0.4764 1.47319
0.4765 1.4735
0.4766 1.47396
0.4767 1.47463
0.4768 1.47479
0.4769 1.47467
0.477 1.47474
0.4771 1.47471
0.4772 1.47524
0.4773 1.47519
0.4774 1.47578
0.4775 1.47613
0.4776 1.47619
0.4777 1.47642
0.4778 1.47681
0.4779 1.47717
0.478 1.47772
0.4781 1.47871
0.4782 1.47986
0.4783 1.4804
0.4784 1.48046
0.4785 1.48082
0.4786 1.48139
0.4787 1.48108
0.4788 1.48121
0.4789 1.48114
0.479 1.48194
0.4791 1.48217
0.4792 1.4823
0.4793 1.48294
0.4794 1.48332
0.4795 1.48374
0.4796 1.48425
0.4797 1.48481
0.4798 1.48508
0.4799 1.48546
0.48 1.48606
0.4801 1.48602
0.4802 1.48622
0.4803 1.48676
0.4804 1.48704
0.4805 1.48813
0.4806 1.48808
0.4807 1.48778
0.4808 1.48811
0.4809 1.48931
0.481 1.48948
0.4811 1.48985
0.4812 1.49018
0.4813 1.49005
0.4814 1.49018
0.4815 1.49108
0.4816 1.49128
0.4817 1.49135
0.4818 1.49093
0.4819 1.49035
0.482 1.49096
0.4821 1.49153
0.4822 1.49198
0.4823 1.49234
0.4824 1.49297
0.4825 1.49334
0.4826 1.49354
0.4827 1.49411
0.4828 1.49447
0.4829 1.49472
0.483 1.49462
0.4831 1.49494
0.4832 1.49543
0.4833 1.49497
0.4834 1.49545
0.4835 1.4966
0.4836 1.49694
0.4837 1.49794
0.4838 1.49828
0.4839 1.49882
0.484 1.49884
0.4841 1.49948
0.4842 1.49933
0.4843 1.50019
0.4844 1.5004
0.4845 1.50102
0.4846 1.50109
0.4847 1.50139
0.4848 1.50165
0.4849 1.50178
0.485 1.50218
0.4851 1.50264
0.4852 1.50342
0.4853 1.50379
0.4854 1.50386
0.4855 1.50388
0.4856 1.5044
0.4857 1.50455
0.4858 1.50484
0.4859 1.50533
0.486 1.50575
0.4861 1.50612
0.4862 1.50637
0.4863 1.50668
0.4864 1.50697
0.4865 1.50753
0.4866 1.50809
0.4867 1.50859
0.4868 1.50833
0.4869 1.50875
0.487 1.50934
0.4871 1.50923
0.4872 1.50963
0.4873 1.51027
0.4874 1.50999
0.4875 1.50982
0.4876 1.5101
0.4877 1.51094
0.4878 1.51147
0.4879 1.51154
0.488 1.51153
0.4881 1.51218
0.4882 1.51262
0.4883 1.51312
0.4884 1.51395
0.4885 1.51375
0.4886 1.51408
0.4887 1.51425
0.4888 1.51417
0.4889 1.51456
0.489 1.51438
0.4891 1.51466
0.4892 1.51484
0.4893 1.5158
0.4894 1.51517
0.4895 1.51565
0.4896 1.51634
0.4897 1.51704
0.4898 1.51785
0.4899 1.51748
0.49 1.51715
0.4901 1.51775
0.4902 1.51865
0.4903 1.51861
0.4904 1.51863
0.4905 1.51848
0.4906 1.51838
0.4907 1.51889
0.4908 1.51874
0.4909 1.51887
0.491 1.51893
