0 0
0.0001 0.000401756
0.0002 0.000806399
0.0003 0.00120232
0.0004 0.0015998
0.0005 0.00199661
0.0006 0.00239425
0.0007 0.00280523
0.0008 0.00320708
0.0009 0.00361857
0.001 0.00404624
0.0011 0.00446985
0.0012 0.00487088
0.0013 0.00526264
0.0014 0.00567944
0.0015 0.0060759
0.0016 0.00648752
0.0017 0.0068535
0.0018 0.00723413
0.0019 0.00760509
0.002 0.00797181
0.0021 0.00836831
0.0022 0.0087644
0.0023 0.00914553
0.0024 0.00958278
0.0025 0.009988
0.0026 0.0103922
0.0027 0.0107765
0.0028 0.0110961
0.0029 0.0114453
0.003 0.0118155
0.0031 0.0122425
0.0032 0.0126892
0.0033 0.0131196
0.0034 0.0135098
0.0035 0.0139328
0.0036 0.0143273
0.0037 0.0146943
0.0038 0.0150628
0.0039 0.0154924
0.004 0.0158965
0.0041 0.0163365
0.0042 0.0167435
0.0043 0.0170893
0.0044 0.0175759
0.0045 0.0179131
0.0046 0.0183112
0.0047 0.0187068
0.0048 0.0191115
0.0049 0.019543
0.005 0.0198939
0.0051 0.0202564
0.0052 0.0206339
0.0053 0.0209988
0.0054 0.0213425
0.0055 0.0217818
0.0056 0.0221697
0.0057 0.0225745
0.0058 0.0229109
0.0059 0.0233007
0.006 0.0236412
0.0061 0.024044
0.0062 0.0244937
0.0063 0.0248662
0.0064 0.0252421
0.0065 0.0255975
0.0066 0.0259496
0.0067 0.0263998
0.0068 0.0268387
0.0069 0.0271874
0.007 0.027622
0.0071 0.0279603
0.0072 0.028294
0.0073 0.0287496
0.0074 0.0291231
0.0075 0.0295272
0.0076 0.0299751
0.0077 0.0304231
0.0078 0.0307752
0.0079 0.0311878
0.008 0.0316669
0.0081 0.0321272
0.0082 0.032613
0.0083 0.0329776
0.0084 0.0333478
0.0085 0.0336666
0.0086 0.0340185
0.0087 0.0343738
0.0088 0.0348089
0.0089 0.0351477
0.009 0.0355668
0.0091 0.0359352
0.0092 0.036311
0.0093 0.0367639
0.0094 0.0372071
0.0095 0.0376107
0.0096 0.0380716
0.0097 0.0385256
0.0098 0.0388549
0.0099 0.0391937
0.01 0.0395657
0.0101 0.0398744
0.0102 0.0402984
0.0103 0.0406852
0.0104 0.0411016
0.0105 0.0414045
0.0106 0.041678
0.0107 0.0421159
0.0108 0.0425401
0.0109 0.0429152
0.011 0.043301
0.0111 0.043632
0.0112 0.0441614
0.0113 0.0446327
0.0114 0.0450378
0.0115 0.045453
0.0116 0.0458201
0.0117 0.0462137
0.0118 0.0465854
0.0119 0.0468189
0.012 0.0472076
0.0121 0.0475049
0.0122 0.0479426
0.0123 0.0482512
0.0124 0.048734
0.0125 0.0492158
0.0126 0.049711
0.0127 0.0500721
0.0128 0.0504988
0.0129 0.050895
0.013 0.0512395
0.0131 0.0516441
0.0132 0.0520238
0.0133 0.0524165
0.0134 0.0527557
0.0135 0.0531404
0.0136 0.0535361
0.0137 0.0539658
0.0138 0.0543469
0.0139 0.0546006
0.014 0.055027
0.0141 0.0554363
0.0142 0.0557172
0.0143 0.0560724
0.0144 0.0564073
0.0145 0.0567214
0.0146 0.0570842
0.0147 0.0575322
0.0148 0.0578226
0.0149 0.0582453
0.015 0.0587508
0.0151 0.0590823
0.0152 0.0594671
0.0153 0.0598112
0.0154 0.0602567
0.0155 0.060572
0.0156 0.0608961
0.0157 0.0613408
0.0158 0.0618779
0.0159 0.0621776
0.016 0.0626119
0.0161 0.0630649
0.0162 0.0633839
0.0163 0.0637592
0.0164 0.0641877
0.0165 0.0645638
0.0166 0.0649417
0.0167 0.0653267
0.0168 0.0655686
0.0169 0.0659219
0.017 0.0663707
0.0171 0.0667193
0.0172 0.0670523
0.0173 0.0673629
0.0174 0.0677326
0.0175 0.0680219
0.0176 0.0683541
0.0177 0.0688024
0.0178 0.0691936
0.0179 0.0694872
0.018 0.0699417
0.0181 0.0703485
0.0182 0.0707228
0.0183 0.0709852
0.0184 0.0714972
0.0185 0.071873
0.0186 0.0722047
0.0187 0.0725911
0.0188 0.0729016
0.0189 0.0732674
0.019 0.0735637
0.0191 0.0739995
0.0192 0.0743805
0.0193 0.0746862
0.0194 0.0750958
0.0195 0.0755627
0.0196 0.0760301
0.0197 0.0763229
0.0198 0.0767207
0.0199 0.077018
0.02 0.0773789
0.0201 0.0776214
0.0202 0.0780752
0.0203 0.0783607
0.0204 0.0787124
0.0205 0.0792194
0.0206 0.0797023
0.0207 0.0802337
0.0208 0.0807262
0.0209 0.0811736
0.021 0.0815458
0.0211 0.0819986
0.0212 0.0822997
0.0213 0.0825467
0.0214 0.0829492
0.0215 0.0833461
0.0216 0.0837411
0.0217 0.0841364
0.0218 0.0845056
0.0219 0.0847778
0.022 0.0851913
0.0221 0.0855502
0.0222 0.0859174
0.0223 0.0862211
0.0224 0.0866031
0.0225 0.0869703
0.0226 0.087405
0.0227 0.0878342
0.0228 0.0882373
0.0229 0.0884996
0.023 0.0888584
0.0231 0.0893483
0.0232 0.0898469
0.0233 0.0900622
0.0234 0.0905366
0.0235 0.090854
0.0236 0.0912309
0.0237 0.0916995
0.0238 0.0920483
0.0239 0.0923501
0.024 0.0927908
0.0241 0.0932615
0.0242 0.093624
0.0243 0.0940622
0.0244 0.0945261
0.0245 0.0949139
0.0246 0.0953299
0.0247 0.0955948
0.0248 0.0959474
0.0249 0.096245
0.025 0.0964821
0.0251 0.0968446
0.0252 0.0972526
0.0253 0.0975818
0.0254 0.0978077
0.0255 0.0981237
0.0256 0.098551
0.0257 0.0987275
0.0258 0.099159
0.0259 0.0996149
0.026 0.100051
0.0261 0.100469
0.0262 0.100871
0.0263 0.101144
0.0264 0.101474
0.0265 0.101909
0.0266 0.102279
0.0267 0.102657
0.0268 0.103017
0.0269 0.103357
0.027 0.103766
0.0271 0.103962
0.0272 0.104361
0.0273 0.10448
0.0274 0.104852
0.0275 0.105231
0.0276 0.105564
0.0277 0.105824
0.0278 0.106185
0.0279 0.106576
0.028 0.106955
0.0281 0.107336
0.0282 0.107854
0.0283 0.108129
0.0284 0.108454
0.0285 0.108826
0.0286 0.109131
0.0287 0.109378
0.0288 0.109899
0.0289 0.110348
0.029 0.110734
0.0291 0.111049
0.0292 0.111328
0.0293 0.111737
0.0294 0.112239
0.0295 0.112653
0.0296 0.112979
0.0297 0.113256
0.0298 0.113661
0.0299 0.11398
0.03 0.114447
0.0301 0.114881
0.0302 0.115252
0.0303 0.115608
0.0304 0.116016
0.0305 0.116495
0.0306 0.116802
0.0307 0.117135
0.0308 0.117399
0.0309 0.11776
0.031 0.118056
0.0311 0.118475
0.0312 0.118941
0.0313 0.119399
0.0314 0.119681
0.0315 0.119981
0.0316 0.120384
0.0317 0.120807
0.0318 0.121155
0.0319 0.121284
0.032 0.121671
0.0321 0.121982
0.0322 0.122472
0.0323 0.122864
0.0324 0.123233
0.0325 0.123692
0.0326 0.124149
0.0327 0.124309
0.0328 0.124683
0.0329 0.125195
0.033 0.125521
0.0331 0.125779
0.0332 0.126235
0.0333 0.126561
0.0334 0.126839
0.0335 0.127206
0.0336 0.127617
0.0337 0.127744
0.0338 0.127982
0.0339 0.128341
0.034 0.12866
0.0341 0.128938
0.0342 0.129389
0.0343 0.129565
0.0344 0.129821
0.0345 0.130105
0.0346 0.130341
0.0347 0.130644
0.0348 0.131068
0.0349 0.131613
0.035 0.131865
0.0351 0.132267
0.0352 0.132673
0.0353 0.132832
0.0354 0.133003
0.0355 0.133455
0.0356 0.133972
0.0357 0.134459
0.0358 0.134835
0.0359 0.135312
0.036 0.135689
0.0361 0.136189
0.0362 0.136443
0.0363 0.136914
0.0364 0.13718
0.0365 0.137669
0.0366 0.13791
0.0367 0.138191
0.0368 0.138545
0.0369 0.139008
0.037 0.139396
0.0371 0.139792
0.0372 0.140077
0.0373 0.140402
0.0374 0.140661
0.0375 0.141096
0.0376 0.141371
0.0377 0.141739
0.0378 0.141916
0.0379 0.142138
0.038 0.142499
0.0381 0.142817
0.0382 0.143242
0.0383 0.143743
0.0384 0.1439
0.0385 0.144293
0.0386 0.144605
0.0387 0.144955
0.0388 0.145123
0.0389 0.145578
0.039 0.145913
0.0391 0.146565
0.0392 0.146932
0.0393 0.147392
0.0394 0.147692
0.0395 0.148016
0.0396 0.148482
0.0397 0.148842
0.0398 0.149018
0.0399 0.149361
0.04 0.149807
0.0401 0.150135
0.0402 0.150393
0.0403 0.150608
0.0404 0.151022
0.0405 0.15147
0.0406 0.151751
0.0407 0.152209
0.0408 0.152361
0.0409 0.15287
0.041 0.153143
0.0411 0.153401
0.0412 0.153812
0.0413 0.1542
0.0414 0.154524
0.0415 0.154814
0.0416 0.155252
0.0417 0.15578
0.0418 0.156065
0.0419 0.156256
0.042 0.15645
0.0421 0.156816
0.0422 0.157347
0.0423 0.157733
0.0424 0.158024
0.0425 0.158604
0.0426 0.159076
0.0427 0.159413
0.0428 0.159817
0.0429 0.1602
0.043 0.160593
0.0431 0.160971
0.0432 0.161322
0.0433 0.16183
0.0434 0.162054
0.0435 0.162367
0.0436 0.162533
0.0437 0.163103
0.0438 0.163578
0.0439 0.164
0.044 0.164326
0.0441 0.16499
0.0442 0.165321
0.0443 0.16595
0.0444 0.166445
0.0445 0.166782
0.0446 0.167123
0.0447 0.167484
0.0448 0.167771
0.0449 0.168148
0.045 0.168426
0.0451 0.168596
0.0452 0.168991
0.0453 0.169208
0.0454 0.169544
0.0455 0.170124
0.0456 0.170514
0.0457 0.170751
0.0458 0.171151
0.0459 0.171457
0.046 0.171987
0.0461 0.172335
0.0462 0.172434
0.0463 0.17269
0.0464 0.173012
0.0465 0.173413
0.0466 0.173854
0.0467 0.174174
0.0468 0.174704
0.0469 0.175061
0.047 0.175435
0.0471 0.175535
0.0472 0.175911
0.0473 0.176479
0.0474 0.17665
0.0475 0.177084
0.0476 0.177447
0.0477 0.177629
0.0478 0.177863
0.0479 0.178208
0.048 0.178478
0.0481 0.178771
0.0482 0.179148
0.0483 0.179688
0.0484 0.180027
0.0485 0.180317
0.0486 0.180399
0.0487 0.180588
0.0488 0.181045
0.0489 0.181576
0.049 0.182045
0.0491 0.182504
0.0492 0.182818
0.0493 0.18294
0.0494 0.183385
0.0495 0.183899
0.0496 0.184388
0.0497 0.184759
0.0498 0.185015
0.0499 0.185418
0.05 0.185629
0.0501 0.185901
0.0502 0.186309
0.0503 0.186396
0.0504 0.186661
0.0505 0.187252
0.0506 0.187559
0.0507 0.187909
0.0508 0.188072
0.0509 0.18843
0.051 0.188888
0.0511 0.189053
0.0512 0.189396
0.0513 0.189741
0.0514 0.1901
0.0515 0.190384
0.0516 0.190699
0.0517 0.19123
0.0518 0.191328
0.0519 0.191836
0.052 0.192308
0.0521 0.192601
0.0522 0.19301
0.0523 0.193612
0.0524 0.194113
0.0525 0.194463
0.0526 0.194667
0.0527 0.194864
0.0528 0.195033
0.0529 0.195356
0.053 0.195492
0.0531 0.195807
0.0532 0.19589
0.0533 0.196159
0.0534 0.196293
0.0535 0.196848
0.0536 0.197165
0.0537 0.197417
0.0538 0.197665
0.0539 0.197981
0.054 0.198297
0.0541 0.198578
0.0542 0.198949
0.0543 0.199345
0.0544 0.199463
0.0545 0.199478
0.0546 0.199811
0.0547 0.199858
0.0548 0.200244
0.0549 0.2006
0.055 0.201058
0.0551 0.201422
0.0552 0.201534
0.0553 0.201816
0.0554 0.202036
0.0555 0.20234
0.0556 0.202641
0.0557 0.202944
0.0558 0.203448
0.0559 0.204004
0.056 0.204369
0.0561 0.204502
0.0562 0.204766
0.0563 0.204961
0.0564 0.205531
0.0565 0.205814
0.0566 0.20647
0.0567 0.206892
0.0568 0.207109
0.0569 0.207494
0.057 0.207762
0.0571 0.208083
0.0572 0.208335
0.0573 0.208756
0.0574 0.209213
0.0575 0.2094
0.0576 0.209829
0.0577 0.210032
0.0578 0.210559
0.0579 0.210873
0.058 0.211415
0.0581 0.211568
0.0582 0.211686
0.0583 0.21192
0.0584 0.212424
0.0585 0.212557
0.0586 0.212592
0.0587 0.212845
0.0588 0.213147
0.0589 0.213421
0.059 0.213828
0.0591 0.214176
0.0592 0.214451
0.0593 0.214922
0.0594 0.215083
0.0595 0.215396
0.0596 0.215881
0.0597 0.216029
0.0598 0.216042
0.0599 0.216405
0.06 0.216728
0.0601 0.217043
0.0602 0.217457
0.0603 0.217857
0.0604 0.218017
0.0605 0.218434
0.0606 0.218783
0.0607 0.219272
0.0608 0.219603
0.0609 0.219961
0.061 0.220338
0.0611 0.220841
0.0612 0.221192
0.0613 0.221711
0.0614 0.222051
0.0615 0.222339
0.0616 0.222908
0.0617 0.223067
0.0618 0.222981
0.0619 0.223146
0.062 0.223593
0.0621 0.224043
0.0622 0.22421
0.0623 0.224493
0.0624 0.225224
0.0625 0.225569
0.0626 0.225909
0.0627 0.226208
0.0628 0.226734
0.0629 0.227185
0.063 0.227364
0.0631 0.22757
0.0632 0.228034
0.0633 0.228543
0.0634 0.228799
0.0635 0.229255
0.0636 0.229455
0.0637 0.229779
0.0638 0.229985
0.0639 0.230346
0.064 0.230612
0.0641 0.230764
0.0642 0.231177
0.0643 0.231636
0.0644 0.231848
0.0645 0.231991
0.0646 0.232215
0.0647 0.232514
0.0648 0.232606
0.0649 0.232739
0.065 0.233106
0.0651 0.233326
0.0652 0.233722
0.0653 0.234067
0.0654 0.234601
0.0655 0.23497
0.0656 0.235396
0.0657 0.235764
0.0658 0.236177
0.0659 0.236747
0.066 0.237403
0.0661 0.237822
0.0662 0.237967
0.0663 0.238357
0.0664 0.238586
0.0665 0.238909
0.0666 0.239313
0.0667 0.239521
0.0668 0.239948
0.0669 0.240275
0.067 0.24055
0.0671 0.24106
0.0672 0.241468
0.0673 0.241681
0.0674 0.242253
0.0675 0.242304
0.0676 0.242801
0.0677 0.243331
0.0678 0.243546
0.0679 0.243914
0.068 0.244099
0.0681 0.244054
0.0682 0.244402
0.0683 0.244743
0.0684 0.245208
0.0685 0.245329
0.0686 0.245762
0.0687 0.245967
0.0688 0.246349
0.0689 0.24677
0.069 0.247223
0.0691 0.247783
0.0692 0.248113
0.0693 0.248433
0.0694 0.248781
0.0695 0.248969
0.0696 0.249184
0.0697 0.249661
0.0698 0.250052
0.0699 0.250312
0.07 0.250764
0.0701 0.251026
0.0702 0.251401
0.0703 0.251747
0.0704 0.252098
0.0705 0.252407
0.0706 0.252799
0.0707 0.253117
0.0708 0.253373
0.0709 0.253748
0.071 0.25404
0.0711 0.25426
0.0712 0.254472
0.0713 0.254758
0.0714 0.255191
0.0715 0.2556
0.0716 0.25591
0.0717 0.256013
0.0718 0.256429
0.0719 0.256808
0.072 0.257182
0.0721 0.257487
0.0722 0.257861
0.0723 0.258281
0.0724 0.258696
0.0725 0.259178
0.0726 0.259536
0.0727 0.259987
0.0728 0.260288
0.0729 0.260448
0.073 0.26088
0.0731 0.261395
0.0732 0.261848
0.0733 0.262109
0.0734 0.262486
0.0735 0.262896
0.0736 0.263291
0.0737 0.263422
0.0738 0.263578
0.0739 0.263883
0.074 0.264221
0.0741 0.264349
0.0742 0.264588
0.0743 0.265012
0.0744 0.265494
0.0745 0.265846
0.0746 0.266243
0.0747 0.266631
0.0748 0.267156
0.0749 0.267417
0.075 0.267753
0.0751 0.267954
0.0752 0.268327
0.0753 0.268599
0.0754 0.268771
0.0755 0.269129
0.0756 0.26958
0.0757 0.270007
0.0758 0.270607
0.0759 0.270829
0.076 0.270812
0.0761 0.271012
0.0762 0.2715
0.0763 0.271987
0.0764 0.272307
0.0765 0.272542
0.0766 0.272827
0.0767 0.273287
0.0768 0.273619
0.0769 0.273671
0.077 0.274284
0.0771 0.27469
0.0772 0.274866
0.0773 0.275183
0.0774 0.275494
0.0775 0.275924
0.0776 0.276341
0.0777 0.276609
0.0778 0.277154
0.0779 0.277399
0.078 0.277502
0.0781 0.277798
0.0782 0.278314
0.0783 0.278822
0.0784 0.279085
0.0785 0.279255
0.0786 0.279604
0.0787 0.280032
0.0788 0.280344
0.0789 0.280525
0.079 0.280553
0.0791 0.280693
0.0792 0.281111
0.0793 0.281367
0.0794 0.281812
0.0795 0.282395
0.0796 0.282643
0.0797 0.28265
0.0798 0.282922
0.0799 0.283201
0.08 0.283683
0.0801 0.284125
0.0802 0.284378
0.0803 0.284749
0.0804 0.284999
0.0805 0.285492
0.0806 0.285802
0.0807 0.286315
0.0808 0.286505
0.0809 0.287004
0.081 0.28743
0.0811 0.287755
0.0812 0.288075
0.0813 0.288533
0.0814 0.288982
0.0815 0.288994
0.0816 0.289154
0.0817 0.289341
0.0818 0.289766
0.0819 0.290337
0.082 0.290641
0.0821 0.290822
0.0822 0.291149
0.0823 0.291346
0.0824 0.291697
0.0825 0.292123
0.0826 0.292369
0.0827 0.292668
0.0828 0.292936
0.0829 0.293485
0.083 0.293981
0.0831 0.294266
0.0832 0.294424
0.0833 0.294673
0.0834 0.295093
0.0835 0.2952
0.0836 0.295436
0.0837 0.295729
0.0838 0.296081
0.0839 0.296357
0.084 0.296497
0.0841 0.296716
0.0842 0.297133
0.0843 0.297639
0.0844 0.298121
0.0845 0.298586
0.0846 0.298876
0.0847 0.298895
0.0848 0.299417
0.0849 0.299647
0.085 0.299897
0.0851 0.300198
0.0852 0.300198
0.0853 0.300564
0.0854 0.300866
0.0855 0.301212
0.0856 0.301625
0.0857 0.301952
0.0858 0.302354
0.0859 0.302766
0.086 0.303035
0.0861 0.303367
0.0862 0.303792
0.0863 0.304299
0.0864 0.304443
0.0865 0.304906
0.0866 0.30513
0.0867 0.305482
0.0868 0.305715
0.0869 0.306239
0.087 0.306391
0.0871 0.306797
0.0872 0.306822
0.0873 0.306902
0.0874 0.307176
0.0875 0.307351
0.0876 0.307591
0.0877 0.307875
0.0878 0.308092
0.0879 0.308383
0.088 0.308948
0.0881 0.308972
0.0882 0.309364
0.0883 0.309544
0.0884 0.30973
0.0885 0.310204
0.0886 0.310853
0.0887 0.311203
0.0888 0.311387
0.0889 0.311636
0.089 0.311755
0.0891 0.312059
0.0892 0.312308
0.0893 0.312428
0.0894 0.312781
0.0895 0.312839
0.0896 0.313053
0.0897 0.313184
0.0898 0.313517
0.0899 0.313722
0.09 0.313976
0.0901 0.314349
0.0902 0.314826
0.0903 0.315021
0.0904 0.315471
0.0905 0.315633
0.0906 0.315941
0.0907 0.316224
0.0908 0.316636
0.0909 0.317172
0.091 0.317675
0.0911 0.318077
0.0912 0.318836
0.0913 0.319067
0.0914 0.319445
0.0915 0.319562
0.0916 0.319902
0.0917 0.320209
0.0918 0.320452
0.0919 0.321098
0.092 0.321104
0.0921 0.321348
0.0922 0.321464
0.0923 0.321597
0.0924 0.32188
0.0925 0.321776
0.0926 0.322166
0.0927 0.322763
0.0928 0.323055
0.0929 0.323394
0.093 0.323942
0.0931 0.324297
0.0932 0.324788
0.0933 0.324954
0.0934 0.325235
0.0935 0.325306
0.0936 0.325565
0.0937 0.325611
0.0938 0.325625
0.0939 0.326126
0.094 0.326441
0.0941 0.326755
0.0942 0.326947
0.0943 0.327545
0.0944 0.327994
0.0945 0.328461
0.0946 0.328679
0.0947 0.328878
0.0948 0.329158
0.0949 0.329572
0.095 0.329841
0.0951 0.330346
0.0952 0.330458
0.0953 0.330931
0.0954 0.331539
0.0955 0.331812
0.0956 0.332303
0.0957 0.332394
0.0958 0.332832
0.0959 0.333126
0.096 0.333217
0.0961 0.333348
0.0962 0.333317
0.0963 0.333468
0.0964 0.334013
0.0965 0.334605
0.0966 0.334766
0.0967 0.33469
0.0968 0.335134
0.0969 0.33531
0.097 0.335558
0.0971 0.336049
0.0972 0.336634
0.0973 0.337218
0.0974 0.337898
0.0975 0.338053
0.0976 0.338304
0.0977 0.338579
0.0978 0.338956
0.0979 0.33931
0.098 0.339516
0.0981 0.340058
0.0982 0.340334
0.0983 0.34084
0.0984 0.340949
0.0985 0.341217
0.0986 0.341629
0.0987 0.342034
0.0988 0.342399
0.0989 0.343085
0.099 0.3436
0.0991 0.343902
0.0992 0.344199
0.0993 0.344462
0.0994 0.344846
0.0995 0.345351
0.0996 0.345426
0.0997 0.345595
0.0998 0.346069
0.0999 0.346441
0.1 0.346653
0.1001 0.346884
0.1002 0.347039
0.1003 0.347419
0.1004 0.348052
0.1005 0.34862
0.1006 0.349055
0.1007 0.349331
0.1008 0.3498
0.1009 0.350126
0.101 0.350315
0.1011 0.350977
0.1012 0.351332
0.1013 0.351589
0.1014 0.351952
0.1015 0.352305
0.1016 0.3523
0.1017 0.352553
0.1018 0.352871
0.1019 0.353223
0.102 0.353325
0.1021 0.353881
0.1022 0.354284
0.1023 0.354657
0.1024 0.355427
0.1025 0.355681
0.1026 0.35614
0.1027 0.356268
0.1028 0.356652
0.1029 0.356844
0.103 0.357115
0.1031 0.357546
0.1032 0.357849
0.1033 0.358075
0.1034 0.358438
0.1035 0.358835
0.1036 0.359209
0.1037 0.359654
0.1038 0.360353
0.1039 0.360802
0.104 0.361243
0.1041 0.361588
0.1042 0.3615
0.1043 0.361791
0.1044 0.362194
0.1045 0.362612
0.1046 0.363154
0.1047 0.363426
0.1048 0.36402
0.1049 0.364419
0.105 0.364689
0.1051 0.365059
0.1052 0.365116
0.1053 0.365372
0.1054 0.365701
0.1055 0.366213
0.1056 0.366349
0.1057 0.366621
0.1058 0.366636
0.1059 0.366904
0.106 0.367285
0.1061 0.367344
0.1062 0.367853
0.1063 0.368126
0.1064 0.368417
0.1065 0.368637
0.1066 0.368685
0.1067 0.369248
0.1068 0.369307
0.1069 0.369675
0.107 0.370026
0.1071 0.370428
0.1072 0.371013
0.1073 0.3713
0.1074 0.371607
0.1075 0.372093
0.1076 0.372375
0.1077 0.372619
0.1078 0.37274
0.1079 0.373014
0.108 0.373147
0.1081 0.373666
0.1082 0.374017
0.1083 0.374382
0.1084 0.374715
0.1085 0.375165
0.1086 0.37549
0.1087 0.375637
0.1088 0.375868
0.1089 0.376465
0.109 0.37655
0.1091 0.377156
0.1092 0.377406
0.1093 0.377475
0.1094 0.37793
0.1095 0.378022
0.1096 0.377982
0.1097 0.377967
0.1098 0.37814
0.1099 0.378371
0.11 0.378542
0.1101 0.378786
0.1102 0.379002
0.1103 0.379393
0.1104 0.379881
0.1105 0.379712
0.1106 0.380219
0.1107 0.380758
0.1108 0.381201
0.1109 0.381448
0.111 0.381798
0.1111 0.382124
0.1112 0.382312
0.1113 0.382907
0.1114 0.383115
0.1115 0.383526
0.1116 0.383905
0.1117 0.384762
0.1118 0.385157
0.1119 0.3851
0.112 0.385465
0.1121 0.38592
0.1122 0.386096
0.1123 0.386414
0.1124 0.386623
0.1125 0.387446
0.1126 0.387569
0.1127 0.387913
0.1128 0.388382
0.1129 0.388438
0.113 0.388814
0.1131 0.388759
0.1132 0.388919
0.1133 0.38899
0.1134 0.389896
0.1135 0.390123
0.1136 0.39041
0.1137 0.390637
0.1138 0.390849
0.1139 0.391208
0.114 0.391514
0.1141 0.391662
0.1142 0.391988
0.1143 0.392462
0.1144 0.392723
0.1145 0.392823
0.1146 0.393165
0.1147 0.393618
0.1148 0.394019
0.1149 0.394471
0.115 0.394665
0.1151 0.39529
0.1152 0.395568
0.1153 0.396028
0.1154 0.396237
0.1155 0.396627
0.1156 0.396936
0.1157 0.397368
0.1158 0.397474
0.1159 0.398076
0.116 0.398642
0.1161 0.399127
0.1162 0.399434
0.1163 0.400018
0.1164 0.400442
0.1165 0.40082
0.1166 0.400897
0.1167 0.401237
0.1168 0.401653
0.1169 0.401843
0.117 0.40238
0.1171 0.402719
0.1172 0.403234
0.1173 0.403667
0.1174 0.40376
0.1175 0.404046
0.1176 0.404778
0.1177 0.405023
0.1178 0.405127
0.1179 0.405656
0.118 0.405658
0.1181 0.406172
0.1182 0.406329
0.1183 0.40666
0.1184 0.407068
0.1185 0.407409
0.1186 0.407943
0.1187 0.408223
0.1188 0.408636
0.1189 0.409117
0.119 0.409515
0.1191 0.409617
0.1192 0.409944
0.1193 0.410315
0.1194 0.410736
0.1195 0.411443
0.1196 0.41189
0.1197 0.412217
0.1198 0.412597
0.1199 0.41293
0.12 0.413129
0.1201 0.413099
0.1202 0.413516
0.1203 0.41386
0.1204 0.414057
0.1205 0.414192
0.1206 0.414725
0.1207 0.414918
0.1208 0.414984
0.1209 0.415471
0.121 0.41589
0.1211 0.416393
0.1212 0.417087
0.1213 0.417542
0.1214 0.417706
0.1215 0.417935
0.1216 0.418236
0.1217 0.418688
0.1218 0.419065
0.1219 0.419221
0.122 0.419458
0.1221 0.419679
0.1222 0.419932
0.1223 0.420503
0.1224 0.420959
0.1225 0.421504
0.1226 0.421701
0.1227 0.421708
0.1228 0.422108
0.1229 0.422372
0.123 0.422539
0.1231 0.422741
0.1232 0.422755
0.1233 0.423139
0.1234 0.423505
0.1235 0.423996
0.1236 0.42411
0.1237 0.424098
0.1238 0.424425
0.1239 0.424773
0.124 0.42534
0.1241 0.425617
0.1242 0.42621
0.1243 0.426557
0.1244 0.4269
0.1245 0.427138
0.1246 0.427359
0.1247 0.427523
0.1248 0.427895
0.1249 0.428099
0.125 0.428223
0.1251 0.428346
0.1252 0.428415
0.1253 0.428846
0.1254 0.429061
0.1255 0.429373
0.1256 0.429826
0.1257 0.429771
0.1258 0.430055
0.1259 0.430432
0.126 0.430952
0.1261 0.431117
0.1262 0.431353
0.1263 0.431351
0.1264 0.431776
0.1265 0.432148
0.1266 0.432661
0.1267 0.43282
0.1268 0.433233
0.1269 0.433633
0.127 0.434217
0.1271 0.434682
0.1272 0.435021
0.1273 0.435247
0.1274 0.435731
0.1275 0.436131
0.1276 0.436715
0.1277 0.437008
0.1278 0.437315
0.1279 0.437667
0.128 0.437716
0.1281 0.438423
0.1282 0.438595
0.1283 0.438934
0.1284 0.439452
0.1285 0.439715
0.1286 0.440303
0.1287 0.440756
0.1288 0.441355
0.1289 0.441365
0.129 0.441632
0.1291 0.442017
0.1292 0.442453
0.1293 0.442473
0.1294 0.442988
0.1295 0.443218
0.1296 0.443755
0.1297 0.443839
0.1298 0.444192
0.1299 0.444598
0.13 0.444916
0.1301 0.445125
0.1302 0.44544
0.1303 0.445435
0.1304 0.445835
0.1305 0.446282
0.1306 0.446479
0.1307 0.446976
0.1308 0.447555
0.1309 0.447848
0.131 0.448318
0.1311 0.448668
0.1312 0.448852
0.1313 0.449162
0.1314 0.449537
0.1315 0.449841
0.1316 0.450207
0.1317 0.450793
0.1318 0.451132
0.1319 0.45138
0.132 0.451626
0.1321 0.451742
0.1322 0.452174
0.1323 0.452392
0.1324 0.452305
0.1325 0.452451
0.1326 0.45233
0.1327 0.452738
0.1328 0.453115
0.1329 0.453719
0.133 0.453973
0.1331 0.454312
0.1332 0.454422
0.1333 0.454753
0.1334 0.455103
0.1335 0.455187
0.1336 0.455337
0.1337 0.455924
0.1338 0.456134
0.1339 0.456297
0.134 0.456642
0.1341 0.456941
0.1342 0.457002
0.1343 0.457101
0.1344 0.457504
0.1345 0.457981
0.1346 0.458179
0.1347 0.458548
0.1348 0.459111
0.1349 0.45945
0.135 0.459942
0.1351 0.460333
0.1352 0.460399
0.1353 0.460971
0.1354 0.461115
0.1355 0.46116
0.1356 0.461411
0.1357 0.461655
0.1358 0.462113
0.1359 0.462519
0.136 0.462796
0.1361 0.462938
0.1362 0.463337
0.1363 0.464009
0.1364 0.464345
0.1365 0.464709
0.1366 0.464904
0.1367 0.464834
0.1368 0.465097
0.1369 0.46544
0.137 0.46575
0.1371 0.466149
0.1372 0.466213
0.1373 0.466498
0.1374 0.466707
0.1375 0.466936
0.1376 0.467282
0.1377 0.467619
0.1378 0.468071
0.1379 0.468447
0.138 0.468827
0.1381 0.469506
0.1382 0.46999
0.1383 0.470342
0.1384 0.470862
0.1385 0.471119
0.1386 0.471692
0.1387 0.472381
0.1388 0.472662
0.1389 0.472761
0.139 0.473376
0.1391 0.473647
0.1392 0.473833
0.1393 0.474233
0.1394 0.474592
0.1395 0.474634
0.1396 0.475074
0.1397 0.475264
0.1398 0.475079
0.1399 0.475655
0.14 0.476115
0.1401 0.476575
0.1402 0.476771
0.1403 0.476917
0.1404 0.476961
0.1405 0.477328
0.1406 0.477475
0.1407 0.477873
0.1408 0.477966
0.1409 0.478469
0.141 0.478675
0.1411 0.479116
0.1412 0.479556
0.1413 0.479757
0.1414 0.480223
0.1415 0.480395
0.1416 0.480958
0.1417 0.481465
0.1418 0.482339
0.1419 0.482763
0.142 0.483105
0.1421 0.48343
0.1422 0.483978
0.1423 0.484101
0.1424 0.484603
0.1425 0.484636
0.1426 0.484956
0.1427 0.48562
0.1428 0.485632
0.1429 0.485849
0.143 0.486102
0.1431 0.486438
0.1432 0.486509
0.1433 0.486659
0.1434 0.48732
0.1435 0.487504
0.1436 0.487964
0.1437 0.488323
0.1438 0.48854
0.1439 0.488658
0.144 0.488855
0.1441 0.489609
0.1442 0.489991
0.1443 0.490239
0.1444 0.490654
0.1445 0.490875
0.1446 0.491099
0.1447 0.491742
0.1448 0.492206
0.1449 0.492733
0.145 0.492967
0.1451 0.493061
0.1452 0.493566
0.1453 0.493573
0.1454 0.493705
0.1455 0.493878
0.1456 0.494101
0.1457 0.494141
0.1458 0.494391
0.1459 0.494902
0.146 0.495374
0.1461 0.495573
0.1462 0.495971
0.1463 0.496169
0.1464 0.496408
0.1465 0.496472
0.1466 0.497046
0.1467 0.497743
0.1468 0.498302
0.1469 0.498703
0.147 0.499068
0.1471 0.499434
0.1472 0.499631
0.1473 0.499966
0.1474 0.500014
0.1475 0.500198
0.1476 0.5002
0.1477 0.500363
0.1478 0.500722
0.1479 0.501373
0.148 0.501631
0.1481 0.501761
0.1482 0.50232
0.1483 0.502987
0.1484 0.503296
0.1485 0.503254
0.1486 0.503697
0.1487 0.504017
0.1488 0.504278
0.1489 0.504849
0.149 0.505387
0.1491 0.505836
0.1492 0.506138
0.1493 0.506476
0.1494 0.5069
0.1495 0.507095
0.1496 0.507394
0.1497 0.507931
0.1498 0.508397
0.1499 0.50887
0.15 0.509322
0.1501 0.509278
0.1502 0.509723
0.1503 0.510049
0.1504 0.510578
0.1505 0.510293
0.1506 0.510899
0.1507 0.511524
0.1508 0.511654
0.1509 0.511916
0.151 0.512322
0.1511 0.512394
0.1512 0.512532
0.1513 0.513232
0.1514 0.513665
0.1515 0.514188
0.1516 0.514613
0.1517 0.514917
0.1518 0.515408
0.1519 0.515914
0.152 0.516353
0.1521 0.516826
0.1522 0.51679
0.1523 0.517233
0.1524 0.517959
0.1525 0.51843
0.1526 0.518728
0.1527 0.518969
0.1528 0.518968
0.1529 0.519462
0.153 0.519447
0.1531 0.519504
0.1532 0.519974
0.1533 0.5204
0.1534 0.520673
0.1535 0.521011
0.1536 0.521221
0.1537 0.521463
0.1538 0.522265
0.1539 0.52239
0.154 0.523037
0.1541 0.523287
0.1542 0.523831
0.1543 0.524184
0.1544 0.524252
0.1545 0.52475
0.1546 0.524723
0.1547 0.525263
0.1548 0.525627
0.1549 0.526015
0.155 0.526489
0.1551 0.526897
0.1552 0.527141
0.1553 0.527598
0.1554 0.527641
0.1555 0.5278
0.1556 0.527942
0.1557 0.528443
0.1558 0.528844
0.1559 0.528877
0.156 0.529267
0.1561 0.529282
0.1562 0.529677
0.1563 0.530101
0.1564 0.530287
0.1565 0.530614
0.1566 0.531227
0.1567 0.531356
0.1568 0.531807
0.1569 0.532246
0.157 0.532645
0.1571 0.533197
0.1572 0.533378
0.1573 0.533797
0.1574 0.533922
0.1575 0.533931
0.1576 0.533853
0.1577 0.534028
0.1578 0.534365
0.1579 0.534702
0.158 0.535065
0.1581 0.5354
0.1582 0.535539
0.1583 0.535881
0.1584 0.536346
0.1585 0.536993
0.1586 0.536883
0.1587 0.536747
0.1588 0.537174
0.1589 0.537654
0.159 0.53778
0.1591 0.538315
0.1592 0.538545
0.1593 0.538761
0.1594 0.538909
0.1595 0.539381
0.1596 0.539696
0.1597 0.540043
0.1598 0.54047
0.1599 0.541104
0.16 0.541462
0.1601 0.541768
0.1602 0.542086
0.1603 0.542644
0.1604 0.543077
0.1605 0.543371
0.1606 0.543619
0.1607 0.544254
0.1608 0.544199
0.1609 0.544497
0.161 0.5447
0.1611 0.545044
0.1612 0.545162
0.1613 0.54559
0.1614 0.545523
0.1615 0.545665
0.1616 0.546177
0.1617 0.546758
0.1618 0.547044
0.1619 0.547219
0.162 0.547609
0.1621 0.54795
0.1622 0.547853
0.1623 0.548026
0.1624 0.548168
0.1625 0.548213
0.1626 0.548816
0.1627 0.549096
0.1628 0.549027
0.1629 0.549018
0.163 0.549387
0.1631 0.549891
0.1632 0.550178
0.1633 0.550433
0.1634 0.550659
0.1635 0.551091
0.1636 0.551585
0.1637 0.551733
0.1638 0.552003
0.1639 0.552486
0.164 0.552823
0.1641 0.553286
0.1642 0.553436
0.1643 0.553883
0.1644 0.554504
0.1645 0.554776
0.1646 0.555027
0.1647 0.555264
0.1648 0.555783
0.1649 0.556046
0.165 0.556151
0.1651 0.556334
0.1652 0.556772
0.1653 0.557202
0.1654 0.557457
0.1655 0.557586
0.1656 0.557952
0.1657 0.558147
0.1658 0.558313
0.1659 0.558473
0.166 0.558545
0.1661 0.558474
0.1662 0.55858
0.1663 0.55887
0.1664 0.559659
0.1665 0.560084
0.1666 0.559734
0.1667 0.559819
0.1668 0.560156
0.1669 0.560592
0.167 0.560723
0.1671 0.561208
0.1672 0.561397
0.1673 0.561779
0.1674 0.561903
0.1675 0.561965
0.1676 0.562343
0.1677 0.562722
0.1678 0.563134
0.1679 0.563227
0.168 0.563509
0.1681 0.563622
0.1682 0.564233
0.1683 0.564604
0.1684 0.565236
0.1685 0.565388
0.1686 0.565386
0.1687 0.565736
0.1688 0.566368
0.1689 0.56656
0.169 0.566857
0.1691 0.56698
0.1692 0.56725
0.1693 0.567869
0.1694 0.567904
0.1695 0.56803
0.1696 0.568322
0.1697 0.56831
0.1698 0.568622
0.1699 0.568966
0.17 0.56943
0.1701 0.569883
0.1702 0.570056
0.1703 0.570374
0.1704 0.570771
0.1705 0.571016
0.1706 0.571212
0.1707 0.571077
0.1708 0.57153
0.1709 0.571745
0.171 0.572096
0.1711 0.572328
0.1712 0.572531
0.1713 0.573013
0.1714 0.573142
0.1715 0.573423
0.1716 0.573706
0.1717 0.573766
0.1718 0.57388
0.1719 0.574337
0.172 0.574603
0.1721 0.57481
0.1722 0.575338
0.1723 0.575786
0.1724 0.576275
0.1725 0.576845
0.1726 0.577403
0.1727 0.578086
0.1728 0.578538
0.1729 0.57896
0.173 0.579203
0.1731 0.579182
0.1732 0.57971
0.1733 0.580251
0.1734 0.580668
0.1735 0.581148
0.1736 0.581824
0.1737 0.582179
0.1738 0.582351
0.1739 0.582648
0.174 0.583013
0.1741 0.583124
0.1742 0.583734
0.1743 0.58374
0.1744 0.584455
0.1745 0.584606
0.1746 0.584744
0.1747 0.584865
0.1748 0.585079
0.1749 0.585429
0.175 0.585779
0.1751 0.586386
0.1752 0.58655
0.1753 0.586959
0.1754 0.587401
0.1755 0.587786
0.1756 0.588164
0.1757 0.588535
0.1758 0.589034
0.1759 0.589767
0.176 0.589713
0.1761 0.590121
0.1762 0.590291
0.1763 0.590666
0.1764 0.590881
0.1765 0.590876
0.1766 0.590994
0.1767 0.591072
0.1768 0.5911
0.1769 0.59135
0.177 0.591976
0.1771 0.592243
0.1772 0.592126
0.1773 0.592515
0.1774 0.593138
0.1775 0.593748
0.1776 0.594401
0.1777 0.594663
0.1778 0.595179
0.1779 0.595752
0.178 0.59595
0.1781 0.595924
0.1782 0.596081
0.1783 0.596334
0.1784 0.596712
0.1785 0.597183
0.1786 0.597471
0.1787 0.597748
0.1788 0.598062
0.1789 0.59872
0.179 0.599567
0.1791 0.600072
0.1792 0.600653
0.1793 0.601108
0.1794 0.601351
0.1795 0.601718
0.1796 0.601857
0.1797 0.602103
0.1798 0.602135
0.1799 0.602186
0.18 0.602784
0.1801 0.603065
0.1802 0.603369
0.1803 0.603472
0.1804 0.60402
0.1805 0.604129
0.1806 0.604621
0.1807 0.604835
0.1808 0.605048
0.1809 0.605456
0.181 0.605604
0.1811 0.606149
0.1812 0.606505
0.1813 0.60712
0.1814 0.607651
0.1815 0.607993
0.1816 0.608042
0.1817 0.608103
0.1818 0.608179
0.1819 0.608384
0.182 0.608923
0.1821 0.609013
0.1822 0.609033
0.1823 0.609323
0.1824 0.609727
0.1825 0.610171
0.1826 0.610477
0.1827 0.611001
0.1828 0.61098
0.1829 0.611234
0.183 0.611524
0.1831 0.612084
0.1832 0.612365
0.1833 0.612588
0.1834 0.612844
0.1835 0.613154
0.1836 0.61342
0.1837 0.613724
0.1838 0.614137
0.1839 0.614425
0.184 0.614657
0.1841 0.614873
0.1842 0.614907
0.1843 0.61515
0.1844 0.615631
0.1845 0.615935
0.1846 0.616019
0.1847 0.616439
0.1848 0.616585
0.1849 0.616724
0.185 0.616981
0.1851 0.6173
0.1852 0.617545
0.1853 0.61805
0.1854 0.618294
0.1855 0.618857
0.1856 0.61896
0.1857 0.618912
0.1858 0.619274
0.1859 0.619626
0.186 0.619889
0.1861 0.620178
0.1862 0.620399
0.1863 0.620623
0.1864 0.621201
0.1865 0.621645
0.1866 0.622084
0.1867 0.622558
0.1868 0.622686
0.1869 0.622567
0.187 0.623389
0.1871 0.623576
0.1872 0.623979
0.1873 0.624694
0.1874 0.625204
0.1875 0.625391
0.1876 0.626231
0.1877 0.626879
0.1878 0.627273
0.1879 0.627604
0.188 0.628153
0.1881 0.628405
0.1882 0.628508
0.1883 0.62882
0.1884 0.629279
0.1885 0.629274
0.1886 0.629317
0.1887 0.629615
0.1888 0.63016
0.1889 0.630658
0.189 0.630775
0.1891 0.630763
0.1892 0.630902
0.1893 0.631213
0.1894 0.631545
0.1895 0.632106
0.1896 0.632414
0.1897 0.63248
0.1898 0.632857
0.1899 0.632961
0.19 0.633041
0.1901 0.633001
0.1902 0.633379
0.1903 0.633963
0.1904 0.633946
0.1905 0.634271
0.1906 0.634663
0.1907 0.634773
0.1908 0.63492
0.1909 0.635314
0.191 0.63563
0.1911 0.635986
0.1912 0.636401
0.1913 0.637033
0.1914 0.637352
0.1915 0.637915
0.1916 0.638128
0.1917 0.638415
0.1918 0.638823
0.1919 0.638776
0.192 0.639292
0.1921 0.639645
0.1922 0.639567
0.1923 0.639796
0.1924 0.640407
0.1925 0.640502
0.1926 0.640612
0.1927 0.640905
0.1928 0.641673
0.1929 0.642052
0.193 0.642214
0.1931 0.642909
0.1932 0.643402
0.1933 0.643568
0.1934 0.643921
0.1935 0.644048
0.1936 0.644126
0.1937 0.644741
0.1938 0.64502
0.1939 0.645426
0.194 0.645623
0.1941 0.645939
0.1942 0.64643
0.1943 0.646837
0.1944 0.647346
0.1945 0.647761
0.1946 0.648185
0.1947 0.648281
0.1948 0.648341
0.1949 0.648602
0.195 0.648534
0.1951 0.649063
0.1952 0.649594
0.1953 0.649682
0.1954 0.650206
0.1955 0.650826
0.1956 0.651082
0.1957 0.651333
0.1958 0.651701
0.1959 0.652382
0.196 0.652294
0.1961 0.652392
0.1962 0.652522
0.1963 0.652649
0.1964 0.652954
0.1965 0.653282
0.1966 0.653783
0.1967 0.654268
0.1968 0.654783
0.1969 0.655333
0.197 0.655543
0.1971 0.655768
0.1972 0.656217
0.1973 0.65629
0.1974 0.656419
0.1975 0.656834
0.1976 0.656848
0.1977 0.657333
0.1978 0.657651
0.1979 0.657598
0.198 0.658005
0.1981 0.658178
0.1982 0.658752
0.1983 0.659227
0.1984 0.65957
0.1985 0.66013
0.1986 0.660528
0.1987 0.660675
0.1988 0.660879
0.1989 0.66104
0.199 0.661369
0.1991 0.661602
0.1992 0.662244
0.1993 0.662778
0.1994 0.663144
0.1995 0.663804
0.1996 0.664112
0.1997 0.664739
0.1998 0.664745
0.1999 0.664854
0.2 0.665396
0.2001 0.66538
0.2002 0.665496
0.2003 0.665855
0.2004 0.66631
0.2005 0.666811
0.2006 0.666923
0.2007 0.66705
0.2008 0.66735
0.2009 0.66772
0.201 0.667879
0.2011 0.668447
0.2012 0.669018
0.2013 0.669401
0.2014 0.669582
0.2015 0.669858
0.2016 0.670286
0.2017 0.670625
0.2018 0.670767
0.2019 0.670977
0.202 0.671096
0.2021 0.6715
0.2022 0.671852
0.2023 0.672285
0.2024 0.672191
0.2025 0.672444
0.2026 0.67275
0.2027 0.67303
0.2028 0.673518
0.2029 0.673656
0.203 0.673695
0.2031 0.674215
0.2032 0.674219
0.2033 0.674289
0.2034 0.674281
0.2035 0.67453
0.2036 0.67491
0.2037 0.675026
0.2038 0.675569
0.2039 0.676202
0.204 0.676551
0.2041 0.676902
0.2042 0.677188
0.2043 0.677268
0.2044 0.677185
0.2045 0.677537
0.2046 0.678032
0.2047 0.678387
0.2048 0.678388
0.2049 0.678958
0.205 0.679116
0.2051 0.679671
0.2052 0.680293
0.2053 0.680506
0.2054 0.680932
0.2055 0.681449
0.2056 0.68201
0.2057 0.682385
0.2058 0.682637
0.2059 0.682906
0.206 0.683046
0.2061 0.683309
0.2062 0.683599
0.2063 0.683793
0.2064 0.683764
0.2065 0.684062
0.2066 0.684333
0.2067 0.68539
0.2068 0.685414
0.2069 0.685642
0.207 0.686172
0.2071 0.686678
0.2072 0.686849
0.2073 0.687029
0.2074 0.687254
0.2075 0.687178
0.2076 0.687594
0.2077 0.68804
0.2078 0.688404
0.2079 0.688333
0.208 0.688602
0.2081 0.689138
0.2082 0.689127
0.2083 0.689596
0.2084 0.689573
0.2085 0.690272
0.2086 0.690545
0.2087 0.691253
0.2088 0.691437
0.2089 0.691652
0.209 0.691878
0.2091 0.692139
0.2092 0.692477
0.2093 0.692943
0.2094 0.692935
0.2095 0.693557
0.2096 0.693701
0.2097 0.69403
0.2098 0.694309
0.2099 0.694691
0.21 0.694763
0.2101 0.695068
0.2102 0.695497
0.2103 0.695683
0.2104 0.695922
0.2105 0.696308
0.2106 0.696699
0.2107 0.696975
0.2108 0.696903
0.2109 0.697106
0.211 0.697218
0.2111 0.697505
0.2112 0.69786
0.2113 0.698181
0.2114 0.698462
0.2115 0.698922
0.2116 0.699192
0.2117 0.699621
0.2118 0.699966
0.2119 0.700121
0.212 0.700603
0.2121 0.701244
0.2122 0.70154
0.2123 0.701805
0.2124 0.7029
0.2125 0.702993
0.2126 0.703446
0.2127 0.703889
0.2128 0.704368
0.2129 0.704707
0.213 0.705202
0.2131 0.705324
0.2132 0.705636
0.2133 0.706267
0.2134 0.706848
0.2135 0.707137
0.2136 0.707687
0.2137 0.708355
0.2138 0.708788
0.2139 0.708996
0.214 0.709249
0.2141 0.709792
0.2142 0.710209
0.2143 0.710301
0.2144 0.710467
0.2145 0.710896
0.2146 0.710965
0.2147 0.710816
0.2148 0.711019
0.2149 0.711327
0.215 0.711534
0.2151 0.712037
0.2152 0.712216
0.2153 0.712223
0.2154 0.712049
0.2155 0.712335
0.2156 0.712561
0.2157 0.712756
0.2158 0.713074
0.2159 0.713437
0.216 0.713601
0.2161 0.714127
0.2162 0.714324
0.2163 0.714944
0.2164 0.715804
0.2165 0.716082
0.2166 0.716439
0.2167 0.71636
0.2168 0.716635
0.2169 0.716585
0.217 0.716438
0.2171 0.716862
0.2172 0.71724
0.2173 0.718072
0.2174 0.71816
0.2175 0.718628
0.2176 0.718945
0.2177 0.719486
0.2178 0.720063
0.2179 0.720362
0.218 0.720826
0.2181 0.721491
0.2182 0.721623
0.2183 0.72187
0.2184 0.722325
0.2185 0.722814
0.2186 0.723689
0.2187 0.724084
0.2188 0.724916
0.2189 0.725344
0.219 0.725724
0.2191 0.726057
0.2192 0.726183
0.2193 0.72637
0.2194 0.726206
0.2195 0.726191
0.2196 0.726483
0.2197 0.72683
0.2198 0.72744
0.2199 0.727885
0.22 0.728604
0.2201 0.729078
0.2202 0.729235
0.2203 0.729834
0.2204 0.729982
0.2205 0.730222
0.2206 0.73042
0.2207 0.730558
0.2208 0.730846
0.2209 0.731151
0.221 0.731478
0.2211 0.731748
0.2212 0.731905
0.2213 0.732028
0.2214 0.732278
0.2215 0.732897
0.2216 0.733171
0.2217 0.73288
0.2218 0.733182
0.2219 0.73354
0.222 0.734452
0.2221 0.734684
0.2222 0.73506
0.2223 0.735663
0.2224 0.736194
0.2225 0.73658
0.2226 0.736853
0.2227 0.737465
0.2228 0.737528
0.2229 0.737896
0.223 0.738239
0.2231 0.738749
0.2232 0.738971
0.2233 0.739493
0.2234 0.739447
0.2235 0.739494
0.2236 0.73965
0.2237 0.739871
0.2238 0.740166
0.2239 0.740556
0.224 0.740993
0.2241 0.741251
0.2242 0.741815
0.2243 0.742083
0.2244 0.742756
0.2245 0.742983
0.2246 0.743118
0.2247 0.74319
0.2248 0.743143
0.2249 0.743514
0.225 0.743795
0.2251 0.743875
0.2252 0.744514
0.2253 0.744523
0.2254 0.745064
0.2255 0.745215
0.2256 0.745476
0.2257 0.745905
0.2258 0.746027
0.2259 0.746335
0.226 0.74654
0.2261 0.746815
0.2262 0.746844
0.2263 0.747036
0.2264 0.747503
0.2265 0.747355
0.2266 0.747259
0.2267 0.747729
0.2268 0.747903
0.2269 0.748414
0.227 0.748764
0.2271 0.749087
0.2272 0.749835
0.2273 0.750124
0.2274 0.750417
0.2275 0.75107
0.2276 0.75126
0.2277 0.751469
0.2278 0.751918
0.2279 0.752098
0.228 0.752477
0.2281 0.752642
0.2282 0.752993
0.2283 0.753384
0.2284 0.753459
0.2285 0.753626
0.2286 0.753761
0.2287 0.754288
0.2288 0.754328
0.2289 0.754226
0.229 0.754136
0.2291 0.754434
0.2292 0.754677
0.2293 0.755018
0.2294 0.755339
0.2295 0.755748
0.2296 0.755899
0.2297 0.756515
0.2298 0.756425
0.2299 0.756467
0.23 0.756472
0.2301 0.756498
0.2302 0.756759
0.2303 0.757123
0.2304 0.757329
0.2305 0.75756
0.2306 0.757224
0.2307 0.757554
0.2308 0.757852
0.2309 0.75818
0.231 0.758247
0.2311 0.758387
0.2312 0.758497
0.2313 0.758771
0.2314 0.759184
0.2315 0.759107
0.2316 0.759183
0.2317 0.759435
0.2318 0.759464
0.2319 0.759792
0.232 0.760203
0.2321 0.760442
0.2322 0.761437
0.2323 0.762058
0.2324 0.762277
0.2325 0.762499
0.2326 0.762849
0.2327 0.762378
0.2328 0.762564
0.2329 0.762591
0.233 0.762876
0.2331 0.763232
0.2332 0.763503
0.2333 0.763639
0.2334 0.764215
0.2335 0.764777
0.2336 0.764597
0.2337 0.764779
0.2338 0.765121
0.2339 0.765415
0.234 0.76528
0.2341 0.765342
0.2342 0.765604
0.2343 0.765786
0.2344 0.766496
0.2345 0.766696
0.2346 0.767528
0.2347 0.768002
0.2348 0.768227
0.2349 0.768554
0.235 0.768758
0.2351 0.769013
0.2352 0.768374
0.2353 0.768273
0.2354 0.768914
0.2355 0.769495
0.2356 0.76972
0.2357 0.76993
0.2358 0.769835
0.2359 0.769383
0.236 0.769818
0.2361 0.770039
0.2362 0.770155
0.2363 0.770717
0.2364 0.771277
0.2365 0.771774
0.2366 0.772317
0.2367 0.772462
0.2368 0.77322
0.2369 0.773548
0.237 0.774108
0.2371 0.774476
0.2372 0.775076
0.2373 0.775352
0.2374 0.775464
0.2375 0.775785
0.2376 0.775913
0.2377 0.776029
0.2378 0.776049
0.2379 0.776519
0.238 0.776479
0.2381 0.776629
0.2382 0.777065
0.2383 0.777289
0.2384 0.777869
0.2385 0.778342
0.2386 0.778748
0.2387 0.779005
0.2388 0.779548
0.2389 0.780063
0.239 0.780483
0.2391 0.78115
0.2392 0.781786
0.2393 0.782381
0.2394 0.783023
0.2395 0.783612
0.2396 0.783693
0.2397 0.784107
0.2398 0.784327
0.2399 0.784823
0.24 0.784967
0.2401 0.785092
0.2402 0.785201
0.2403 0.785628
0.2404 0.785531
0.2405 0.785666
0.2406 0.785695
0.2407 0.785927
0.2408 0.785927
0.2409 0.78655
0.241 0.78644
0.2411 0.786832
0.2412 0.787032
0.2413 0.78743
0.2414 0.787518
0.2415 0.787943
0.2416 0.788545
0.2417 0.788721
0.2418 0.788758
0.2419 0.78878
0.242 0.789054
0.2421 0.789285
0.2422 0.789336
0.2423 0.789769
0.2424 0.789882
0.2425 0.790232
0.2426 0.790593
0.2427 0.791314
0.2428 0.791653
0.2429 0.791663
0.243 0.791616
0.2431 0.792052
0.2432 0.791818
0.2433 0.792126
0.2434 0.792446
0.2435 0.792366
0.2436 0.7925
0.2437 0.792286
0.2438 0.79243
0.2439 0.792783
0.244 0.793647
0.2441 0.794001
0.2442 0.794309
0.2443 0.794761
0.2444 0.795272
0.2445 0.795872
0.2446 0.795892
0.2447 0.795501
0.2448 0.795991
0.2449 0.796443
0.245 0.796668
0.2451 0.796729
0.2452 0.796963
0.2453 0.797265
0.2454 0.797793
0.2455 0.797984
0.2456 0.798226
0.2457 0.798699
0.2458 0.799063
0.2459 0.799674
0.246 0.799711
0.2461 0.800129
0.2462 0.800693
0.2463 0.801532
0.2464 0.802006
0.2465 0.802177
0.2466 0.802516
0.2467 0.802614
0.2468 0.802788
0.2469 0.803061
0.247 0.802993
0.2471 0.803787
0.2472 0.804258
0.2473 0.804799
0.2474 0.804939
0.2475 0.804927
0.2476 0.805438
0.2477 0.80569
0.2478 0.80626
0.2479 0.806704
0.248 0.806838
0.2481 0.807577
0.2482 0.807582
0.2483 0.808055
0.2484 0.807908
0.2485 0.807935
0.2486 0.80843
0.2487 0.808542
0.2488 0.80871
0.2489 0.808751
0.249 0.809288
0.2491 0.809329
0.2492 0.810158
0.2493 0.81063
0.2494 0.811021
0.2495 0.810903
0.2496 0.811245
0.2497 0.811449
0.2498 0.811935
0.2499 0.812409
0.25 0.812612
0.2501 0.812616
0.2502 0.812969
0.2503 0.813395
0.2504 0.813423
0.2505 0.814177
0.2506 0.814103
0.2507 0.814159
0.2508 0.814078
0.2509 0.81466
0.251 0.814804
0.2511 0.815444
0.2512 0.816093
0.2513 0.816566
0.2514 0.816907
0.2515 0.817115
0.2516 0.817373
0.2517 0.817473
0.2518 0.817777
0.2519 0.818338
0.252 0.818263
0.2521 0.818607
0.2522 0.818333
0.2523 0.818541
0.2524 0.819159
0.2525 0.819724
0.2526 0.820148
0.2527 0.820386
0.2528 0.820575
0.2529 0.820557
0.253 0.820832
0.2531 0.821086
0.2532 0.821429
0.2533 0.82182
0.2534 0.821988
0.2535 0.822293
0.2536 0.822979
0.2537 0.823003
0.2538 0.82343
0.2539 0.823944
0.254 0.82435
0.2541 0.825
0.2542 0.825577
0.2543 0.826176
0.2544 0.826637
0.2545 0.826932
0.2546 0.826991
0.2547 0.827271
0.2548 0.828024
0.2549 0.828295
0.255 0.82858
0.2551 0.828929
0.2552 0.829863
0.2553 0.830486
0.2554 0.830976
0.2555 0.831214
0.2556 0.831761
0.2557 0.831756
0.2558 0.831562
0.2559 0.831588
0.256 0.831887
0.2561 0.832308
0.2562 0.832812
0.2563 0.832987
0.2564 0.832928
0.2565 0.833615
0.2566 0.833742
0.2567 0.83433
0.2568 0.835323
0.2569 0.835324
0.257 0.835947
0.2571 0.835956
0.2572 0.835735
0.2573 0.836156
0.2574 0.836207
0.2575 0.836806
0.2576 0.837294
0.2577 0.837455
0.2578 0.83728
0.2579 0.837328
0.258 0.837492
0.2581 0.837828
0.2582 0.838088
0.2583 0.838673
0.2584 0.839195
0.2585 0.839342
0.2586 0.839698
0.2587 0.840065
0.2588 0.840318
0.2589 0.840561
0.259 0.84095
0.2591 0.841737
0.2592 0.842188
0.2593 0.842741
0.2594 0.843224
0.2595 0.84344
0.2596 0.843735
0.2597 0.844287
0.2598 0.845085
0.2599 0.845509
0.26 0.846064
0.2601 0.845795
0.2602 0.846124
0.2603 0.846257
0.2604 0.84665
0.2605 0.847119
0.2606 0.847578
0.2607 0.848218
0.2608 0.848544
0.2609 0.848952
0.261 0.849543
0.2611 0.849849
0.2612 0.8503
0.2613 0.85062
0.2614 0.851215
0.2615 0.851425
0.2616 0.852037
0.2617 0.85247
0.2618 0.85232
0.2619 0.852691
0.262 0.853291
0.2621 0.853085
0.2622 0.853819
0.2623 0.854296
0.2624 0.854544
0.2625 0.854667
0.2626 0.855147
0.2627 0.855707
0.2628 0.856125
0.2629 0.856215
0.263 0.856425
0.2631 0.856492
0.2632 0.8569
0.2633 0.857688
0.2634 0.858295
0.2635 0.858343
0.2636 0.858235
0.2637 0.858733
0.2638 0.858611
0.2639 0.858688
0.264 0.859135
0.2641 0.858712
0.2642 0.859093
0.2643 0.859241
0.2644 0.859823
0.2645 0.86006
0.2646 0.860418
0.2647 0.860901
0.2648 0.861347
0.2649 0.861799
0.265 0.862235
0.2651 0.863043
0.2652 0.863619
0.2653 0.864029
0.2654 0.864447
0.2655 0.864703
0.2656 0.864959
0.2657 0.865247
0.2658 0.865496
0.2659 0.865729
0.266 0.866306
0.2661 0.866377
0.2662 0.867427
0.2663 0.86789
0.2664 0.867941
0.2665 0.867783
0.2666 0.868128
0.2667 0.868823
0.2668 0.868984
0.2669 0.869439
0.267 0.869434
0.2671 0.869753
0.2672 0.869988
0.2673 0.870031
0.2674 0.869995
0.2675 0.870225
0.2676 0.87068
0.2677 0.870933
0.2678 0.871438
0.2679 0.872123
0.268 0.872729
0.2681 0.873038
0.2682 0.873039
0.2683 0.873317
0.2684 0.873865
0.2685 0.874557
0.2686 0.874771
0.2687 0.874773
0.2688 0.875449
0.2689 0.875755
0.269 0.875592
0.2691 0.876093
0.2692 0.876265
0.2693 0.876475
0.2694 0.876872
0.2695 0.877023
0.2696 0.877254
0.2697 0.877792
0.2698 0.877953
0.2699 0.878251
0.27 0.878479
0.2701 0.878808
0.2702 0.878811
0.2703 0.878849
0.2704 0.879278
0.2705 0.879481
0.2706 0.87938
0.2707 0.879941
0.2708 0.880358
0.2709 0.880671
0.271 0.881411
0.2711 0.882139
0.2712 0.88222
0.2713 0.882328
0.2714 0.882767
0.2715 0.883568
0.2716 0.883835
0.2717 0.884428
0.2718 0.885061
0.2719 0.885498
0.272 0.886046
0.2721 0.886289
0.2722 0.887004
0.2723 0.887418
0.2724 0.887933
0.2725 0.887843
0.2726 0.888288
0.2727 0.88854
0.2728 0.888772
0.2729 0.888978
0.273 0.889202
0.2731 0.889303
0.2732 0.889384
0.2733 0.889708
0.2734 0.88997
0.2735 0.890169
0.2736 0.88989
0.2737 0.890419
0.2738 0.890809
0.2739 0.89124
0.274 0.891435
0.2741 0.891526
0.2742 0.891424
0.2743 0.891664
0.2744 0.891883
0.2745 0.892434
0.2746 0.892614
0.2747 0.893171
0.2748 0.893885
0.2749 0.894539
0.275 0.894546
0.2751 0.895134
0.2752 0.895746
0.2753 0.896281
0.2754 0.896916
0.2755 0.897248
0.2756 0.897641
0.2757 0.897948
0.2758 0.898831
0.2759 0.898927
0.276 0.899605
0.2761 0.900133
0.2762 0.900643
0.2763 0.900523
0.2764 0.900702
0.2765 0.901013
0.2766 0.900533
0.2767 0.901206
0.2768 0.901924
0.2769 0.902266
0.277 0.902811
0.2771 0.903307
0.2772 0.903491
0.2773 0.903663
0.2774 0.904021
0.2775 0.904541
0.2776 0.905335
0.2777 0.905657
0.2778 0.90597
0.2779 0.90647
0.278 0.907117
0.2781 0.907566
0.2782 0.908152
0.2783 0.908576
0.2784 0.908565
0.2785 0.908558
0.2786 0.908512
0.2787 0.909203
0.2788 0.909507
0.2789 0.909417
0.279 0.909863
0.2791 0.910257
0.2792 0.910682
0.2793 0.91109
0.2794 0.911437
0.2795 0.911181
0.2796 0.911232
0.2797 0.911416
0.2798 0.911483
0.2799 0.911744
0.28 0.912117
0.2801 0.912124
0.2802 0.912467
0.2803 0.912842
0.2804 0.912735
0.2805 0.912915
0.2806 0.913361
0.2807 0.91382
0.2808 0.914601
0.2809 0.915057
0.281 0.915309
0.2811 0.915899
0.2812 0.916403
0.2813 0.916827
0.2814 0.91715
0.2815 0.917604
0.2816 0.917586
0.2817 0.917632
0.2818 0.917915
0.2819 0.917878
0.282 0.917365
0.2821 0.917588
0.2822 0.917759
0.2823 0.918064
0.2824 0.918574
0.2825 0.919175
0.2826 0.919475
0.2827 0.92034
0.2828 0.920623
0.2829 0.921054
0.283 0.921252
0.2831 0.922301
0.2832 0.922116
0.2833 0.922597
0.2834 0.922791
0.2835 0.922998
0.2836 0.923303
0.2837 0.923771
0.2838 0.923962
0.2839 0.924449
0.284 0.924806
0.2841 0.92485
0.2842 0.925019
0.2843 0.925141
0.2844 0.925297
0.2845 0.92552
0.2846 0.925921
0.2847 0.926248
0.2848 0.926521
0.2849 0.927007
0.285 0.926997
0.2851 0.926874
0.2852 0.927232
0.2853 0.927449
0.2854 0.9281
0.2855 0.92812
0.2856 0.9279
0.2857 0.928384
0.2858 0.927874
0.2859 0.927532
0.286 0.927576
0.2861 0.928079
0.2862 0.928745
0.2863 0.928877
0.2864 0.929358
0.2865 0.929959
0.2866 0.930011
0.2867 0.930162
0.2868 0.930229
0.2869 0.930564
0.287 0.930816
0.2871 0.930936
0.2872 0.931316
0.2873 0.931682
0.2874 0.932163
0.2875 0.932265
0.2876 0.933001
0.2877 0.933034
0.2878 0.933179
0.2879 0.933323
0.288 0.933593
0.2881 0.934368
0.2882 0.934319
0.2883 0.934535
0.2884 0.935237
0.2885 0.93578
0.2886 0.936049
0.2887 0.936246
0.2888 0.936423
0.2889 0.93694
0.289 0.937173
0.2891 0.937847
0.2892 0.937998
0.2893 0.938229
0.2894 0.939092
0.2895 0.939477
0.2896 0.940177
0.2897 0.940885
0.2898 0.941385
0.2899 0.941662
0.29 0.941564
0.2901 0.942119
0.2902 0.941694
0.2903 0.942074
0.2904 0.941998
0.2905 0.94257
0.2906 0.942802
0.2907 0.943052
0.2908 0.943889
0.2909 0.944669
0.291 0.945009
0.2911 0.945973
0.2912 0.946308
0.2913 0.946276
0.2914 0.94632
0.2915 0.946257
0.2916 0.946351
0.2917 0.946924
0.2918 0.947191
0.2919 0.947569
0.292 0.947732
0.2921 0.948494
0.2922 0.948934
0.2923 0.949146
0.2924 0.949349
0.2925 0.950051
0.2926 0.950473
0.2927 0.950708
0.2928 0.95107
0.2929 0.951372
0.293 0.951617
0.2931 0.951852
0.2932 0.952235
0.2933 0.952543
0.2934 0.952814
0.2935 0.952991
0.2936 0.953267
0.2937 0.953843
0.2938 0.954206
0.2939 0.954526
0.294 0.954852
0.2941 0.954817
0.2942 0.955038
0.2943 0.954939
0.2944 0.955284
0.2945 0.955742
0.2946 0.956194
0.2947 0.956498
0.2948 0.95672
0.2949 0.957201
0.295 0.957847
0.2951 0.958008
0.2952 0.957925
0.2953 0.958055
0.2954 0.95848
0.2955 0.95844
0.2956 0.958043
0.2957 0.958372
0.2958 0.958621
0.2959 0.959708
0.296 0.960387
0.2961 0.960843
0.2962 0.96105
0.2963 0.961404
0.2964 0.961805
0.2965 0.961995
0.2966 0.962525
0.2967 0.96324
0.2968 0.963602
0.2969 0.963772
0.297 0.963755
0.2971 0.964067
0.2972 0.964336
0.2973 0.96466
0.2974 0.964789
0.2975 0.96519
0.2976 0.965465
0.2977 0.965889
0.2978 0.966122
0.2979 0.966762
0.298 0.966671
0.2981 0.966969
0.2982 0.96712
0.2983 0.967394
0.2984 0.967491
0.2985 0.968316
0.2986 0.968423
0.2987 0.968823
0.2988 0.96917
0.2989 0.969529
0.299 0.969408
0.2991 0.970177
0.2992 0.970655
0.2993 0.971048
0.2994 0.97165
0.2995 0.971794
0.2996 0.972335
0.2997 0.972728
0.2998 0.973395
0.2999 0.973775
0.3 0.973792
0.3001 0.974335
0.3002 0.974918
0.3003 0.975284
0.3004 0.975877
0.3005 0.976044
0.3006 0.976318
0.3007 0.976368
0.3008 0.976734
0.3009 0.977443
0.301 0.978102
0.3011 0.978473
0.3012 0.978624
0.3013 0.978851
0.3014 0.978906
0.3015 0.979258
0.3016 0.979378
0.3017 0.980266
0.3018 0.980995
0.3019 0.981273
0.302 0.981693
0.3021 0.981716
0.3022 0.981956
0.3023 0.981972
0.3024 0.982231
0.3025 0.981673
0.3026 0.981878
0.3027 0.982131
0.3028 0.982073
0.3029 0.98185
0.303 0.981709
0.3031 0.982121
0.3032 0.982029
0.3033 0.982759
0.3034 0.982923
0.3035 0.983013
0.3036 0.983231
0.3037 0.983501
0.3038 0.98376
0.3039 0.983793
0.304 0.984054
0.3041 0.984509
0.3042 0.984905
0.3043 0.985454
0.3044 0.985574
0.3045 0.985729
0.3046 0.986396
0.3047 0.987244
0.3048 0.987718
0.3049 0.987935
0.305 0.988405
0.3051 0.988878
0.3052 0.989201
0.3053 0.989138
0.3054 0.989187
0.3055 0.989169
0.3056 0.989249
0.3057 0.990063
0.3058 0.989846
0.3059 0.98989
0.306 0.989748
0.3061 0.990195
0.3062 0.990774
0.3063 0.991031
0.3064 0.991011
0.3065 0.991152
0.3066 0.991412
0.3067 0.992045
0.3068 0.992403
0.3069 0.992356
0.307 0.992623
0.3071 0.993455
0.3072 0.993967
0.3073 0.994375
0.3074 0.994453
0.3075 0.994788
0.3076 0.994767
0.3077 0.995112
0.3078 0.995567
0.3079 0.995763
0.308 0.996455
0.3081 0.996969
0.3082 0.996784
0.3083 0.99685
0.3084 0.997049
0.3085 0.996858
0.3086 0.997254
0.3087 0.997572
0.3088 0.997723
0.3089 0.998153
0.309 0.998761
0.3091 0.998841
0.3092 0.99905
0.3093 0.999615
0.3094 1.00018
0.3095 1.0005
0.3096 1.00087
0.3097 1.00075
0.3098 1.00102
0.3099 1.00065
0.31 1.00066
0.3101 1.00067
0.3102 1.00101
0.3103 1.00125
0.3104 1.0015
0.3105 1.00215
0.3106 1.00236
0.3107 1.00242
0.3108 1.00354
0.3109 1.00397
0.311 1.00444
0.3111 1.00495
0.3112 1.00525
0.3113 1.00597
0.3114 1.00623
0.3115 1.00617
0.3116 1.00601
0.3117 1.00608
0.3118 1.00641
0.3119 1.00697
0.312 1.00753
0.3121 1.00749
0.3122 1.00777
0.3123 1.00841
0.3124 1.00841
0.3125 1.00895
0.3126 1.00958
0.3127 1.01007
0.3128 1.01039
0.3129 1.01078
0.313 1.01135
0.3131 1.0119
0.3132 1.01214
0.3133 1.01238
0.3134 1.01251
0.3135 1.01278
0.3136 1.01308
0.3137 1.01336
0.3138 1.01379
0.3139 1.01394
0.314 1.01428
0.3141 1.01461
0.3142 1.0151
0.3143 1.01498
0.3144 1.01549
0.3145 1.01611
0.3146 1.01596
0.3147 1.01609
0.3148 1.01616
0.3149 1.0164
0.315 1.01708
0.3151 1.01734
0.3152 1.01769
0.3153 1.01789
0.3154 1.01872
0.3155 1.01941
0.3156 1.01976
0.3157 1.02004
0.3158 1.01997
0.3159 1.02066
0.316 1.0215
0.3161 1.02189
0.3162 1.0223
0.3163 1.02301
0.3164 1.02306
0.3165 1.02334
0.3166 1.02425
0.3167 1.02483
0.3168 1.02518
0.3169 1.02565
0.317 1.02604
0.3171 1.0269
0.3172 1.02681
0.3173 1.02727
0.3174 1.02697
0.3175 1.02732
0.3176 1.02732
0.3177 1.02764
0.3178 1.0282
0.3179 1.02882
0.318 1.02893
0.3181 1.02947
0.3182 1.02987
0.3183 1.02992
0.3184 1.03021
0.3185 1.02998
0.3186 1.02996
0.3187 1.03003
0.3188 1.03057
0.3189 1.03077
0.319 1.03087
0.3191 1.03083
0.3192 1.03127
0.3193 1.03164
0.3194 1.03159
0.3195 1.03175
0.3196 1.03196
0.3197 1.03213
0.3198 1.03247
0.3199 1.03253
0.32 1.03257
0.3201 1.03256
0.3202 1.03313
0.3203 1.03296
0.3204 1.03346
0.3205 1.03412
0.3206 1.03414
0.3207 1.03427
0.3208 1.03471
0.3209 1.03527
0.321 1.03565
0.3211 1.03587
0.3212 1.03632
0.3213 1.03673
0.3214 1.03692
0.3215 1.03693
0.3216 1.03774
0.3217 1.03807
0.3218 1.03823
0.3219 1.03865
0.322 1.03904
0.3221 1.03947
0.3222 1.03999
0.3223 1.04028
0.3224 1.04001
0.3225 1.04036
0.3226 1.04105
0.3227 1.04143
0.3228 1.04197
0.3229 1.04254
0.323 1.04283
0.3231 1.04327
0.3232 1.0434
0.3233 1.04385
0.3234 1.04409
0.3235 1.04415
0.3236 1.04469
0.3237 1.04503
0.3238 1.04534
0.3239 1.04592
0.324 1.0463
0.3241 1.04652
0.3242 1.04705
0.3243 1.04715
0.3244 1.0472
0.3245 1.04758
0.3246 1.0476
0.3247 1.04774
0.3248 1.04776
0.3249 1.04758
0.325 1.04801
0.3251 1.04876
0.3252 1.0485
0.3253 1.04856
0.3254 1.04893
0.3255 1.04934
0.3256 1.0501
0.3257 1.05006
0.3258 1.05026
0.3259 1.05099
0.326 1.0513
0.3261 1.05137
0.3262 1.05178
0.3263 1.05232
0.3264 1.05265
0.3265 1.05263
0.3266 1.05291
0.3267 1.05372
0.3268 1.05418
0.3269 1.05428
0.327 1.05465
0.3271 1.0551
0.3272 1.05486
0.3273 1.05513
0.3274 1.05589
0.3275 1.05598
0.3276 1.05671
0.3277 1.05676
0.3278 1.05734
0.3279 1.05749
0.328 1.0577
0.3281 1.0581
0.3282 1.05849
0.3283 1.05864
0.3284 1.05937
0.3285 1.05986
0.3286 1.06004
0.3287 1.05991
0.3288 1.05996
0.3289 1.06017
0.329 1.06062
0.3291 1.06087
0.3292 1.0611
0.3293 1.06172
0.3294 1.06197
0.3295 1.06213
0.3296 1.06216
0.3297 1.06273
0.3298 1.06309
0.3299 1.06344
0.33 1.06367
0.3301 1.0645
0.3302 1.06443
0.3303 1.0649
0.3304 1.06505
0.3305 1.06518
0.3306 1.06589
0.3307 1.06659
0.3308 1.06669
0.3309 1.06748
0.331 1.06772
0.3311 1.06831
0.3312 1.06895
0.3313 1.06904
0.3314 1.06983
0.3315 1.06991
0.3316 1.07042
0.3317 1.07071
0.3318 1.07123
0.3319 1.07095
0.332 1.07126
0.3321 1.07181
0.3322 1.07251
0.3323 1.07292
0.3324 1.0733
0.3325 1.07411
0.3326 1.07391
0.3327 1.07401
0.3328 1.07449
0.3329 1.07436
0.333 1.07488
0.3331 1.07487
0.3332 1.07532
0.3333 1.07516
0.3334 1.07559
0.3335 1.07592
0.3336 1.07645
0.3337 1.0766
0.3338 1.07648
0.3339 1.07666
0.334 1.07719
0.3341 1.07747
0.3342 1.07736
0.3343 1.07749
0.3344 1.07751
0.3345 1.07765
0.3346 1.07829
0.3347 1.07872
0.3348 1.07886
0.3349 1.07916
0.335 1.07952
0.3351 1.07986
0.3352 1.08014
0.3353 1.08032
0.3354 1.08033
0.3355 1.07974
0.3356 1.08068
0.3357 1.08119
0.3358 1.08141
0.3359 1.08186
0.336 1.08197
0.3361 1.08195
0.3362 1.08157
0.3363 1.08206
0.3364 1.08243
0.3365 1.08238
0.3366 1.08293
0.3367 1.08347
0.3368 1.08335
0.3369 1.08368
0.337 1.08447
0.3371 1.08461
0.3372 1.08528
0.3373 1.08557
0.3374 1.08621
0.3375 1.08624
0.3376 1.08741
0.3377 1.08767
0.3378 1.08804
0.3379 1.08793
0.338 1.08831
0.3381 1.08885
0.3382 1.08913
0.3383 1.08895
0.3384 1.08937
0.3385 1.08976
0.3386 1.0895
0.3387 1.08947
0.3388 1.09028
0.3389 1.09004
0.339 1.09015
0.3391 1.09058
0.3392 1.09116
0.3393 1.09169
0.3394 1.092
0.3395 1.09259
0.3396 1.09266
0.3397 1.09312
0.3398 1.09304
0.3399 1.0934
0.34 1.0937
0.3401 1.09409
0.3402 1.0942
0.3403 1.0946
0.3404 1.09511
0.3405 1.09522
0.3406 1.09571
0.3407 1.096
0.3408 1.09608
0.3409 1.0969
0.341 1.09704
0.3411 1.09745
0.3412 1.09702
0.3413 1.09705
0.3414 1.09725
0.3415 1.09756
0.3416 1.09744
0.3417 1.09758
0.3418 1.0977
0.3419 1.09766
0.342 1.09802
0.3421 1.09827
0.3422 1.09829
0.3423 1.09831
0.3424 1.0983
0.3425 1.09857
0.3426 1.09841
0.3427 1.09892
0.3428 1.09924
0.3429 1.09983
0.343 1.0996
0.3431 1.09976
0.3432 1.09975
0.3433 1.10013
0.3434 1.10015
0.3435 1.10048
0.3436 1.10077
0.3437 1.1013
0.3438 1.10163
0.3439 1.10187
0.344 1.10183
0.3441 1.10193
0.3442 1.10223
0.3443 1.10241
0.3444 1.10252
0.3445 1.10257
0.3446 1.10269
0.3447 1.103
0.3448 1.10343
0.3449 1.10445
0.345 1.10508
0.3451 1.10538
0.3452 1.10533
0.3453 1.1054
0.3454 1.1058
0.3455 1.10573
0.3456 1.10616
0.3457 1.10628
0.3458 1.10651
0.3459 1.10693
0.346 1.10718
0.3461 1.10789
0.3462 1.10862
0.3463 1.10952
0.3464 1.10996
0.3465 1.11051
0.3466 1.11055
0.3467 1.11126
0.3468 1.11174
0.3469 1.11144
0.347 1.11218
0.3471 1.11233
0.3472 1.11203
0.3473 1.11234
0.3474 1.11228
0.3475 1.11283
0.3476 1.11311
0.3477 1.1138
0.3478 1.1141
0.3479 1.11409
0.348 1.11435
0.3481 1.11523
0.3482 1.11595
0.3483 1.11641
0.3484 1.11585
0.3485 1.11687
0.3486 1.11702
0.3487 1.1174
0.3488 1.11775
0.3489 1.11774
0.349 1.11817
0.3491 1.11814
0.3492 1.11861
0.3493 1.11898
0.3494 1.11938
0.3495 1.11943
0.3496 1.12004
0.3497 1.12042
0.3498 1.12095
0.3499 1.12109
0.35 1.12121
0.3501 1.12129
0.3502 1.12108
0.3503 1.12174
0.3504 1.12248
0.3505 1.12246
0.3506 1.12262
0.3507 1.1229
0.3508 1.12337
0.3509 1.12375
0.351 1.12373
0.3511 1.12448
0.3512 1.12509
0.3513 1.12544
0.3514 1.12575
0.3515 1.12586
0.3516 1.12632
0.3517 1.12644
0.3518 1.12689
0.3519 1.12681
0.352 1.12701
0.3521 1.12748
0.3522 1.12759
0.3523 1.12853
0.3524 1.12831
0.3525 1.12892
0.3526 1.12921
0.3527 1.12972
0.3528 1.12978
0.3529 1.13022
0.353 1.13043
0.3531 1.13109
0.3532 1.13105
0.3533 1.13104
0.3534 1.13125
0.3535 1.13152
0.3536 1.13199
0.3537 1.13208
0.3538 1.13276
0.3539 1.13307
0.354 1.13322
0.3541 1.1331
0.3542 1.13355
0.3543 1.13362
0.3544 1.13417
0.3545 1.13425
0.3546 1.13427
0.3547 1.13453
0.3548 1.13492
0.3549 1.1354
0.355 1.13578
0.3551 1.13569
0.3552 1.13601
0.3553 1.13619
0.3554 1.13651
0.3555 1.13708
0.3556 1.13723
0.3557 1.13749
0.3558 1.13781
0.3559 1.13834
0.356 1.1386
0.3561 1.13866
0.3562 1.13904
0.3563 1.13945
0.3564 1.13953
0.3565 1.13907
0.3566 1.13955
0.3567 1.13972
0.3568 1.14029
0.3569 1.14044
0.357 1.14044
0.3571 1.14076
0.3572 1.14131
0.3573 1.14143
0.3574 1.14139
0.3575 1.14128
0.3576 1.14166
0.3577 1.14226
0.3578 1.14237
0.3579 1.14219
0.358 1.14276
0.3581 1.14314
0.3582 1.14357
0.3583 1.1441
0.3584 1.14417
0.3585 1.1444
0.3586 1.14472
0.3587 1.14522
0.3588 1.14603
0.3589 1.14611
0.359 1.14668
0.3591 1.14669
0.3592 1.14704
0.3593 1.14789
0.3594 1.14876
0.3595 1.14903
0.3596 1.14949
0.3597 1.15016
0.3598 1.15096
0.3599 1.15128
0.36 1.15138
0.3601 1.15158
0.3602 1.15205
0.3603 1.15193
0.3604 1.1522
0.3605 1.15259
0.3606 1.1528
0.3607 1.1533
0.3608 1.15422
0.3609 1.15423
0.361 1.15436
0.3611 1.15486
0.3612 1.15539
0.3613 1.15568
0.3614 1.15579
0.3615 1.15646
0.3616 1.15738
0.3617 1.15755
0.3618 1.15791
0.3619 1.15829
0.362 1.15863
0.3621 1.15915
0.3622 1.15917
0.3623 1.15941
0.3624 1.15983
0.3625 1.16024
0.3626 1.16022
0.3627 1.16062
0.3628 1.16056
0.3629 1.16037
0.363 1.16064
0.3631 1.16046
0.3632 1.16062
0.3633 1.16074
0.3634 1.16169
0.3635 1.16194
0.3636 1.16239
0.3637 1.1622
0.3638 1.16233
0.3639 1.1622
0.364 1.16173
0.3641 1.16203
0.3642 1.16232
0.3643 1.16266
0.3644 1.16226
0.3645 1.16293
0.3646 1.16347
0.3647 1.16384
0.3648 1.16416
0.3649 1.16466
0.365 1.16517
0.3651 1.16551
0.3652 1.16584
0.3653 1.16575
0.3654 1.16534
0.3655 1.1654
0.3656 1.1661
0.3657 1.16688
0.3658 1.16706
0.3659 1.16721
0.366 1.16791
0.3661 1.16841
0.3662 1.16857
0.3663 1.16914
0.3664 1.16939
0.3665 1.16934
0.3666 1.16956
0.3667 1.17005
0.3668 1.17026
0.3669 1.17001
0.367 1.17066
0.3671 1.17086
0.3672 1.17046
0.3673 1.1708
0.3674 1.17122
0.3675 1.17158
0.3676 1.17174
0.3677 1.17217
0.3678 1.17286
0.3679 1.17358
0.368 1.17396
0.3681 1.17467
0.3682 1.17483
0.3683 1.17553
0.3684 1.17635
0.3685 1.17719
0.3686 1.17771
0.3687 1.17777
0.3688 1.17807
0.3689 1.17876
0.369 1.17909
0.3691 1.1793
0.3692 1.17977
0.3693 1.18012
0.3694 1.1799
0.3695 1.17974
0.3696 1.1793
0.3697 1.17955
0.3698 1.17984
0.3699 1.18085
0.37 1.18107
0.3701 1.18155
0.3702 1.18192
0.3703 1.18219
0.3704 1.18254
0.3705 1.18328
0.3706 1.18358
0.3707 1.18391
0.3708 1.1842
0.3709 1.18483
0.371 1.18463
0.3711 1.18476
0.3712 1.18507
0.3713 1.18561
0.3714 1.18562
0.3715 1.18576
0.3716 1.18604
0.3717 1.18577
0.3718 1.18649
0.3719 1.18633
0.372 1.18706
0.3721 1.18728
0.3722 1.18783
0.3723 1.18791
0.3724 1.18827
0.3725 1.18815
0.3726 1.18858
0.3727 1.18938
0.3728 1.19008
0.3729 1.19057
0.373 1.19073
0.3731 1.19139
0.3732 1.19179
0.3733 1.1919
0.3734 1.19243
0.3735 1.19287
0.3736 1.19314
0.3737 1.19362
0.3738 1.19378
0.3739 1.19424
0.374 1.19497
0.3741 1.19472
0.3742 1.1952
0.3743 1.19544
0.3744 1.19554
0.3745 1.19607
0.3746 1.19647
0.3747 1.19688
0.3748 1.19695
0.3749 1.19745
0.375 1.19731
0.3751 1.19741
0.3752 1.19747
0.3753 1.19823
0.3754 1.19855
0.3755 1.19903
0.3756 1.19902
0.3757 1.19941
0.3758 1.19969
0.3759 1.19972
0.376 1.20076
0.3761 1.20111
0.3762 1.20152
0.3763 1.20175
0.3764 1.20226
0.3765 1.20247
0.3766 1.2028
0.3767 1.20301
0.3768 1.20281
0.3769 1.20313
0.377 1.20344
0.3771 1.20432
0.3772 1.20462
0.3773 1.20543
0.3774 1.20573
0.3775 1.20625
0.3776 1.2066
0.3777 1.20634
0.3778 1.20669
0.3779 1.20727
0.378 1.2074
0.3781 1.20785
0.3782 1.20804
0.3783 1.20882
0.3784 1.20926
0.3785 1.20941
0.3786 1.20998
0.3787 1.20991
0.3788 1.21009
0.3789 1.21028
0.379 1.21082
0.3791 1.21106
0.3792 1.2116
0.3793 1.21208
0.3794 1.21241
0.3795 1.21223
0.3796 1.21261
0.3797 1.21333
0.3798 1.21414
0.3799 1.21419
0.38 1.21428
0.3801 1.21458
0.3802 1.21567
0.3803 1.21573
0.3804 1.21615
0.3805 1.21638
0.3806 1.21688
0.3807 1.21712
0.3808 1.21757
0.3809 1.21773
0.381 1.21785
0.3811 1.21867
0.3812 1.2187
0.3813 1.2187
0.3814 1.21906
0.3815 1.21943
0.3816 1.21993
0.3817 1.22045
0.3818 1.22098
0.3819 1.22186
0.382 1.22208
0.3821 1.22246
0.3822 1.22329
0.3823 1.22315
0.3824 1.22322
0.3825 1.2236
0.3826 1.22384
0.3827 1.22394
0.3828 1.22397
0.3829 1.22416
0.383 1.2242
0.3831 1.22453
0.3832 1.22503
0.3833 1.22519
0.3834 1.22581
0.3835 1.22689
0.3836 1.22701
0.3837 1.22741
0.3838 1.22764
0.3839 1.22813
0.384 1.22869
0.3841 1.22844
0.3842 1.22919
0.3843 1.2291
0.3844 1.22964
0.3845 1.2303
0.3846 1.2301
0.3847 1.22999
0.3848 1.23036
0.3849 1.23054
0.385 1.23151
0.3851 1.23217
0.3852 1.23196
0.3853 1.23249
0.3854 1.23275
0.3855 1.23326
0.3856 1.23323
0.3857 1.23363
0.3858 1.23405
0.3859 1.23461
0.386 1.23434
0.3861 1.23473
0.3862 1.23522
0.3863 1.23567
0.3864 1.23576
0.3865 1.23572
0.3866 1.23601
0.3867 1.23613
0.3868 1.23654
0.3869 1.23653
0.387 1.23678
0.3871 1.2373
0.3872 1.23754
0.3873 1.23839
0.3874 1.23904
0.3875 1.23929
0.3876 1.23932
0.3877 1.2396
0.3878 1.2398
0.3879 1.24021
0.388 1.24064
0.3881 1.24111
0.3882 1.24129
0.3883 1.24158
0.3884 1.24195
0.3885 1.24237
0.3886 1.24237
0.3887 1.24265
0.3888 1.24305
0.3889 1.24321
0.389 1.24397
0.3891 1.24454
0.3892 1.24523
0.3893 1.24578
0.3894 1.24551
0.3895 1.24579
0.3896 1.24611
0.3897 1.24616
0.3898 1.24629
0.3899 1.24697
0.39 1.24756
0.3901 1.24808
0.3902 1.24824
0.3903 1.24866
0.3904 1.24937
0.3905 1.24963
0.3906 1.25002
0.3907 1.25079
0.3908 1.25088
0.3909 1.25116
0.391 1.25116
0.3911 1.25068
0.3912 1.25089
0.3913 1.2513
0.3914 1.252
0.3915 1.25244
0.3916 1.25288
0.3917 1.25319
0.3918 1.25428
0.3919 1.25447
0.392 1.25467
0.3921 1.25508
0.3922 1.25568
0.3923 1.25641
0.3924 1.25642
0.3925 1.25716
0.3926 1.25756
0.3927 1.25778
0.3928 1.25862
0.3929 1.25896
0.393 1.25934
0.3931 1.25986
0.3932 1.26013
0.3933 1.26032
0.3934 1.2608
0.3935 1.26092
0.3936 1.2608
0.3937 1.26067
0.3938 1.26104
0.3939 1.26079
0.394 1.26059
0.3941 1.26103
0.3942 1.26195
0.3943 1.26177
0.3944 1.2619
0.3945 1.26166
0.3946 1.26171
0.3947 1.26186
0.3948 1.26253
0.3949 1.26232
0.395 1.26234
0.3951 1.26265
0.3952 1.26267
0.3953 1.26343
0.3954 1.26373
0.3955 1.26405
0.3956 1.26429
0.3957 1.26464
0.3958 1.26515
0.3959 1.26566
0.396 1.26601
0.3961 1.26614
0.3962 1.26568
0.3963 1.26592
0.3964 1.26565
0.3965 1.26634
0.3966 1.2666
0.3967 1.26696
0.3968 1.26761
0.3969 1.26811
0.397 1.2687
0.3971 1.26892
0.3972 1.26901
0.3973 1.26868
0.3974 1.26908
0.3975 1.26965
0.3976 1.27009
0.3977 1.27035
0.3978 1.27111
0.3979 1.27154
0.398 1.27129
0.3981 1.27101
0.3982 1.27142
0.3983 1.27181
0.3984 1.27208
0.3985 1.27205
0.3986 1.27248
0.3987 1.27323
0.3988 1.27335
0.3989 1.27382
0.399 1.27438
0.3991 1.27522
0.3992 1.27575
0.3993 1.27597
0.3994 1.27657
0.3995 1.27699
0.3996 1.27698
0.3997 1.2771
0.3998 1.27667
0.3999 1.27726
0.4 1.27733
0.4001 1.27828
0.4002 1.27848
0.4003 1.27892
0.4004 1.27934
0.4005 1.28004
0.4006 1.28014
0.4007 1.2803
0.4008 1.28019
0.4009 1.27973
0.401 1.28011
0.4011 1.28009
0.4012 1.28109
0.4013 1.28186
0.4014 1.28205
0.4015 1.28263
0.4016 1.28245
0.4017 1.28256
0.4018 1.28309
0.4019 1.28356
0.402 1.28412
0.4021 1.2848
0.4022 1.28541
0.4023 1.28567
0.4024 1.28564
0.4025 1.28603
0.4026 1.28636
0.4027 1.28639
0.4028 1.28679
0.4029 1.28684
0.403 1.2865
0.4031 1.28709
0.4032 1.28711
0.4033 1.2875
0.4034 1.28791
0.4035 1.28883
0.4036 1.28883
0.4037 1.28935
0.4038 1.28944
0.4039 1.29002
0.404 1.2901
0.4041 1.29004
0.4042 1.29028
0.4043 1.29084
0.4044 1.29085
0.4045 1.29125
0.4046 1.29129
0.4047 1.29115
0.4048 1.29137
0.4049 1.29128
0.405 1.29222
0.4051 1.29278
0.4052 1.2927
0.4053 1.29307
0.4054 1.29352
0.4055 1.29364
0.4056 1.29395
0.4057 1.29467
0.4058 1.29534
0.4059 1.29579
0.406 1.29554
0.4061 1.2953
0.4062 1.29595
0.4063 1.29631
0.4064 1.29639
0.4065 1.2968
0.4066 1.29684
0.4067 1.29681
0.4068 1.29691
0.4069 1.2971
0.407 1.2977
0.4071 1.2977
0.4072 1.29843
0.4073 1.29918
0.4074 1.29954
0.4075 1.29995
0.4076 1.30049
0.4077 1.30099
0.4078 1.30188
0.4079 1.3023
0.408 1.30251
0.4081 1.30289
0.4082 1.30418
0.4083 1.30418
0.4084 1.30446
0.4085 1.30498
0.4086 1.30508
0.4087 1.30493
0.4088 1.30512
0.4089 1.30492
0.409 1.30551
0.4091 1.30574
0.4092 1.30587
0.4093 1.30602
0.4094 1.30625
0.4095 1.30668
0.4096 1.3069
0.4097 1.30744
0.4098 1.30742
0.4099 1.30787
0.41 1.3087
0.4101 1.30872
0.4102 1.30949
0.4103 1.30973
0.4104 1.31015
0.4105 1.31038
0.4106 1.31093
0.4107 1.31154
0.4108 1.31178
0.4109 1.3125
0.411 1.31297
0.4111 1.31303
0.4112 1.31315
0.4113 1.31314
0.4114 1.31288
0.4115 1.31304
0.4116 1.31351
0.4117 1.31345
0.4118 1.31348
0.4119 1.31368
0.412 1.31386
0.4121 1.31421
0.4122 1.3141
0.4123 1.31442
0.4124 1.31474
0.4125 1.31536
0.4126 1.31607
0.4127 1.31617
0.4128 1.31642
0.4129 1.31649
0.413 1.3171
0.4131 1.31763
0.4132 1.31757
0.4133 1.31756
0.4134 1.31811
0.4135 1.31806
0.4136 1.31831
0.4137 1.31903
0.4138 1.32
0.4139 1.32069
0.414 1.32098
0.4141 1.32119
0.4142 1.32163
0.4143 1.32273
0.4144 1.32282
0.4145 1.32308
0.4146 1.32419
0.4147 1.3241
0.4148 1.32444
0.4149 1.32537
0.415 1.32575
0.4151 1.32578
0.4152 1.32618
0.4153 1.32658
0.4154 1.32633
0.4155 1.32674
0.4156 1.32701
0.4157 1.32761
0.4158 1.32803
0.4159 1.32843
0.416 1.32866
0.4161 1.32924
0.4162 1.32981
0.4163 1.3298
0.4164 1.33096
0.4165 1.33141
0.4166 1.33177
0.4167 1.33192
0.4168 1.33235
0.4169 1.3331
0.417 1.33388
0.4171 1.33405
0.4172 1.33417
0.4173 1.33387
0.4174 1.33415
0.4175 1.3348
0.4176 1.33486
0.4177 1.3354
0.4178 1.33592
0.4179 1.33606
0.418 1.33652
0.4181 1.33719
0.4182 1.33714
0.4183 1.33775
0.4184 1.33748
0.4185 1.3377
0.4186 1.3384
0.4187 1.33861
0.4188 1.33861
0.4189 1.33935
0.419 1.33999
0.4191 1.34018
0.4192 1.34
0.4193 1.34046
0.4194 1.34112
0.4195 1.34126
0.4196 1.34161
0.4197 1.34221
0.4198 1.34239
0.4199 1.34289
0.42 1.34301
0.4201 1.34391
0.4202 1.34388
0.4203 1.34436
0.4204 1.34424
0.4205 1.34457
0.4206 1.34542
0.4207 1.34536
0.4208 1.34581
0.4209 1.34541
0.421 1.34525
0.4211 1.34576
0.4212 1.3454
0.4213 1.34565
0.4214 1.34561
0.4215 1.34627
0.4216 1.34618
0.4217 1.34612
0.4218 1.34698
0.4219 1.34728
0.422 1.34707
0.4221 1.34748
0.4222 1.34751
0.4223 1.3482
0.4224 1.34884
0.4225 1.3498
0.4226 1.34995
0.4227 1.34985
0.4228 1.35019
0.4229 1.35016
0.423 1.35068
0.4231 1.3505
0.4232 1.35065
0.4233 1.35077
0.4234 1.35111
0.4235 1.3516
0.4236 1.35213
0.4237 1.35266
0.4238 1.3528
0.4239 1.35268
0.424 1.35258
0.4241 1.35284
0.4242 1.35275
0.4243 1.3537
0.4244 1.35405
0.4245 1.35491
0.4246 1.35546
0.4247 1.35584
0.4248 1.35613
0.4249 1.35696
0.425 1.35763
0.4251 1.35813
0.4252 1.35786
0.4253 1.35802
0.4254 1.35898
0.4255 1.35933
0.4256 1.35967
0.4257 1.36036
0.4258 1.36065
0.4259 1.36122
0.426 1.36196
0.4261 1.36261
0.4262 1.36281
0.4263 1.36361
0.4264 1.36373
0.4265 1.36363
0.4266 1.36367
0.4267 1.36376
0.4268 1.36389
0.4269 1.36356
0.427 1.36402
0.4271 1.3641
0.4272 1.36504
0.4273 1.36508
0.4274 1.3656
0.4275 1.3665
0.4276 1.36659
0.4277 1.36674
0.4278 1.36693
0.4279 1.36707
0.428 1.36739
0.4281 1.36727
0.4282 1.36735
0.4283 1.36769
0.4284 1.36832
0.4285 1.36913
0.4286 1.3697
0.4287 1.36993
0.4288 1.37018
0.4289 1.37051
0.429 1.37068
0.4291 1.37084
0.4292 1.37185
0.4293 1.37254
0.4294 1.37286
0.4295 1.37307
0.4296 1.37361
0.4297 1.37369
0.4298 1.37403
0.4299 1.37421
0.43 1.37464
0.4301 1.37512
0.4302 1.37593
0.4303 1.37615
0.4304 1.37641
0.4305 1.37656
0.4306 1.37678
0.4307 1.37731
0.4308 1.37734
0.4309 1.37836
0.431 1.37899
0.4311 1.37838
0.4312 1.37856
0.4313 1.37912
0.4314 1.37938
0.4315 1.37996
0.4316 1.37973
0.4317 1.37992
0.4318 1.38011
0.4319 1.37973
0.432 1.38011
0.4321 1.38044
0.4322 1.38087
0.4323 1.38142
0.4324 1.38188
0.4325 1.38239
0.4326 1.38198
0.4327 1.38232
0.4328 1.38245
0.4329 1.3825
0.433 1.38288
0.4331 1.38256
0.4332 1.3827
0.4333 1.38347
0.4334 1.38394
0.4335 1.38391
0.4336 1.38424
0.4337 1.38474
0.4338 1.38597
0.4339 1.38614
0.434 1.3865
0.4341 1.38637
0.4342 1.38612
0.4343 1.38612
0.4344 1.38684
0.4345 1.38729
0.4346 1.38771
0.4347 1.38755
0.4348 1.38742
0.4349 1.3879
0.435 1.38818
0.4351 1.38867
0.4352 1.38911
0.4353 1.38958
0.4354 1.39003
0.4355 1.39052
0.4356 1.39121
0.4357 1.39141
0.4358 1.39147
0.4359 1.39169
0.436 1.39197
0.4361 1.39244
0.4362 1.39287
0.4363 1.39322
0.4364 1.39322
0.4365 1.39321
0.4366 1.39316
0.4367 1.39305
0.4368 1.39305
0.4369 1.39356
0.437 1.39345
0.4371 1.39418
0.4372 1.39472
0.4373 1.39489
0.4374 1.39448
0.4375 1.39483
0.4376 1.39508
0.4377 1.39495
0.4378 1.39582
0.4379 1.39668
0.438 1.39757
0.4381 1.39833
0.4382 1.39843
0.4383 1.39918
0.4384 1.39925
0.4385 1.39982
0.4386 1.40016
0.4387 1.40041
0.4388 1.40036
0.4389 1.40024
0.439 1.40149
0.4391 1.40233
0.4392 1.40298
0.4393 1.4029
0.4394 1.4027
0.4395 1.40342
0.4396 1.40332
0.4397 1.40355
0.4398 1.40366
0.4399 1.40408
0.44 1.40449
0.4401 1.4049
0.4402 1.40508
0.4403 1.40532
0.4404 1.40479
0.4405 1.40557
0.4406 1.40598
0.4407 1.40645
0.4408 1.40679
0.4409 1.40697
0.441 1.40725
0.4411 1.40806
0.4412 1.40866
0.4413 1.40903
0.4414 1.40929
0.4415 1.40921
0.4416 1.40984
0.4417 1.41009
0.4418 1.41051
0.4419 1.41063
0.442 1.41082
0.4421 1.41116
0.4422 1.41187
0.4423 1.41246
0.4424 1.41259
0.4425 1.41247
0.4426 1.41268
0.4427 1.4134
0.4428 1.41396
0.4429 1.41465
0.443 1.41513
0.4431 1.41563
0.4432 1.41608
0.4433 1.41703
0.4434 1.41719
0.4435 1.41742
0.4436 1.41808
0.4437 1.41848
0.4438 1.41878
0.4439 1.41907
0.444 1.41939
0.4441 1.41964
0.4442 1.4197
0.4443 1.41996
0.4444 1.42044
0.4445 1.42045
0.4446 1.42081
0.4447 1.42099
0.4448 1.42106
0.4449 1.42126
0.445 1.42151
0.4451 1.42121
0.4452 1.42119
0.4453 1.42114
0.4454 1.42124
0.4455 1.42123
0.4456 1.42199
0.4457 1.42247
0.4458 1.42287
0.4459 1.42285
0.446 1.4229
0.4461 1.42337
0.4462 1.42339
0.4463 1.42389
0.4464 1.42414
0.4465 1.42435
0.4466 1.42453
0.4467 1.42499
0.4468 1.42497
0.4469 1.42523
0.447 1.42525
0.4471 1.42536
0.4472 1.42545
0.4473 1.42503
0.4474 1.42545
0.4475 1.42568
0.4476 1.42591
0.4477 1.42609
0.4478 1.42588
0.4479 1.426
0.448 1.42601
0.4481 1.42634
0.4482 1.4263
0.4483 1.42728
0.4484 1.42826
0.4485 1.42889
0.4486 1.42922
0.4487 1.42933
0.4488 1.42967
0.4489 1.43034
0.449 1.43078
0.4491 1.43063
0.4492 1.43053
0.4493 1.43088
0.4494 1.43138
0.4495 1.43171
0.4496 1.43207
0.4497 1.43276
0.4498 1.43302
0.4499 1.43233
0.45 1.4326
0.4501 1.43293
0.4502 1.43339
0.4503 1.4336
0.4504 1.43341
0.4505 1.43327
0.4506 1.43336
0.4507 1.43401
0.4508 1.43429
0.4509 1.43527
0.451 1.43554
0.4511 1.43567
0.4512 1.43633
0.4513 1.43611
0.4514 1.43633
0.4515 1.43606
0.4516 1.43593
0.4517 1.43659
0.4518 1.4365
0.4519 1.43715
0.452 1.43795
0.4521 1.43831
0.4522 1.43857
0.4523 1.43882
0.4524 1.43895
0.4525 1.43916
0.4526 1.43945
0.4527 1.43935
0.4528 1.44001
0.4529 1.44005
0.453 1.44041
0.4531 1.44156
0.4532 1.44187
0.4533 1.44219
0.4534 1.44207
0.4535 1.44308
0.4536 1.44363
0.4537 1.44362
0.4538 1.44388
0.4539 1.44334
0.454 1.44347
0.4541 1.44375
0.4542 1.444
0.4543 1.44432
0.4544 1.44447
0.4545 1.44508
0.4546 1.44565
0.4547 1.44576
0.4548 1.4456
0.4549 1.44573
0.455 1.44671
0.4551 1.44697
0.4552 1.44737
0.4553 1.44779
0.4554 1.44809
0.4555 1.44909
0.4556 1.44893
0.4557 1.44985
0.4558 1.45029
0.4559 1.45058
0.456 1.45056
0.4561 1.45028
0.4562 1.45076
0.4563 1.45098
0.4564 1.45133
0.4565 1.45159
0.4566 1.45192
0.4567 1.45185
0.4568 1.45222
0.4569 1.45258
0.457 1.45312
0.4571 1.45303
0.4572 1.45242
0.4573 1.45298
0.4574 1.45332
0.4575 1.45333
0.4576 1.45368
0.4577 1.45421
0.4578 1.45522
0.4579 1.45529
0.458 1.45593
0.4581 1.45663
0.4582 1.45646
0.4583 1.45623
0.4584 1.45658
0.4585 1.45667
0.4586 1.45708
0.4587 1.45736
0.4588 1.45747
0.4589 1.45752
0.459 1.45837
0.4591 1.45899
0.4592 1.45978
0.4593 1.46018
0.4594 1.46097
0.4595 1.46104
0.4596 1.46078
0.4597 1.46134
0.4598 1.46144
0.4599 1.46159
0.46 1.46186
0.4601 1.46213
0.4602 1.46267
0.4603 1.46303
0.4604 1.46366
0.4605 1.46382
0.4606 1.46338
0.4607 1.46358
0.4608 1.46365
0.4609 1.46389
0.461 1.4641
0.4611 1.46414
0.4612 1.46431
0.4613 1.46429
0.4614 1.4644
0.4615 1.46485
0.4616 1.46505
0.4617 1.46567
0.4618 1.46603
0.4619 1.46606
0.462 1.46622
0.4621 1.46646
0.4622 1.46699
0.4623 1.46755
0.4624 1.46789
0.4625 1.46832
0.4626 1.46823
0.4627 1.46862
0.4628 1.46849
0.4629 1.46874
0.463 1.46853
0.4631 1.46911
0.4632 1.46916
0.4633 1.47002
0.4634 1.47027
0.4635 1.47011
0.4636 1.4705
0.4637 1.47076
0.4638 1.4705
0.4639 1.47076
0.464 1.47149
0.4641 1.47204
0.4642 1.47208
0.4643 1.47316
0.4644 1.47272
0.4645 1.47363
0.4646 1.47379
0.4647 1.4743
0.4648 1.47469
0.4649 1.47549
0.465 1.47524
0.4651 1.47506
0.4652 1.47536
0.4653 1.47536
0.4654 1.47524
0.4655 1.47576
0.4656 1.4762
0.4657 1.47632
0.4658 1.47645
0.4659 1.47705
0.466 1.47689
0.4661 1.47711
0.4662 1.47749
0.4663 1.47772
0.4664 1.47809
0.4665 1.47832
0.4666 1.47812
0.4667 1.47796
0.4668 1.47844
0.4669 1.47802
0.467 1.47817
0.4671 1.4787
0.4672 1.47918
0.4673 1.47934
0.4674 1.47952
0.4675 1.48072
0.4676 1.48108
0.4677 1.48113
0.4678 1.48158
0.4679 1.48183
0.468 1.48289
0.4681 1.4834
0.4682 1.48386
0.4683 1.48422
0.4684 1.48444
0.4685 1.4845
0.4686 1.48475
0.4687 1.48442
0.4688 1.48492
0.4689 1.48518
0.469 1.4854
0.4691 1.48578
0.4692 1.48627
0.4693 1.48682
0.4694 1.48681
0.4695 1.48678
0.4696 1.4868
0.4697 1.48739
0.4698 1.48709
0.4699 1.4869
0.47 1.48755
0.4701 1.48754
0.4702 1.48777
0.4703 1.4873
0.4704 1.4872
0.4705 1.48711
0.4706 1.48739
0.4707 1.48769
0.4708 1.48785
0.4709 1.48842
0.471 1.4885
0.4711 1.48917
0.4712 1.48949
0.4713 1.48916
0.4714 1.48955
0.4715 1.49031
0.4716 1.49034
0.4717 1.49012
0.4718 1.49064
0.4719 1.49101
0.472 1.49074
0.4721 1.49097
0.4722 1.49096
0.4723 1.49119
0.4724 1.49116
0.4725 1.49161
0.4726 1.49165
0.4727 1.49214
0.4728 1.49196
0.4729 1.49177
0.473 1.49168
0.4731 1.49173
0.4732 1.49176
0.4733 1.49173
0.4734 1.49193
0.4735 1.49296
0.4736 1.49389
0.4737 1.49393
0.4738 1.49412
0.4739 1.49463
0.474 1.49473
0.4741 1.49469
0.4742 1.49464
0.4743 1.49465
0.4744 1.49522
0.4745 1.49635
0.4746 1.49665
0.4747 1.49704
0.4748 1.49741
0.4749 1.49857
0.475 1.49883
0.4751 1.49889
0.4752 1.49952
0.4753 1.49934
0.4754 1.5006
0.4755 1.50069
0.4756 1.50139
0.4757 1.50144
0.4758 1.50195
0.4759 1.50222
0.476 1.50291
0.4761 1.50343
0.4762 1.50341
0.4763 1.50359
0.4764 1.5037
0.4765 1.50385
0.4766 1.50418
0.4767 1.50442
0.4768 1.50455
0.4769 1.50488
0.477 1.50534
0.4771 1.50554
0.4772 1.50604
0.4773 1.50644
0.4774 1.5067
0.4775 1.50666
0.4776 1.50726
0.4777 1.5074
0.4778 1.50718
0.4779 1.50731
0.478 1.50849
0.4781 1.50903
0.4782 1.50977
0.4783 1.51014
0.4784 1.51121
0.4785 1.51154
0.4786 1.5121
0.4787 1.51259
0.4788 1.51253
0.4789 1.5119
0.479 1.51237
0.4791 1.51271
0.4792 1.51312
0.4793 1.5134
0.4794 1.5142
0.4795 1.5151
0.4796 1.51549
0.4797 1.51518
0.4798 1.51543
0.4799 1.51554
0.48 1.51615
0.4801 1.51652
0.4802 1.51661
0.4803 1.51706
0.4804 1.51749
0.4805 1.51829
0.4806 1.51825
0.4807 1.51819
0.4808 1.5184
0.4809 1.5188
0.481 1.5192
0.4811 1.51913
0.4812 1.51913
0.4813 1.51933
0.4814 1.51883
0.4815 1.51904
0.4816 1.51955
0.4817 1.51945
0.4818 1.5197
0.4819 1.52032
0.482 1.52049
0.4821 1.52098
0.4822 1.52139
0.4823 1.52178
0.4824 1.52251
0.4825 1.52242
0.4826 1.52321
0.4827 1.52293
0.4828 1.52292
0.4829 1.5237
0.483 1.5241
0.4831 1.5244
0.4832 1.52464
0.4833 1.52476
0.4834 1.52574
0.4835 1.52616
0.4836 1.52689
0.4837 1.5275
0.4838 1.52729
0.4839 1.52746
0.484 1.52756
0.4841 1.52835
0.4842 1.52817
0.4843 1.52846
0.4844 1.52869
0.4845 1.52903
0.4846 1.5294
0.4847 1.52962
0.4848 1.52948
0.4849 1.52994
0.485 1.53001
0.4851 1.53055
0.4852 1.53045
0.4853 1.53083
0.4854 1.53108
0.4855 1.53133
0.4856 1.53189
0.4857 1.53192
0.4858 1.5324
0.4859 1.53266
0.486 1.53269
0.4861 1.53337
0.4862 1.53345
0.4863 1.53337
0.4864 1.53351
0.4865 1.53379
0.4866 1.53404
0.4867 1.53401
0.4868 1.53431
0.4869 1.53461
0.487 1.53511
0.4871 1.5354
0.4872 1.53566
0.4873 1.53593
0.4874 1.53601
0.4875 1.53618
0.4876 1.53671
0.4877 1.5371
0.4878 1.5376
0.4879 1.5375
0.488 1.53822
0.4881 1.53848
0.4882 1.53909
0.4883 1.5387
0.4884 1.53869
0.4885 1.539
0.4886 1.53876
0.4887 1.53922
0.4888 1.53989
0.4889 1.54018
0.489 1.54082
0.4891 1.54095
0.4892 1.54096
0.4893 1.54093
0.4894 1.54135
0.4895 1.54083
0.4896 1.54095
0.4897 1.54122
0.4898 1.54167
0.4899 1.54212
0.49 1.54246
0.4901 1.54267
0.4902 1.54304
0.4903 1.54316
0.4904 1.54311
0.4905 1.54313
0.4906 1.5439
0.4907 1.54368
0.4908 1.54397
0.4909 1.54449
0.491 1.54472
