0 0
0.0001 0.000398668
0.0002 0.000796301
0.0003 0.00120091
0.0004 0.00158847
0.0005 0.00197672
0.0006 0.0023724
0.0007 0.00276453
0.0008 0.00315503
0.0009 0.00354225
0.001 0.00393985
0.0011 0.00433824
0.0012 0.00472573
0.0013 0.00516947
0.0014 0.00562084
0.0015 0.00601048
0.0016 0.00641635
0.0017 0.0068367
0.0018 0.00723512
0.0019 0.00761067
0.002 0.00801856
0.0021 0.00842109
0.0022 0.00885108
0.0023 0.00926687
0.0024 0.00966848
0.0025 0.0100387
0.0026 0.0104796
0.0027 0.0108943
0.0028 0.011316
0.0029 0.0117001
0.003 0.0120763
0.0031 0.0124995
0.0032 0.0129099
0.0033 0.0133109
0.0034 0.0137376
0.0035 0.0140616
0.0036 0.0144914
0.0037 0.0149712
0.0038 0.0153556
0.0039 0.0157077
0.004 0.0161547
0.0041 0.0165026
0.0042 0.0168993
0.0043 0.0173483
0.0044 0.0177288
0.0045 0.0181824
0.0046 0.0186029
0.0047 0.0190422
0.0048 0.0194565
0.0049 0.0199163
0.005 0.0203594
0.0051 0.0207631
0.0052 0.0211578
0.0053 0.0215705
0.0054 0.0219632
0.0055 0.0223292
0.0056 0.0226672
0.0057 0.0231045
0.0058 0.0235634
0.0059 0.0239445
0.006 0.0244732
0.0061 0.0248523
0.0062 0.0253111
0.0063 0.0257122
0.0064 0.0260874
0.0065 0.026471
0.0066 0.0268148
0.0067 0.0272446
0.0068 0.0276629
0.0069 0.0280829
0.007 0.0285491
0.0071 0.0289568
0.0072 0.0293187
0.0073 0.0296879
0.0074 0.030158
0.0075 0.0305723
0.0076 0.030995
0.0077 0.0314084
0.0078 0.031859
0.0079 0.0321963
0.008 0.0326345
0.0081 0.0331317
0.0082 0.0335206
0.0083 0.0338162
0.0084 0.0342972
0.0085 0.0346923
0.0086 0.0350991
0.0087 0.0355296
0.0088 0.0359575
0.0089 0.0363651
0.009 0.0367613
0.0091 0.0370501
0.0092 0.0374867
0.0093 0.0378732
0.0094 0.0383445
0.0095 0.0387497
0.0096 0.0391839
0.0097 0.0396755
0.0098 0.0400911
0.0099 0.0405027
0.01 0.0409798
0.0101 0.0414336
0.0102 0.0418477
0.0103 0.0422922
0.0104 0.0426067
0.0105 0.0429621
0.0106 0.0433554
0.0107 0.0437184
0.0108 0.0440441
0.0109 0.0443575
0.011 0.0447406
0.0111 0.0450533
0.0112 0.0453696
0.0113 0.0457502
0.0114 0.0462114
0.0115 0.0467558
0.0116 0.047211
0.0117 0.0476691
0.0118 0.0482406
0.0119 0.0485591
0.012 0.0488602
0.0121 0.049303
0.0122 0.0496047
0.0123 0.0500018
0.0124 0.0503419
0.0125 0.0507802
0.0126 0.0511782
0.0127 0.0515852
0.0128 0.0518935
0.0129 0.0522416
0.013 0.052738
0.0131 0.0531887
0.0132 0.0535196
0.0133 0.0540381
0.0134 0.0543539
0.0135 0.0546665
0.0136 0.0550718
0.0137 0.0554665
0.0138 0.0557566
0.0139 0.0561013
0.014 0.0565841
0.0141 0.0569857
0.0142 0.0573858
0.0143 0.057644
0.0144 0.0580778
0.0145 0.0585313
0.0146 0.0588685
0.0147 0.0593182
0.0148 0.0597658
0.0149 0.0600742
0.015 0.0604637
0.0151 0.0608156
0.0152 0.0612475
0.0153 0.061537
0.0154 0.0619651
0.0155 0.0625121
0.0156 0.0630548
0.0157 0.0633955
0.0158 0.0637548
0.0159 0.0640284
0.016 0.0642656
0.0161 0.0647582
0.0162 0.065193
0.0163 0.0655685
0.0164 0.0659909
0.0165 0.0663985
0.0166 0.0668155
0.0167 0.067166
0.0168 0.067538
0.0169 0.0679191
0.017 0.0683572
0.0171 0.0687085
0.0172 0.0690723
0.0173 0.0694416
0.0174 0.0698969
0.0175 0.0703094
0.0176 0.0708179
0.0177 0.0713071
0.0178 0.0718465
0.0179 0.0722298
0.018 0.0726932
0.0181 0.0730781
0.0182 0.0734864
0.0183 0.0738547
0.0184 0.074137
0.0185 0.0744344
0.0186 0.0748823
0.0187 0.0753225
0.0188 0.0756079
0.0189 0.0759979
0.019 0.0764847
0.0191 0.0769347
0.0192 0.0773059
0.0193 0.0777036
0.0194 0.078025
0.0195 0.0784259
0.0196 0.0787819
0.0197 0.0792502
0.0198 0.0795037
0.0199 0.0798651
0.02 0.0802894
0.0201 0.0808072
0.0202 0.0811875
0.0203 0.0816625
0.0204 0.0818964
0.0205 0.0823404
0.0206 0.0826903
0.0207 0.082986
0.0208 0.0834435
0.0209 0.0837926
0.021 0.084108
0.0211 0.0844545
0.0212 0.0848947
0.0213 0.0853628
0.0214 0.0858833
0.0215 0.086154
0.0216 0.0864792
0.0217 0.0869537
0.0218 0.0872926
0.0219 0.0876131
0.022 0.0880575
0.0221 0.0883562
0.0222 0.0887566
0.0223 0.0890414
0.0224 0.089432
0.0225 0.0897201
0.0226 0.0900342
0.0227 0.0903624
0.0228 0.0908546
0.0229 0.0912054
0.023 0.0915763
0.0231 0.0918225
0.0232 0.092325
0.0233 0.0927955
0.0234 0.0929884
0.0235 0.093319
0.0236 0.0937094
0.0237 0.0941493
0.0238 0.0947153
0.0239 0.0951662
0.024 0.095563
0.0241 0.0957739
0.0242 0.0962402
0.0243 0.0965713
0.0244 0.0969511
0.0245 0.0973816
0.0246 0.0978572
0.0247 0.0982693
0.0248 0.0987343
0.0249 0.0990875
0.025 0.09935
0.0251 0.0996733
0.0252 0.0999754
0.0253 0.100226
0.0254 0.100545
0.0255 0.101124
0.0256 0.101544
0.0257 0.101813
0.0258 0.102174
0.0259 0.102451
0.026 0.102692
0.0261 0.102978
0.0262 0.103249
0.0263 0.103596
0.0264 0.103928
0.0265 0.104211
0.0266 0.104436
0.0267 0.104763
0.0268 0.105174
0.0269 0.105726
0.027 0.106211
0.0271 0.106691
0.0272 0.10706
0.0273 0.107459
0.0274 0.107935
0.0275 0.10835
0.0276 0.108893
0.0277 0.109144
0.0278 0.109602
0.0279 0.109918
0.028 0.110409
0.0281 0.110729
0.0282 0.111011
0.0283 0.111406
0.0284 0.111865
0.0285 0.112301
0.0286 0.11265
0.0287 0.113037
0.0288 0.11342
0.0289 0.113819
0.029 0.114199
0.0291 0.114724
0.0292 0.115062
0.0293 0.115253
0.0294 0.115533
0.0295 0.115662
0.0296 0.116067
0.0297 0.116486
0.0298 0.116908
0.0299 0.117162
0.03 0.117579
0.0301 0.11805
0.0302 0.118394
0.0303 0.118857
0.0304 0.119262
0.0305 0.119512
0.0306 0.119804
0.0307 0.120077
0.0308 0.120446
0.0309 0.120748
0.031 0.121123
0.0311 0.121444
0.0312 0.121827
0.0313 0.12218
0.0314 0.122664
0.0315 0.123038
0.0316 0.123184
0.0317 0.123544
0.0318 0.12388
0.0319 0.124175
0.032 0.124357
0.0321 0.124842
0.0322 0.12532
0.0323 0.125713
0.0324 0.126128
0.0325 0.126388
0.0326 0.126795
0.0327 0.127326
0.0328 0.12773
0.0329 0.128199
0.033 0.128627
0.0331 0.129137
0.0332 0.12948
0.0333 0.12989
0.0334 0.130236
0.0335 0.130587
0.0336 0.13107
0.0337 0.131323
0.0338 0.13158
0.0339 0.131883
0.034 0.132291
0.0341 0.132641
0.0342 0.133023
0.0343 0.133413
0.0344 0.133816
0.0345 0.134085
0.0346 0.134435
0.0347 0.134845
0.0348 0.135192
0.0349 0.135463
0.035 0.135876
0.0351 0.136307
0.0352 0.13674
0.0353 0.137213
0.0354 0.137468
0.0355 0.137899
0.0356 0.138346
0.0357 0.138737
0.0358 0.139078
0.0359 0.13939
0.036 0.139838
0.0361 0.140181
0.0362 0.140482
0.0363 0.140608
0.0364 0.140883
0.0365 0.141185
0.0366 0.14165
0.0367 0.141843
0.0368 0.142161
0.0369 0.142491
0.037 0.142828
0.0371 0.143153
0.0372 0.143502
0.0373 0.143937
0.0374 0.144243
0.0375 0.144492
0.0376 0.144859
0.0377 0.14521
0.0378 0.145613
0.0379 0.145863
0.038 0.146044
0.0381 0.1464
0.0382 0.146735
0.0383 0.146986
0.0384 0.147315
0.0385 0.147635
0.0386 0.147906
0.0387 0.148105
0.0388 0.148372
0.0389 0.148741
0.039 0.149067
0.0391 0.14939
0.0392 0.149672
0.0393 0.15013
0.0394 0.15056
0.0395 0.150862
0.0396 0.151301
0.0397 0.151695
0.0398 0.151883
0.0399 0.152217
0.04 0.152521
0.0401 0.152939
0.0402 0.153163
0.0403 0.153354
0.0404 0.15367
0.0405 0.154124
0.0406 0.154593
0.0407 0.154952
0.0408 0.155086
0.0409 0.155494
0.041 0.155818
0.0411 0.156077
0.0412 0.156467
0.0413 0.156978
0.0414 0.157203
0.0415 0.157346
0.0416 0.15779
0.0417 0.158174
0.0418 0.158479
0.0419 0.159044
0.042 0.159423
0.0421 0.15987
0.0422 0.160373
0.0423 0.16061
0.0424 0.16076
0.0425 0.16105
0.0426 0.161301
0.0427 0.161768
0.0428 0.162363
0.0429 0.162725
0.043 0.162831
0.0431 0.163096
0.0432 0.163315
0.0433 0.163634
0.0434 0.163934
0.0435 0.164147
0.0436 0.164526
0.0437 0.164889
0.0438 0.165174
0.0439 0.16539
0.044 0.165717
0.0441 0.16593
0.0442 0.166187
0.0443 0.166467
0.0444 0.166794
0.0445 0.167324
0.0446 0.167703
0.0447 0.168071
0.0448 0.168547
0.0449 0.16883
0.045 0.169388
0.0451 0.169778
0.0452 0.170083
0.0453 0.170215
0.0454 0.170516
0.0455 0.170689
0.0456 0.171129
0.0457 0.171555
0.0458 0.172064
0.0459 0.172357
0.046 0.172689
0.0461 0.173041
0.0462 0.173332
0.0463 0.173555
0.0464 0.173952
0.0465 0.174149
0.0466 0.174333
0.0467 0.174769
0.0468 0.175131
0.0469 0.175608
0.047 0.175897
0.0471 0.176229
0.0472 0.17646
0.0473 0.176807
0.0474 0.177145
0.0475 0.177462
0.0476 0.177694
0.0477 0.177963
0.0478 0.178322
0.0479 0.178706
0.048 0.179113
0.0481 0.179809
0.0482 0.180184
0.0483 0.180609
0.0484 0.181023
0.0485 0.181363
0.0486 0.181728
0.0487 0.182111
0.0488 0.182515
0.0489 0.182747
0.049 0.183208
0.0491 0.183717
0.0492 0.184075
0.0493 0.184369
0.0494 0.184576
0.0495 0.184809
0.0496 0.185191
0.0497 0.18565
0.0498 0.185883
0.0499 0.186065
0.05 0.186473
0.0501 0.186727
0.0502 0.187297
0.0503 0.187675
0.0504 0.187938
0.0505 0.188251
0.0506 0.188538
0.0507 0.189211
0.0508 0.189724
0.0509 0.189872
0.051 0.190052
0.0511 0.190472
0.0512 0.190649
0.0513 0.190755
0.0514 0.191091
0.0515 0.191586
0.0516 0.192063
0.0517 0.192214
0.0518 0.192552
0.0519 0.192866
0.052 0.193341
0.0521 0.193946
0.0522 0.194094
0.0523 0.194518
0.0524 0.194924
0.0525 0.195254
0.0526 0.195363
0.0527 0.195775
0.0528 0.196072
0.0529 0.196403
0.053 0.196893
0.0531 0.197313
0.0532 0.197526
0.0533 0.197966
0.0534 0.198234
0.0535 0.198585
0.0536 0.198799
0.0537 0.199277
0.0538 0.199479
0.0539 0.199708
0.054 0.200252
0.0541 0.200624
0.0542 0.200927
0.0543 0.201251
0.0544 0.20169
0.0545 0.202123
0.0546 0.202641
0.0547 0.203064
0.0548 0.203351
0.0549 0.203897
0.055 0.204422
0.0551 0.204499
0.0552 0.204699
0.0553 0.205118
0.0554 0.205594
0.0555 0.205915
0.0556 0.206333
0.0557 0.206864
0.0558 0.207325
0.0559 0.207687
0.056 0.208276
0.0561 0.208678
0.0562 0.208809
0.0563 0.209142
0.0564 0.209337
0.0565 0.209719
0.0566 0.210076
0.0567 0.210475
0.0568 0.210749
0.0569 0.211197
0.057 0.211448
0.0571 0.211912
0.0572 0.212322
0.0573 0.212628
0.0574 0.213072
0.0575 0.213558
0.0576 0.214043
0.0577 0.214126
0.0578 0.214551
0.0579 0.214506
0.058 0.214979
0.0581 0.215372
0.0582 0.215708
0.0583 0.216047
0.0584 0.216184
0.0585 0.216467
0.0586 0.216731
0.0587 0.217201
0.0588 0.217378
0.0589 0.21776
0.059 0.217868
0.0591 0.218329
0.0592 0.218726
0.0593 0.219084
0.0594 0.219196
0.0595 0.219515
0.0596 0.220042
0.0597 0.220408
0.0598 0.220878
0.0599 0.220871
0.06 0.22105
0.0601 0.221364
0.0602 0.221785
0.0603 0.222095
0.0604 0.222556
0.0605 0.222945
0.0606 0.223195
0.0607 0.223495
0.0608 0.224008
0.0609 0.224281
0.061 0.224404
0.0611 0.224625
0.0612 0.224897
0.0613 0.225311
0.0614 0.225842
0.0615 0.226254
0.0616 0.22673
0.0617 0.226861
0.0618 0.227141
0.0619 0.227545
0.062 0.227672
0.0621 0.228135
0.0622 0.228348
0.0623 0.228633
0.0624 0.229014
0.0625 0.229571
0.0626 0.230104
0.0627 0.230589
0.0628 0.230762
0.0629 0.23116
0.063 0.231759
0.0631 0.232129
0.0632 0.232415
0.0633 0.232885
0.0634 0.233329
0.0635 0.233536
0.0636 0.233915
0.0637 0.234169
0.0638 0.234386
0.0639 0.234684
0.064 0.235187
0.0641 0.235565
0.0642 0.235943
0.0643 0.236565
0.0644 0.236845
0.0645 0.237012
0.0646 0.237287
0.0647 0.237728
0.0648 0.238021
0.0649 0.238462
0.065 0.238672
0.0651 0.239049
0.0652 0.239309
0.0653 0.23978
0.0654 0.240039
0.0655 0.240186
0.0656 0.240326
0.0657 0.240563
0.0658 0.240649
0.0659 0.241186
0.066 0.24169
0.0661 0.241916
0.0662 0.242121
0.0663 0.242344
0.0664 0.242921
0.0665 0.243152
0.0666 0.243691
0.0667 0.244007
0.0668 0.244358
0.0669 0.244636
0.067 0.245032
0.0671 0.245348
0.0672 0.245698
0.0673 0.246126
0.0674 0.246442
0.0675 0.246864
0.0676 0.247088
0.0677 0.247378
0.0678 0.24763
0.0679 0.248012
0.068 0.248471
0.0681 0.248466
0.0682 0.24875
0.0683 0.249043
0.0684 0.249305
0.0685 0.249561
0.0686 0.24996
0.0687 0.25019
0.0688 0.250366
0.0689 0.250857
0.069 0.251324
0.0691 0.251892
0.0692 0.252295
0.0693 0.252572
0.0694 0.252908
0.0695 0.253051
0.0696 0.253216
0.0697 0.253501
0.0698 0.253638
0.0699 0.254036
0.07 0.254427
0.0701 0.254712
0.0702 0.255108
0.0703 0.255138
0.0704 0.255317
0.0705 0.255573
0.0706 0.25573
0.0707 0.256087
0.0708 0.256195
0.0709 0.256584
0.071 0.257169
0.0711 0.25728
0.0712 0.257751
0.0713 0.2581
0.0714 0.258717
0.0715 0.258868
0.0716 0.259058
0.0717 0.259598
0.0718 0.259915
0.0719 0.260332
0.072 0.260772
0.0721 0.261135
0.0722 0.261741
0.0723 0.26197
0.0724 0.262156
0.0725 0.262501
0.0726 0.262924
0.0727 0.263333
0.0728 0.263663
0.0729 0.263969
0.073 0.264286
0.0731 0.264513
0.0732 0.264837
0.0733 0.264987
0.0734 0.265315
0.0735 0.265854
0.0736 0.26602
0.0737 0.266236
0.0738 0.2664
0.0739 0.266379
0.074 0.266762
0.0741 0.266868
0.0742 0.267335
0.0743 0.267543
0.0744 0.268082
0.0745 0.268206
0.0746 0.268631
0.0747 0.269017
0.0748 0.269396
0.0749 0.269874
0.075 0.270512
0.0751 0.270934
0.0752 0.27149
0.0753 0.271729
0.0754 0.272099
0.0755 0.272512
0.0756 0.272809
0.0757 0.273051
0.0758 0.273552
0.0759 0.273512
0.076 0.274079
0.0761 0.274303
0.0762 0.274261
0.0763 0.27421
0.0764 0.274414
0.0765 0.274786
0.0766 0.275106
0.0767 0.275232
0.0768 0.275641
0.0769 0.276287
0.077 0.276457
0.0771 0.276843
0.0772 0.277161
0.0773 0.277265
0.0774 0.277606
0.0775 0.278004
0.0776 0.278117
0.0777 0.278131
0.0778 0.278256
0.0779 0.278586
0.078 0.278829
0.0781 0.279174
0.0782 0.279643
0.0783 0.280051
0.0784 0.280354
0.0785 0.280887
0.0786 0.281242
0.0787 0.281501
0.0788 0.28183
0.0789 0.282176
0.079 0.282874
0.0791 0.283068
0.0792 0.283483
0.0793 0.284032
0.0794 0.284338
0.0795 0.284659
0.0796 0.284985
0.0797 0.285468
0.0798 0.285646
0.0799 0.285936
0.08 0.286178
0.0801 0.286393
0.0802 0.28709
0.0803 0.287395
0.0804 0.287929
0.0805 0.28826
0.0806 0.288476
0.0807 0.288655
0.0808 0.289032
0.0809 0.289363
0.081 0.289711
0.0811 0.289933
0.0812 0.290148
0.0813 0.290306
0.0814 0.290434
0.0815 0.290873
0.0816 0.291306
0.0817 0.291932
0.0818 0.292452
0.0819 0.292839
0.082 0.293127
0.0821 0.293497
0.0822 0.293867
0.0823 0.294116
0.0824 0.294612
0.0825 0.295014
0.0826 0.295119
0.0827 0.295467
0.0828 0.295911
0.0829 0.296175
0.083 0.296356
0.0831 0.296824
0.0832 0.297396
0.0833 0.297642
0.0834 0.29781
0.0835 0.298102
0.0836 0.298486
0.0837 0.29882
0.0838 0.299122
0.0839 0.299236
0.084 0.299743
0.0841 0.300051
0.0842 0.300618
0.0843 0.300799
0.0844 0.301241
0.0845 0.301741
0.0846 0.302151
0.0847 0.302329
0.0848 0.30274
0.0849 0.303142
0.085 0.303539
0.0851 0.304181
0.0852 0.304598
0.0853 0.304686
0.0854 0.30507
0.0855 0.305461
0.0856 0.305784
0.0857 0.306197
0.0858 0.306538
0.0859 0.307011
0.086 0.30746
0.0861 0.308333
0.0862 0.308499
0.0863 0.308741
0.0864 0.308989
0.0865 0.30917
0.0866 0.309554
0.0867 0.309735
0.0868 0.310011
0.0869 0.310276
0.087 0.310371
0.0871 0.310825
0.0872 0.311337
0.0873 0.311731
0.0874 0.31226
0.0875 0.312842
0.0876 0.313393
0.0877 0.31385
0.0878 0.314368
0.0879 0.314427
0.088 0.314696
0.0881 0.315034
0.0882 0.315503
0.0883 0.315872
0.0884 0.316119
0.0885 0.31639
0.0886 0.316461
0.0887 0.316713
0.0888 0.317161
0.0889 0.317975
0.089 0.318477
0.0891 0.318641
0.0892 0.319221
0.0893 0.319509
0.0894 0.319897
0.0895 0.320074
0.0896 0.320435
0.0897 0.320888
0.0898 0.321162
0.0899 0.321784
0.09 0.322026
0.0901 0.32209
0.0902 0.322251
0.0903 0.32243
0.0904 0.322785
0.0905 0.323009
0.0906 0.32316
0.0907 0.323445
0.0908 0.323624
0.0909 0.324234
0.091 0.324657
0.0911 0.324953
0.0912 0.325231
0.0913 0.325631
0.0914 0.325988
0.0915 0.326552
0.0916 0.326912
0.0917 0.327412
0.0918 0.3278
0.0919 0.328032
0.092 0.328611
0.0921 0.328542
0.0922 0.328976
0.0923 0.328946
0.0924 0.329252
0.0925 0.329769
0.0926 0.330111
0.0927 0.330129
0.0928 0.330455
0.0929 0.330542
0.093 0.330875
0.0931 0.331143
0.0932 0.331403
0.0933 0.331907
0.0934 0.332271
0.0935 0.332722
0.0936 0.333234
0.0937 0.333647
0.0938 0.334027
0.0939 0.334265
0.094 0.334672
0.0941 0.334678
0.0942 0.334915
0.0943 0.335371
0.0944 0.335396
0.0945 0.335593
0.0946 0.335744
0.0947 0.336272
0.0948 0.336552
0.0949 0.337047
0.095 0.337301
0.0951 0.337719
0.0952 0.337756
0.0953 0.338043
0.0954 0.338651
0.0955 0.338833
0.0956 0.339032
0.0957 0.339181
0.0958 0.339394
0.0959 0.339862
0.096 0.340084
0.0961 0.340424
0.0962 0.340898
0.0963 0.341101
0.0964 0.341274
0.0965 0.341646
0.0966 0.342223
0.0967 0.342705
0.0968 0.342918
0.0969 0.343493
0.097 0.343769
0.0971 0.344069
0.0972 0.34465
0.0973 0.345032
0.0974 0.345283
0.0975 0.345534
0.0976 0.345893
0.0977 0.345893
0.0978 0.346298
0.0979 0.346667
0.098 0.346974
0.0981 0.346824
0.0982 0.347034
0.0983 0.347129
0.0984 0.347558
0.0985 0.348119
0.0986 0.348493
0.0987 0.348964
0.0988 0.349214
0.0989 0.349542
0.099 0.349934
0.0991 0.350194
0.0992 0.35073
0.0993 0.350868
0.0994 0.351203
0.0995 0.351596
0.0996 0.351952
0.0997 0.352332
0.0998 0.352768
0.0999 0.353004
0.1 0.353166
0.1001 0.353511
0.1002 0.353792
0.1003 0.353983
0.1004 0.354384
0.1005 0.354502
0.1006 0.354825
0.1007 0.355121
0.1008 0.355126
0.1009 0.355093
0.101 0.35515
0.1011 0.355442
0.1012 0.35587
0.1013 0.356372
0.1014 0.356696
0.1015 0.356887
0.1016 0.357268
0.1017 0.357946
0.1018 0.35829
0.1019 0.358718
0.102 0.358923
0.1021 0.359127
0.1022 0.359543
0.1023 0.359947
0.1024 0.360292
0.1025 0.360489
0.1026 0.360603
0.1027 0.360789
0.1028 0.361219
0.1029 0.36166
0.103 0.361877
0.1031 0.362348
0.1032 0.362708
0.1033 0.362942
0.1034 0.362911
0.1035 0.363085
0.1036 0.363664
0.1037 0.36393
0.1038 0.364363
0.1039 0.36488
0.104 0.365237
0.1041 0.36562
0.1042 0.3661
0.1043 0.366234
0.1044 0.366672
0.1045 0.366695
0.1046 0.367001
0.1047 0.367412
0.1048 0.367365
0.1049 0.367786
0.105 0.367869
0.1051 0.36824
0.1052 0.368507
0.1053 0.368878
0.1054 0.369266
0.1055 0.36964
0.1056 0.36999
0.1057 0.370556
0.1058 0.370584
0.1059 0.371007
0.106 0.371123
0.1061 0.371361
0.1062 0.371788
0.1063 0.372181
0.1064 0.372778
0.1065 0.373079
0.1066 0.373618
0.1067 0.374116
0.1068 0.37468
0.1069 0.374931
0.107 0.375431
0.1071 0.375813
0.1072 0.376379
0.1073 0.376942
0.1074 0.377506
0.1075 0.377875
0.1076 0.378132
0.1077 0.37871
0.1078 0.379228
0.1079 0.379774
0.108 0.380465
0.1081 0.380527
0.1082 0.380825
0.1083 0.381222
0.1084 0.381515
0.1085 0.381935
0.1086 0.382057
0.1087 0.382496
0.1088 0.382851
0.1089 0.382755
0.109 0.382903
0.1091 0.383507
0.1092 0.384121
0.1093 0.384618
0.1094 0.384944
0.1095 0.385142
0.1096 0.385624
0.1097 0.386203
0.1098 0.386575
0.1099 0.3868
0.11 0.387006
0.1101 0.387344
0.1102 0.387688
0.1103 0.388112
0.1104 0.388742
0.1105 0.389012
0.1106 0.389297
0.1107 0.38935
0.1108 0.389943
0.1109 0.390024
0.111 0.390411
0.1111 0.390655
0.1112 0.39081
0.1113 0.391325
0.1114 0.391689
0.1115 0.392143
0.1116 0.392413
0.1117 0.392449
0.1118 0.39279
0.1119 0.393246
0.112 0.393813
0.1121 0.394201
0.1122 0.39435
0.1123 0.394535
0.1124 0.394962
0.1125 0.395152
0.1126 0.395626
0.1127 0.396378
0.1128 0.396422
0.1129 0.396926
0.113 0.396963
0.1131 0.397346
0.1132 0.397625
0.1133 0.398091
0.1134 0.39822
0.1135 0.398676
0.1136 0.399298
0.1137 0.3997
0.1138 0.399811
0.1139 0.39985
0.114 0.400174
0.1141 0.400645
0.1142 0.400947
0.1143 0.401149
0.1144 0.401587
0.1145 0.401768
0.1146 0.402052
0.1147 0.402569
0.1148 0.402758
0.1149 0.402568
0.115 0.402975
0.1151 0.403244
0.1152 0.403438
0.1153 0.403733
0.1154 0.404066
0.1155 0.404064
0.1156 0.404081
0.1157 0.404682
0.1158 0.404977
0.1159 0.40519
0.116 0.405776
0.1161 0.406318
0.1162 0.406552
0.1163 0.406807
0.1164 0.407198
0.1165 0.4073
0.1166 0.407767
0.1167 0.40793
0.1168 0.408462
0.1169 0.409047
0.117 0.409486
0.1171 0.409911
0.1172 0.410438
0.1173 0.410613
0.1174 0.410925
0.1175 0.411107
0.1176 0.411515
0.1177 0.411572
0.1178 0.411936
0.1179 0.412282
0.118 0.412663
0.1181 0.413156
0.1182 0.413629
0.1183 0.414034
0.1184 0.414292
0.1185 0.414748
0.1186 0.415028
0.1187 0.415665
0.1188 0.415984
0.1189 0.416218
0.119 0.416892
0.1191 0.417395
0.1192 0.417643
0.1193 0.4181
0.1194 0.418464
0.1195 0.419244
0.1196 0.419742
0.1197 0.420297
0.1198 0.420798
0.1199 0.421246
0.12 0.421497
0.1201 0.422077
0.1202 0.422258
0.1203 0.422637
0.1204 0.422913
0.1205 0.422959
0.1206 0.423183
0.1207 0.423746
0.1208 0.423975
0.1209 0.424335
0.121 0.424551
0.1211 0.425042
0.1212 0.425233
0.1213 0.425387
0.1214 0.425688
0.1215 0.426035
0.1216 0.426176
0.1217 0.426517
0.1218 0.427014
0.1219 0.427177
0.122 0.427751
0.1221 0.428008
0.1222 0.428411
0.1223 0.428779
0.1224 0.429493
0.1225 0.429871
0.1226 0.430019
0.1227 0.430374
0.1228 0.430972
0.1229 0.431228
0.123 0.431155
0.1231 0.431429
0.1232 0.432047
0.1233 0.432579
0.1234 0.432789
0.1235 0.432761
0.1236 0.433363
0.1237 0.433613
0.1238 0.43367
0.1239 0.434033
0.124 0.434423
0.1241 0.434588
0.1242 0.434943
0.1243 0.435289
0.1244 0.43547
0.1245 0.436081
0.1246 0.43634
0.1247 0.436995
0.1248 0.437279
0.1249 0.437763
0.125 0.438126
0.1251 0.438606
0.1252 0.43886
0.1253 0.439274
0.1254 0.439331
0.1255 0.439797
0.1256 0.440386
0.1257 0.440656
0.1258 0.440931
0.1259 0.441367
0.126 0.441762
0.1261 0.442132
0.1262 0.442499
0.1263 0.442663
0.1264 0.442893
0.1265 0.443278
0.1266 0.443762
0.1267 0.443923
0.1268 0.44408
0.1269 0.444505
0.127 0.445206
0.1271 0.445414
0.1272 0.445886
0.1273 0.446143
0.1274 0.446475
0.1275 0.446855
0.1276 0.446907
0.1277 0.447027
0.1278 0.447252
0.1279 0.447996
0.128 0.448571
0.1281 0.448917
0.1282 0.449286
0.1283 0.449634
0.1284 0.450018
0.1285 0.450483
0.1286 0.450757
0.1287 0.450877
0.1288 0.451033
0.1289 0.451258
0.129 0.451575
0.1291 0.451964
0.1292 0.452329
0.1293 0.452671
0.1294 0.453001
0.1295 0.453299
0.1296 0.453483
0.1297 0.453472
0.1298 0.453697
0.1299 0.454293
0.13 0.454223
0.1301 0.454576
0.1302 0.454951
0.1303 0.455275
0.1304 0.455343
0.1305 0.455618
0.1306 0.45563
0.1307 0.456266
0.1308 0.456775
0.1309 0.457309
0.131 0.45754
0.1311 0.457829
0.1312 0.458158
0.1313 0.458739
0.1314 0.459349
0.1315 0.459894
0.1316 0.459899
0.1317 0.460131
0.1318 0.460122
0.1319 0.460218
0.132 0.460301
0.1321 0.460748
0.1322 0.461
0.1323 0.461487
0.1324 0.462147
0.1325 0.46228
0.1326 0.462728
0.1327 0.462885
0.1328 0.463192
0.1329 0.463356
0.133 0.463645
0.1331 0.463901
0.1332 0.464037
0.1333 0.464359
0.1334 0.464794
0.1335 0.465274
0.1336 0.465733
0.1337 0.466195
0.1338 0.466459
0.1339 0.466649
0.134 0.466868
0.1341 0.467574
0.1342 0.468064
0.1343 0.468426
0.1344 0.468754
0.1345 0.469159
0.1346 0.469515
0.1347 0.469755
0.1348 0.470149
0.1349 0.470428
0.135 0.470878
0.1351 0.471023
0.1352 0.471559
0.1353 0.471698
0.1354 0.472315
0.1355 0.472608
0.1356 0.473113
0.1357 0.473267
0.1358 0.47358
0.1359 0.473977
0.136 0.474434
0.1361 0.474719
0.1362 0.474975
0.1363 0.475638
0.1364 0.475766
0.1365 0.476398
0.1366 0.47644
0.1367 0.476595
0.1368 0.476776
0.1369 0.477032
0.137 0.477496
0.1371 0.47773
0.1372 0.478055
0.1373 0.478379
0.1374 0.478752
0.1375 0.479337
0.1376 0.47932
0.1377 0.479654
0.1378 0.479881
0.1379 0.480369
0.138 0.48073
0.1381 0.481009
0.1382 0.481759
0.1383 0.481783
0.1384 0.482035
0.1385 0.48257
0.1386 0.482767
0.1387 0.483104
0.1388 0.483429
0.1389 0.483697
0.139 0.484496
0.1391 0.484956
0.1392 0.485331
0.1393 0.485547
0.1394 0.485708
0.1395 0.486339
0.1396 0.486607
0.1397 0.486893
0.1398 0.487452
0.1399 0.487601
0.14 0.488267
0.1401 0.488615
0.1402 0.488879
0.1403 0.489213
0.1404 0.48952
0.1405 0.489789
0.1406 0.490338
0.1407 0.49044
0.1408 0.490229
0.1409 0.4905
0.141 0.49126
0.1411 0.491718
0.1412 0.491972
0.1413 0.492474
0.1414 0.492568
0.1415 0.492623
0.1416 0.493189
0.1417 0.493734
0.1418 0.49413
0.1419 0.494368
0.142 0.495041
0.1421 0.495359
0.1422 0.495582
0.1423 0.495904
0.1424 0.496353
0.1425 0.496798
0.1426 0.497036
0.1427 0.497061
0.1428 0.497382
0.1429 0.497591
0.143 0.497873
0.1431 0.498125
0.1432 0.498713
0.1433 0.499404
0.1434 0.499884
0.1435 0.500153
0.1436 0.500224
0.1437 0.500683
0.1438 0.500855
0.1439 0.501004
0.144 0.500889
0.1441 0.501168
0.1442 0.50124
0.1443 0.501708
0.1444 0.50217
0.1445 0.502664
0.1446 0.503147
0.1447 0.50322
0.1448 0.503783
0.1449 0.504134
0.145 0.504617
0.1451 0.504544
0.1452 0.504759
0.1453 0.504974
0.1454 0.50533
0.1455 0.505906
0.1456 0.50658
0.1457 0.507128
0.1458 0.5073
0.1459 0.507418
0.146 0.507559
0.1461 0.508016
0.1462 0.508489
0.1463 0.508739
0.1464 0.508861
0.1465 0.508745
0.1466 0.509051
0.1467 0.509353
0.1468 0.509881
0.1469 0.510022
0.147 0.510594
0.1471 0.510788
0.1472 0.511153
0.1473 0.511951
0.1474 0.512495
0.1475 0.512894
0.1476 0.513213
0.1477 0.513626
0.1478 0.513751
0.1479 0.514116
0.148 0.514452
0.1481 0.514638
0.1482 0.515057
0.1483 0.515447
0.1484 0.515866
0.1485 0.516381
0.1486 0.516949
0.1487 0.5171
0.1488 0.517176
0.1489 0.517781
0.149 0.518441
0.1491 0.518943
0.1492 0.519339
0.1493 0.519538
0.1494 0.520029
0.1495 0.520876
0.1496 0.521256
0.1497 0.521743
0.1498 0.521729
0.1499 0.522171
0.15 0.522428
0.1501 0.522776
0.1502 0.522544
0.1503 0.523355
0.1504 0.523368
0.1505 0.52363
0.1506 0.523869
0.1507 0.523585
0.1508 0.523928
0.1509 0.524395
0.151 0.524857
0.1511 0.525322
0.1512 0.525637
0.1513 0.526109
0.1514 0.52635
0.1515 0.526733
0.1516 0.526928
0.1517 0.527297
0.1518 0.527488
0.1519 0.527824
0.152 0.527891
0.1521 0.527966
0.1522 0.528297
0.1523 0.528714
0.1524 0.529144
0.1525 0.52935
0.1526 0.529491
0.1527 0.52951
0.1528 0.529969
0.1529 0.529974
0.153 0.53031
0.1531 0.530777
0.1532 0.531237
0.1533 0.531373
0.1534 0.531457
0.1535 0.531732
0.1536 0.532011
0.1537 0.532043
0.1538 0.532433
0.1539 0.533149
0.154 0.533653
0.1541 0.534252
0.1542 0.534431
0.1543 0.534667
0.1544 0.534685
0.1545 0.534924
0.1546 0.535042
0.1547 0.535233
0.1548 0.535701
0.1549 0.535988
0.155 0.536224
0.1551 0.536695
0.1552 0.537039
0.1553 0.537187
0.1554 0.537456
0.1555 0.537602
0.1556 0.53817
0.1557 0.538752
0.1558 0.538765
0.1559 0.53914
0.156 0.539306
0.1561 0.53975
0.1562 0.540202
0.1563 0.540525
0.1564 0.540692
0.1565 0.541349
0.1566 0.541707
0.1567 0.542153
0.1568 0.542298
0.1569 0.542611
0.157 0.543088
0.1571 0.543282
0.1572 0.543269
0.1573 0.543599
0.1574 0.543694
0.1575 0.544106
0.1576 0.54436
0.1577 0.545024
0.1578 0.545259
0.1579 0.545836
0.158 0.545742
0.1581 0.546314
0.1582 0.546882
0.1583 0.547267
0.1584 0.547373
0.1585 0.547894
0.1586 0.548241
0.1587 0.548228
0.1588 0.548739
0.1589 0.548875
0.159 0.549129
0.1591 0.549887
0.1592 0.550169
0.1593 0.550205
0.1594 0.550526
0.1595 0.551135
0.1596 0.551534
0.1597 0.551683
0.1598 0.552129
0.1599 0.55241
0.16 0.552693
0.1601 0.552959
0.1602 0.553631
0.1603 0.553811
0.1604 0.554164
0.1605 0.554197
0.1606 0.554572
0.1607 0.554696
0.1608 0.554986
0.1609 0.555423
0.161 0.555409
0.1611 0.555861
0.1612 0.556511
0.1613 0.556894
0.1614 0.557542
0.1615 0.557673
0.1616 0.55776
0.1617 0.557826
0.1618 0.557795
0.1619 0.558318
0.162 0.558347
0.1621 0.558328
0.1622 0.558368
0.1623 0.558922
0.1624 0.559564
0.1625 0.559588
0.1626 0.559857
0.1627 0.560016
0.1628 0.560301
0.1629 0.560792
0.163 0.561487
0.1631 0.561455
0.1632 0.561867
0.1633 0.562761
0.1634 0.562717
0.1635 0.562921
0.1636 0.563024
0.1637 0.563335
0.1638 0.563712
0.1639 0.564089
0.164 0.564353
0.1641 0.564498
0.1642 0.564469
0.1643 0.564603
0.1644 0.565141
0.1645 0.565581
0.1646 0.565874
0.1647 0.566144
0.1648 0.566715
0.1649 0.567086
0.165 0.567702
0.1651 0.568119
0.1652 0.568401
0.1653 0.568607
0.1654 0.569063
0.1655 0.569195
0.1656 0.569693
0.1657 0.569794
0.1658 0.570197
0.1659 0.570645
0.166 0.57071
0.1661 0.571145
0.1662 0.571293
0.1663 0.571275
0.1664 0.571262
0.1665 0.571918
0.1666 0.572222
0.1667 0.572876
0.1668 0.573498
0.1669 0.573614
0.167 0.574353
0.1671 0.574691
0.1672 0.575128
0.1673 0.575586
0.1674 0.5756
0.1675 0.576013
0.1676 0.576457
0.1677 0.576454
0.1678 0.576921
0.1679 0.577261
0.168 0.577682
0.1681 0.578165
0.1682 0.578503
0.1683 0.578719
0.1684 0.579026
0.1685 0.579547
0.1686 0.579706
0.1687 0.579672
0.1688 0.580459
0.1689 0.580573
0.169 0.581071
0.1691 0.581243
0.1692 0.581442
0.1693 0.581665
0.1694 0.581918
0.1695 0.582001
0.1696 0.582116
0.1697 0.582594
0.1698 0.582723
0.1699 0.583316
0.17 0.58343
0.1701 0.583467
0.1702 0.583617
0.1703 0.583842
0.1704 0.584429
0.1705 0.584722
0.1706 0.585159
0.1707 0.585707
0.1708 0.586084
0.1709 0.586455
0.171 0.587094
0.1711 0.587198
0.1712 0.58764
0.1713 0.587784
0.1714 0.588078
0.1715 0.588306
0.1716 0.58923
0.1717 0.589771
0.1718 0.590037
0.1719 0.590021
0.172 0.589951
0.1721 0.590136
0.1722 0.590365
0.1723 0.590699
0.1724 0.591415
0.1725 0.591908
0.1726 0.59215
0.1727 0.59238
0.1728 0.592681
0.1729 0.592945
0.173 0.593435
0.1731 0.593817
0.1732 0.59414
0.1733 0.594295
0.1734 0.594582
0.1735 0.59475
0.1736 0.595047
0.1737 0.595284
0.1738 0.595215
0.1739 0.595274
0.174 0.596039
0.1741 0.596677
0.1742 0.596945
0.1743 0.597415
0.1744 0.597763
0.1745 0.598307
0.1746 0.59868
0.1747 0.598899
0.1748 0.599293
0.1749 0.599614
0.175 0.599994
0.1751 0.600651
0.1752 0.601234
0.1753 0.601666
0.1754 0.60189
0.1755 0.60184
0.1756 0.601972
0.1757 0.601759
0.1758 0.602271
0.1759 0.602333
0.176 0.602339
0.1761 0.602405
0.1762 0.602902
0.1763 0.603021
0.1764 0.60338
0.1765 0.603734
0.1766 0.604032
0.1767 0.60443
0.1768 0.604923
0.1769 0.605347
0.177 0.605755
0.1771 0.605947
0.1772 0.605953
0.1773 0.606192
0.1774 0.606418
0.1775 0.60662
0.1776 0.606813
0.1777 0.607021
0.1778 0.606915
0.1779 0.607322
0.178 0.607842
0.1781 0.608011
0.1782 0.608566
0.1783 0.609086
0.1784 0.609346
0.1785 0.609474
0.1786 0.609783
0.1787 0.610251
0.1788 0.610667
0.1789 0.610898
0.179 0.611498
0.1791 0.611708
0.1792 0.612046
0.1793 0.612383
0.1794 0.612905
0.1795 0.613225
0.1796 0.613658
0.1797 0.613778
0.1798 0.614671
0.1799 0.614749
0.18 0.615081
0.1801 0.615085
0.1802 0.615652
0.1803 0.616098
0.1804 0.616611
0.1805 0.617234
0.1806 0.617822
0.1807 0.617463
0.1808 0.617643
0.1809 0.618062
0.181 0.61841
0.1811 0.619093
0.1812 0.619317
0.1813 0.619442
0.1814 0.619724
0.1815 0.620273
0.1816 0.620398
0.1817 0.620603
0.1818 0.620896
0.1819 0.621094
0.182 0.620997
0.1821 0.620892
0.1822 0.621313
0.1823 0.621121
0.1824 0.621115
0.1825 0.621207
0.1826 0.62174
0.1827 0.622062
0.1828 0.6227
0.1829 0.622662
0.183 0.623155
0.1831 0.623313
0.1832 0.623454
0.1833 0.623855
0.1834 0.624852
0.1835 0.62507
0.1836 0.625269
0.1837 0.625438
0.1838 0.625467
0.1839 0.625598
0.184 0.625892
0.1841 0.625664
0.1842 0.625718
0.1843 0.626152
0.1844 0.626396
0.1845 0.626997
0.1846 0.627658
0.1847 0.627754
0.1848 0.628083
0.1849 0.628475
0.185 0.628905
0.1851 0.629212
0.1852 0.629375
0.1853 0.629716
0.1854 0.629663
0.1855 0.629873
0.1856 0.630184
0.1857 0.630217
0.1858 0.63071
0.1859 0.631319
0.186 0.631936
0.1861 0.63252
0.1862 0.633402
0.1863 0.633914
0.1864 0.634673
0.1865 0.635176
0.1866 0.635141
0.1867 0.635119
0.1868 0.63556
0.1869 0.635865
0.187 0.636173
0.1871 0.636933
0.1872 0.637046
0.1873 0.637304
0.1874 0.637429
0.1875 0.637514
0.1876 0.637735
0.1877 0.638224
0.1878 0.638855
0.1879 0.639137
0.188 0.639507
0.1881 0.639439
0.1882 0.639414
0.1883 0.639919
0.1884 0.640187
0.1885 0.640644
0.1886 0.640993
0.1887 0.641171
0.1888 0.641814
0.1889 0.642218
0.189 0.642219
0.1891 0.642049
0.1892 0.642319
0.1893 0.642581
0.1894 0.642548
0.1895 0.642981
0.1896 0.643144
0.1897 0.643439
0.1898 0.643718
0.1899 0.644025
0.19 0.644224
0.1901 0.64466
0.1902 0.644562
0.1903 0.644353
0.1904 0.64443
0.1905 0.644352
0.1906 0.644691
0.1907 0.64544
0.1908 0.64554
0.1909 0.645888
0.191 0.646178
0.1911 0.64656
0.1912 0.6466
0.1913 0.646908
0.1914 0.647195
0.1915 0.64739
0.1916 0.647854
0.1917 0.648448
0.1918 0.648534
0.1919 0.648725
0.192 0.648777
0.1921 0.649119
0.1922 0.64963
0.1923 0.649998
0.1924 0.650044
0.1925 0.650154
0.1926 0.650638
0.1927 0.650627
0.1928 0.651159
0.1929 0.651501
0.193 0.652107
0.1931 0.65237
0.1932 0.652819
0.1933 0.652804
0.1934 0.653419
0.1935 0.653719
0.1936 0.653957
0.1937 0.654331
0.1938 0.65452
0.1939 0.65492
0.194 0.65553
0.1941 0.655731
0.1942 0.656466
0.1943 0.65657
0.1944 0.656991
0.1945 0.657325
0.1946 0.657761
0.1947 0.657999
0.1948 0.65844
0.1949 0.659103
0.195 0.659518
0.1951 0.660065
0.1952 0.660259
0.1953 0.660746
0.1954 0.661166
0.1955 0.661314
0.1956 0.661798
0.1957 0.662281
0.1958 0.662472
0.1959 0.662949
0.196 0.66338
0.1961 0.663805
0.1962 0.664083
0.1963 0.664346
0.1964 0.66478
0.1965 0.665579
0.1966 0.666226
0.1967 0.666641
0.1968 0.667033
0.1969 0.667334
0.197 0.667731
0.1971 0.667943
0.1972 0.668106
0.1973 0.668308
0.1974 0.668346
0.1975 0.668943
0.1976 0.669422
0.1977 0.669641
0.1978 0.669915
0.1979 0.670401
0.198 0.670821
0.1981 0.671126
0.1982 0.671421
0.1983 0.672164
0.1984 0.672418
0.1985 0.672713
0.1986 0.673084
0.1987 0.673289
0.1988 0.673486
0.1989 0.67394
0.199 0.674257
0.1991 0.674601
0.1992 0.674679
0.1993 0.674778
0.1994 0.675589
0.1995 0.676138
0.1996 0.676491
0.1997 0.676874
0.1998 0.677115
0.1999 0.677201
0.2 0.677522
0.2001 0.677986
0.2002 0.678271
0.2003 0.678705
0.2004 0.678826
0.2005 0.678673
0.2006 0.678645
0.2007 0.678642
0.2008 0.678552
0.2009 0.679118
0.201 0.679159
0.2011 0.67954
0.2012 0.679893
0.2013 0.680186
0.2014 0.680119
0.2015 0.680223
0.2016 0.680214
0.2017 0.680644
0.2018 0.68104
0.2019 0.681622
0.202 0.68186
0.2021 0.682058
0.2022 0.682585
0.2023 0.682765
0.2024 0.682995
0.2025 0.683252
0.2026 0.68371
0.2027 0.683804
0.2028 0.68424
0.2029 0.684635
0.203 0.685314
0.2031 0.685673
0.2032 0.686306
0.2033 0.68705
0.2034 0.687566
0.2035 0.688168
0.2036 0.688083
0.2037 0.688805
0.2038 0.689118
0.2039 0.689668
0.204 0.689988
0.2041 0.690147
0.2042 0.690011
0.2043 0.690051
0.2044 0.689914
0.2045 0.689386
0.2046 0.689778
0.2047 0.689835
0.2048 0.690014
0.2049 0.690196
0.205 0.690181
0.2051 0.690458
0.2052 0.690915
0.2053 0.691072
0.2054 0.691268
0.2055 0.691515
0.2056 0.692002
0.2057 0.692569
0.2058 0.692767
0.2059 0.692834
0.206 0.693234
0.2061 0.693472
0.2062 0.693792
0.2063 0.694228
0.2064 0.694724
0.2065 0.695025
0.2066 0.695196
0.2067 0.695605
0.2068 0.695976
0.2069 0.695871
0.207 0.696633
0.2071 0.696637
0.2072 0.697069
0.2073 0.696925
0.2074 0.696875
0.2075 0.6973
0.2076 0.697454
0.2077 0.69771
0.2078 0.69798
0.2079 0.698321
0.208 0.698538
0.2081 0.698458
0.2082 0.699072
0.2083 0.699209
0.2084 0.699901
0.2085 0.700314
0.2086 0.700517
0.2087 0.700738
0.2088 0.70125
0.2089 0.701266
0.209 0.701518
0.2091 0.701752
0.2092 0.701736
0.2093 0.701784
0.2094 0.70213
0.2095 0.702675
0.2096 0.702634
0.2097 0.703003
0.2098 0.703149
0.2099 0.703473
0.21 0.703882
0.2101 0.703869
0.2102 0.704051
0.2103 0.704496
0.2104 0.704272
0.2105 0.704611
0.2106 0.704873
0.2107 0.705217
0.2108 0.70567
0.2109 0.705874
0.211 0.706547
0.2111 0.706881
0.2112 0.707129
0.2113 0.707224
0.2114 0.707467
0.2115 0.707855
0.2116 0.708498
0.2117 0.70947
0.2118 0.710201
0.2119 0.710587
0.212 0.71061
0.2121 0.711356
0.2122 0.711947
0.2123 0.712174
0.2124 0.712476
0.2125 0.712992
0.2126 0.713535
0.2127 0.713883
0.2128 0.714176
0.2129 0.714246
0.213 0.714446
0.2131 0.714792
0.2132 0.715015
0.2133 0.714956
0.2134 0.715008
0.2135 0.715676
0.2136 0.715942
0.2137 0.716392
0.2138 0.716596
0.2139 0.717301
0.214 0.717558
0.2141 0.717659
0.2142 0.717842
0.2143 0.71801
0.2144 0.718674
0.2145 0.718914
0.2146 0.719008
0.2147 0.719193
0.2148 0.719686
0.2149 0.720275
0.215 0.720648
0.2151 0.7211
0.2152 0.721437
0.2153 0.721241
0.2154 0.721465
0.2155 0.721746
0.2156 0.722055
0.2157 0.722631
0.2158 0.723198
0.2159 0.723401
0.216 0.7236
0.2161 0.723915
0.2162 0.724651
0.2163 0.724861
0.2164 0.725025
0.2165 0.725361
0.2166 0.726102
0.2167 0.726379
0.2168 0.726818
0.2169 0.727175
0.217 0.727764
0.2171 0.727747
0.2172 0.728255
0.2173 0.72865
0.2174 0.72858
0.2175 0.729064
0.2176 0.729391
0.2177 0.729584
0.2178 0.730164
0.2179 0.730773
0.218 0.731299
0.2181 0.731541
0.2182 0.731932
0.2183 0.732013
0.2184 0.732418
0.2185 0.732786
0.2186 0.732796
0.2187 0.73317
0.2188 0.733308
0.2189 0.733547
0.219 0.734237
0.2191 0.734334
0.2192 0.735394
0.2193 0.735513
0.2194 0.735749
0.2195 0.736299
0.2196 0.736629
0.2197 0.736978
0.2198 0.737788
0.2199 0.737889
0.22 0.738062
0.2201 0.738385
0.2202 0.738584
0.2203 0.73845
0.2204 0.738746
0.2205 0.739522
0.2206 0.739988
0.2207 0.74062
0.2208 0.740884
0.2209 0.741216
0.221 0.741643
0.2211 0.741912
0.2212 0.742254
0.2213 0.74195
0.2214 0.741924
0.2215 0.742143
0.2216 0.742731
0.2217 0.743185
0.2218 0.743639
0.2219 0.744164
0.222 0.744337
0.2221 0.744794
0.2222 0.744978
0.2223 0.745487
0.2224 0.74579
0.2225 0.746331
0.2226 0.746877
0.2227 0.74703
0.2228 0.747807
0.2229 0.748088
0.223 0.748587
0.2231 0.748644
0.2232 0.74957
0.2233 0.749992
0.2234 0.750352
0.2235 0.750379
0.2236 0.750985
0.2237 0.75148
0.2238 0.751788
0.2239 0.75177
0.224 0.752297
0.2241 0.75233
0.2242 0.752723
0.2243 0.753188
0.2244 0.753752
0.2245 0.754751
0.2246 0.754998
0.2247 0.755391
0.2248 0.755523
0.2249 0.755586
0.225 0.755674
0.2251 0.75582
0.2252 0.756158
0.2253 0.755963
0.2254 0.756533
0.2255 0.756865
0.2256 0.757217
0.2257 0.757842
0.2258 0.7585
0.2259 0.759097
0.226 0.759182
0.2261 0.759999
0.2262 0.76063
0.2263 0.76109
0.2264 0.761333
0.2265 0.762454
0.2266 0.762291
0.2267 0.762862
0.2268 0.763347
0.2269 0.763862
0.227 0.764038
0.2271 0.764773
0.2272 0.765367
0.2273 0.765512
0.2274 0.765812
0.2275 0.766172
0.2276 0.766485
0.2277 0.767066
0.2278 0.767352
0.2279 0.767388
0.228 0.76768
0.2281 0.767622
0.2282 0.767494
0.2283 0.76806
0.2284 0.768626
0.2285 0.768785
0.2286 0.768574
0.2287 0.76851
0.2288 0.768806
0.2289 0.769574
0.229 0.769591
0.2291 0.769869
0.2292 0.770448
0.2293 0.770696
0.2294 0.771186
0.2295 0.771881
0.2296 0.772001
0.2297 0.772143
0.2298 0.772199
0.2299 0.772308
0.23 0.772672
0.2301 0.772931
0.2302 0.773251
0.2303 0.773753
0.2304 0.773946
0.2305 0.773986
0.2306 0.774078
0.2307 0.774794
0.2308 0.775233
0.2309 0.775855
0.231 0.776504
0.2311 0.776591
0.2312 0.776774
0.2313 0.777187
0.2314 0.77738
0.2315 0.777847
0.2316 0.778315
0.2317 0.778542
0.2318 0.778786
0.2319 0.778953
0.232 0.779025
0.2321 0.779678
0.2322 0.780157
0.2323 0.78017
0.2324 0.780423
0.2325 0.780959
0.2326 0.781014
0.2327 0.781231
0.2328 0.781363
0.2329 0.781137
0.233 0.781578
0.2331 0.78172
0.2332 0.781799
0.2333 0.781792
0.2334 0.781912
0.2335 0.782061
0.2336 0.782471
0.2337 0.782487
0.2338 0.782868
0.2339 0.782622
0.234 0.782594
0.2341 0.782971
0.2342 0.783237
0.2343 0.783191
0.2344 0.783873
0.2345 0.784061
0.2346 0.784553
0.2347 0.784903
0.2348 0.78528
0.2349 0.785351
0.235 0.78567
0.2351 0.785938
0.2352 0.786104
0.2353 0.786923
0.2354 0.78761
0.2355 0.787839
0.2356 0.788356
0.2357 0.788967
0.2358 0.789274
0.2359 0.789008
0.236 0.78931
0.2361 0.789786
0.2362 0.790074
0.2363 0.79056
0.2364 0.791303
0.2365 0.791993
0.2366 0.792259
0.2367 0.793002
0.2368 0.792966
0.2369 0.793464
0.237 0.793916
0.2371 0.794524
0.2372 0.794968
0.2373 0.795446
0.2374 0.795758
0.2375 0.795989
0.2376 0.795918
0.2377 0.796121
0.2378 0.796844
0.2379 0.797439
0.238 0.797529
0.2381 0.798052
0.2382 0.798815
0.2383 0.799292
0.2384 0.799513
0.2385 0.799409
0.2386 0.800088
0.2387 0.800705
0.2388 0.800793
0.2389 0.800914
0.239 0.800751
0.2391 0.801134
0.2392 0.801621
0.2393 0.802232
0.2394 0.802451
0.2395 0.802343
0.2396 0.802363
0.2397 0.802625
0.2398 0.80335
0.2399 0.803589
0.24 0.803987
0.2401 0.804592
0.2402 0.804695
0.2403 0.804935
0.2404 0.8051
0.2405 0.805553
0.2406 0.805991
0.2407 0.806077
0.2408 0.806325
0.2409 0.806667
0.241 0.806939
0.2411 0.807225
0.2412 0.807449
0.2413 0.807456
0.2414 0.807696
0.2415 0.807478
0.2416 0.807824
0.2417 0.808086
0.2418 0.808354
0.2419 0.808491
0.242 0.808649
0.2421 0.808753
0.2422 0.809067
0.2423 0.809142
0.2424 0.809681
0.2425 0.810209
0.2426 0.810227
0.2427 0.810585
0.2428 0.810669
0.2429 0.811006
0.243 0.811653
0.2431 0.812174
0.2432 0.81239
0.2433 0.812886
0.2434 0.813821
0.2435 0.8138
0.2436 0.814046
0.2437 0.814438
0.2438 0.814497
0.2439 0.814973
0.244 0.815468
0.2441 0.81612
0.2442 0.816822
0.2443 0.81668
0.2444 0.817503
0.2445 0.817829
0.2446 0.818007
0.2447 0.818365
0.2448 0.819062
0.2449 0.819461
0.245 0.820345
0.2451 0.821082
0.2452 0.821792
0.2453 0.822154
0.2454 0.822826
0.2455 0.822525
0.2456 0.823143
0.2457 0.823798
0.2458 0.824083
0.2459 0.823828
0.246 0.824115
0.2461 0.824983
0.2462 0.82508
0.2463 0.825092
0.2464 0.824626
0.2465 0.825105
0.2466 0.825528
0.2467 0.82576
0.2468 0.82574
0.2469 0.825699
0.247 0.826305
0.2471 0.826225
0.2472 0.826314
0.2473 0.826481
0.2474 0.826539
0.2475 0.826688
0.2476 0.826553
0.2477 0.82699
0.2478 0.826699
0.2479 0.826999
0.248 0.8276
0.2481 0.827996
0.2482 0.828395
0.2483 0.828819
0.2484 0.828897
0.2485 0.829285
0.2486 0.829298
0.2487 0.829389
0.2488 0.829765
0.2489 0.829766
0.249 0.829794
0.2491 0.829884
0.2492 0.830152
0.2493 0.83045
0.2494 0.830885
0.2495 0.830903
0.2496 0.831267
0.2497 0.831175
0.2498 0.831254
0.2499 0.831674
0.25 0.831365
0.2501 0.831379
0.2502 0.832046
0.2503 0.832702
0.2504 0.832724
0.2505 0.832979
0.2506 0.833087
0.2507 0.833322
0.2508 0.833469
0.2509 0.833479
0.251 0.833893
0.2511 0.834045
0.2512 0.833894
0.2513 0.834253
0.2514 0.834693
0.2515 0.835154
0.2516 0.835201
0.2517 0.835353
0.2518 0.835238
0.2519 0.835732
0.252 0.836253
0.2521 0.836375
0.2522 0.836117
0.2523 0.836281
0.2524 0.836662
0.2525 0.83691
0.2526 0.83676
0.2527 0.836294
0.2528 0.836558
0.2529 0.836997
0.253 0.837104
0.2531 0.837532
0.2532 0.837858
0.2533 0.837927
0.2534 0.838205
0.2535 0.838436
0.2536 0.83896
0.2537 0.838793
0.2538 0.839648
0.2539 0.839461
0.254 0.839867
0.2541 0.840072
0.2542 0.840596
0.2543 0.840743
0.2544 0.840818
0.2545 0.841039
0.2546 0.841084
0.2547 0.840971
0.2548 0.841298
0.2549 0.84106
0.255 0.841238
0.2551 0.841553
0.2552 0.842125
0.2553 0.842925
0.2554 0.843324
0.2555 0.843824
0.2556 0.843889
0.2557 0.844421
0.2558 0.844907
0.2559 0.845127
0.256 0.844809
0.2561 0.845297
0.2562 0.845931
0.2563 0.84654
0.2564 0.846749
0.2565 0.846546
0.2566 0.846927
0.2567 0.84709
0.2568 0.847834
0.2569 0.848785
0.257 0.849189
0.2571 0.849604
0.2572 0.850319
0.2573 0.850446
0.2574 0.850989
0.2575 0.85157
0.2576 0.852279
0.2577 0.852355
0.2578 0.852225
0.2579 0.852787
0.258 0.852995
0.2581 0.853181
0.2582 0.853699
0.2583 0.854417
0.2584 0.854843
0.2585 0.855008
0.2586 0.855315
0.2587 0.855987
0.2588 0.856446
0.2589 0.856991
0.259 0.857081
0.2591 0.857752
0.2592 0.858308
0.2593 0.858828
0.2594 0.85952
0.2595 0.860268
0.2596 0.860774
0.2597 0.86103
0.2598 0.861474
0.2599 0.86177
0.26 0.862462
0.2601 0.862527
0.2602 0.863093
0.2603 0.86292
0.2604 0.863204
0.2605 0.863752
0.2606 0.863816
0.2607 0.864478
0.2608 0.864623
0.2609 0.86484
0.261 0.865548
0.2611 0.865957
0.2612 0.866675
0.2613 0.867168
0.2614 0.867763
0.2615 0.867953
0.2616 0.868187
0.2617 0.868459
0.2618 0.869063
0.2619 0.869187
0.262 0.869389
0.2621 0.869522
0.2622 0.869649
0.2623 0.870014
0.2624 0.870423
0.2625 0.870623
0.2626 0.87095
0.2627 0.870996
0.2628 0.871182
0.2629 0.871291
0.263 0.871668
0.2631 0.871514
0.2632 0.871435
0.2633 0.871849
0.2634 0.872172
0.2635 0.87239
0.2636 0.872786
0.2637 0.873176
0.2638 0.873286
0.2639 0.873842
0.264 0.874372
0.2641 0.874942
0.2642 0.874922
0.2643 0.875136
0.2644 0.874928
0.2645 0.875344
0.2646 0.875334
0.2647 0.875556
0.2648 0.875676
0.2649 0.875761
0.265 0.876314
0.2651 0.876543
0.2652 0.876689
0.2653 0.877055
0.2654 0.877145
0.2655 0.877567
0.2656 0.87807
0.2657 0.878833
0.2658 0.878639
0.2659 0.879522
0.266 0.88026
0.2661 0.880622
0.2662 0.881372
0.2663 0.881305
0.2664 0.881238
0.2665 0.881962
0.2666 0.881852
0.2667 0.881957
0.2668 0.882017
0.2669 0.882162
0.267 0.882401
0.2671 0.882949
0.2672 0.883409
0.2673 0.883566
0.2674 0.88352
0.2675 0.883985
0.2676 0.884194
0.2677 0.884736
0.2678 0.885213
0.2679 0.88538
0.268 0.885791
0.2681 0.886086
0.2682 0.886041
0.2683 0.886372
0.2684 0.886752
0.2685 0.887168
0.2686 0.887305
0.2687 0.887611
0.2688 0.887658
0.2689 0.888112
0.269 0.888601
0.2691 0.88897
0.2692 0.889191
0.2693 0.889657
0.2694 0.889642
0.2695 0.88992
0.2696 0.890521
0.2697 0.89091
0.2698 0.891214
0.2699 0.891527
0.27 0.892046
0.2701 0.89221
0.2702 0.89236
0.2703 0.893012
0.2704 0.893253
0.2705 0.893559
0.2706 0.893813
0.2707 0.894289
0.2708 0.894551
0.2709 0.89513
0.271 0.895568
0.2711 0.895889
0.2712 0.896404
0.2713 0.896773
0.2714 0.897284
0.2715 0.897315
0.2716 0.897669
0.2717 0.897663
0.2718 0.897965
0.2719 0.897965
0.272 0.898357
0.2721 0.899067
0.2722 0.899523
0.2723 0.899791
0.2724 0.899683
0.2725 0.900032
0.2726 0.900405
0.2727 0.901273
0.2728 0.901334
0.2729 0.901546
0.273 0.901796
0.2731 0.902314
0.2732 0.903014
0.2733 0.903235
0.2734 0.903399
0.2735 0.903876
0.2736 0.904108
0.2737 0.904578
0.2738 0.904792
0.2739 0.905161
0.274 0.905247
0.2741 0.905561
0.2742 0.905767
0.2743 0.906361
0.2744 0.906512
0.2745 0.906696
0.2746 0.906769
0.2747 0.906947
0.2748 0.907386
0.2749 0.907712
0.275 0.908211
0.2751 0.908277
0.2752 0.908992
0.2753 0.909448
0.2754 0.909365
0.2755 0.91012
0.2756 0.91067
0.2757 0.910575
0.2758 0.910749
0.2759 0.911047
0.276 0.911189
0.2761 0.911891
0.2762 0.912304
0.2763 0.912631
0.2764 0.912636
0.2765 0.91288
0.2766 0.913052
0.2767 0.913217
0.2768 0.913469
0.2769 0.91437
0.277 0.914759
0.2771 0.914768
0.2772 0.914748
0.2773 0.915376
0.2774 0.915882
0.2775 0.916409
0.2776 0.916973
0.2777 0.916726
0.2778 0.917322
0.2779 0.917827
0.278 0.918071
0.2781 0.918453
0.2782 0.918423
0.2783 0.918613
0.2784 0.919216
0.2785 0.919272
0.2786 0.919524
0.2787 0.919957
0.2788 0.920104
0.2789 0.920927
0.279 0.921552
0.2791 0.921552
0.2792 0.921847
0.2793 0.921999
0.2794 0.922418
0.2795 0.922365
0.2796 0.922653
0.2797 0.923091
0.2798 0.923338
0.2799 0.923932
0.28 0.923652
0.2801 0.923762
0.2802 0.924275
0.2803 0.924306
0.2804 0.924269
0.2805 0.924474
0.2806 0.924715
0.2807 0.925214
0.2808 0.925284
0.2809 0.925382
0.281 0.925522
0.2811 0.925963
0.2812 0.926015
0.2813 0.92606
0.2814 0.926648
0.2815 0.927115
0.2816 0.927019
0.2817 0.927559
0.2818 0.927735
0.2819 0.928055
0.282 0.928577
0.2821 0.9284
0.2822 0.928477
0.2823 0.928387
0.2824 0.928459
0.2825 0.928916
0.2826 0.929353
0.2827 0.929937
0.2828 0.930372
0.2829 0.930247
0.283 0.930876
0.2831 0.931363
0.2832 0.931319
0.2833 0.931274
0.2834 0.931878
0.2835 0.932738
0.2836 0.932841
0.2837 0.933196
0.2838 0.933889
0.2839 0.9341
0.284 0.934566
0.2841 0.934727
0.2842 0.934947
0.2843 0.934906
0.2844 0.935069
0.2845 0.935401
0.2846 0.935383
0.2847 0.935449
0.2848 0.935678
0.2849 0.936045
0.285 0.936442
0.2851 0.936469
0.2852 0.936869
0.2853 0.937624
0.2854 0.937822
0.2855 0.938597
0.2856 0.938982
0.2857 0.939097
0.2858 0.939287
0.2859 0.939999
0.286 0.940081
0.2861 0.940338
0.2862 0.940888
0.2863 0.941617
0.2864 0.942338
0.2865 0.942585
0.2866 0.942961
0.2867 0.943467
0.2868 0.943424
0.2869 0.943808
0.287 0.944058
0.2871 0.944214
0.2872 0.944136
0.2873 0.944182
0.2874 0.944216
0.2875 0.944483
0.2876 0.94485
0.2877 0.945532
0.2878 0.94604
0.2879 0.946271
0.288 0.946429
0.2881 0.946602
0.2882 0.947117
0.2883 0.947368
0.2884 0.947348
0.2885 0.948165
0.2886 0.948054
0.2887 0.947996
0.2888 0.948173
0.2889 0.948502
0.289 0.948771
0.2891 0.949246
0.2892 0.949671
0.2893 0.949472
0.2894 0.949721
0.2895 0.950385
0.2896 0.950567
0.2897 0.950945
0.2898 0.951056
0.2899 0.951232
0.29 0.952089
0.2901 0.951755
0.2902 0.952337
0.2903 0.952829
0.2904 0.953187
0.2905 0.953909
0.2906 0.954253
0.2907 0.954833
0.2908 0.955292
0.2909 0.955536
0.291 0.956081
0.2911 0.956223
0.2912 0.956552
0.2913 0.957079
0.2914 0.956914
0.2915 0.956996
0.2916 0.957558
0.2917 0.958266
0.2918 0.958543
0.2919 0.959018
0.292 0.959063
0.2921 0.959443
0.2922 0.959716
0.2923 0.95969
0.2924 0.959688
0.2925 0.960043
0.2926 0.960693
0.2927 0.960861
0.2928 0.961251
0.2929 0.962055
0.293 0.962604
0.2931 0.963018
0.2932 0.963865
0.2933 0.964315
0.2934 0.964431
0.2935 0.964772
0.2936 0.965179
0.2937 0.965604
0.2938 0.965821
0.2939 0.966056
0.294 0.966611
0.2941 0.966581
0.2942 0.966809
0.2943 0.967408
0.2944 0.967972
0.2945 0.967798
0.2946 0.967835
0.2947 0.968113
0.2948 0.968285
0.2949 0.968348
0.295 0.968438
0.2951 0.96842
0.2952 0.968585
0.2953 0.968663
0.2954 0.969116
0.2955 0.969695
0.2956 0.969971
0.2957 0.970035
0.2958 0.969871
0.2959 0.970399
0.296 0.971013
0.2961 0.970971
0.2962 0.971296
0.2963 0.971384
0.2964 0.971797
0.2965 0.972118
0.2966 0.972253
0.2967 0.972897
0.2968 0.973082
0.2969 0.973615
0.297 0.974128
0.2971 0.974074
0.2972 0.974425
0.2973 0.975327
0.2974 0.975833
0.2975 0.976099
0.2976 0.976495
0.2977 0.977026
0.2978 0.977421
0.2979 0.977913
0.298 0.977705
0.2981 0.978069
0.2982 0.978357
0.2983 0.978442
0.2984 0.978668
0.2985 0.978883
0.2986 0.979239
0.2987 0.979437
0.2988 0.979829
0.2989 0.979896
0.299 0.980214
0.2991 0.98038
0.2992 0.980559
0.2993 0.981276
0.2994 0.981301
0.2995 0.981408
0.2996 0.981587
0.2997 0.981709
0.2998 0.982303
0.2999 0.982453
0.3 0.98269
0.3001 0.982958
0.3002 0.983242
0.3003 0.983699
0.3004 0.984001
0.3005 0.98382
0.3006 0.983985
0.3007 0.984643
0.3008 0.98517
0.3009 0.985377
0.301 0.985956
0.3011 0.985829
0.3012 0.986219
0.3013 0.986477
0.3014 0.986757
0.3015 0.987543
0.3016 0.98783
0.3017 0.987711
0.3018 0.987786
0.3019 0.98777
0.302 0.987928
0.3021 0.988525
0.3022 0.988602
0.3023 0.988798
0.3024 0.989142
0.3025 0.989391
0.3026 0.990147
0.3027 0.990673
0.3028 0.991015
0.3029 0.991556
0.303 0.992112
0.3031 0.991902
0.3032 0.992369
0.3033 0.993358
0.3034 0.993465
0.3035 0.994074
0.3036 0.994298
0.3037 0.994979
0.3038 0.995586
0.3039 0.99548
0.304 0.995812
0.3041 0.99592
0.3042 0.996073
0.3043 0.996298
0.3044 0.996125
0.3045 0.996222
0.3046 0.996862
0.3047 0.997737
0.3048 0.998102
0.3049 0.998397
0.305 0.998418
0.3051 0.998823
0.3052 0.999058
0.3053 0.999647
0.3054 1.00035
0.3055 1.00098
0.3056 1.00155
0.3057 1.00188
0.3058 1.0017
0.3059 1.00179
0.306 1.00214
0.3061 1.00284
0.3062 1.00301
0.3063 1.00346
0.3064 1.00337
0.3065 1.00324
0.3066 1.00415
0.3067 1.0044
0.3068 1.00448
0.3069 1.00453
0.307 1.00497
0.3071 1.00551
0.3072 1.0056
0.3073 1.00593
0.3074 1.00632
0.3075 1.00645
0.3076 1.00687
0.3077 1.00709
0.3078 1.00719
0.3079 1.00762
0.308 1.00797
0.3081 1.00841
0.3082 1.00851
0.3083 1.00874
0.3084 1.00889
0.3085 1.00919
0.3086 1.00957
0.3087 1.01005
0.3088 1.01036
0.3089 1.01066
0.309 1.01044
0.3091 1.01049
0.3092 1.01057
0.3093 1.01114
0.3094 1.01154
0.3095 1.01196
0.3096 1.01248
0.3097 1.01295
0.3098 1.01346
0.3099 1.01342
0.31 1.01367
0.3101 1.01334
0.3102 1.01379
0.3103 1.01405
0.3104 1.01434
0.3105 1.01476
0.3106 1.01518
0.3107 1.01545
0.3108 1.01624
0.3109 1.01644
0.311 1.01717
0.3111 1.01783
0.3112 1.01794
0.3113 1.0177
0.3114 1.01802
0.3115 1.01886
0.3116 1.01885
0.3117 1.01916
0.3118 1.01945
0.3119 1.01962
0.312 1.02056
0.3121 1.02068
0.3122 1.02157
0.3123 1.02202
0.3124 1.02237
0.3125 1.02248
0.3126 1.0229
0.3127 1.02321
0.3128 1.0234
0.3129 1.02342
0.313 1.02351
0.3131 1.0237
0.3132 1.02402
0.3133 1.02403
0.3134 1.02405
0.3135 1.02376
0.3136 1.02382
0.3137 1.02384
0.3138 1.024
0.3139 1.02457
0.314 1.02476
0.3141 1.02496
0.3142 1.02552
0.3143 1.02655
0.3144 1.02734
0.3145 1.02739
0.3146 1.02721
0.3147 1.02806
0.3148 1.02804
0.3149 1.02808
0.315 1.02871
0.3151 1.02935
0.3152 1.02959
0.3153 1.02979
0.3154 1.03055
0.3155 1.03134
0.3156 1.03179
0.3157 1.03201
0.3158 1.03173
0.3159 1.0314
0.316 1.03176
0.3161 1.03188
0.3162 1.03269
0.3163 1.03295
0.3164 1.03328
0.3165 1.03318
0.3166 1.034
0.3167 1.03445
0.3168 1.03534
0.3169 1.03582
0.317 1.0358
0.3171 1.03624
0.3172 1.03704
0.3173 1.03768
0.3174 1.03793
0.3175 1.03837
0.3176 1.03866
0.3177 1.0389
0.3178 1.03943
0.3179 1.03986
0.318 1.03967
0.3181 1.03989
0.3182 1.03975
0.3183 1.04016
0.3184 1.04028
0.3185 1.04036
0.3186 1.04056
0.3187 1.04043
0.3188 1.04045
0.3189 1.0406
0.319 1.04002
0.3191 1.04062
0.3192 1.04069
0.3193 1.04121
0.3194 1.04138
0.3195 1.0416
0.3196 1.04176
0.3197 1.04222
0.3198 1.04252
0.3199 1.04335
0.32 1.04397
0.3201 1.04379
0.3202 1.04407
0.3203 1.04464
0.3204 1.04437
0.3205 1.04429
0.3206 1.04477
0.3207 1.04565
0.3208 1.04607
0.3209 1.04633
0.321 1.04679
0.3211 1.04704
0.3212 1.04733
0.3213 1.04795
0.3214 1.04829
0.3215 1.04853
0.3216 1.04884
0.3217 1.04911
0.3218 1.04926
0.3219 1.04892
0.322 1.04967
0.3221 1.05029
0.3222 1.05093
0.3223 1.05134
0.3224 1.05128
0.3225 1.05135
0.3226 1.05142
0.3227 1.05194
0.3228 1.05264
0.3229 1.05312
0.323 1.05349
0.3231 1.0538
0.3232 1.05416
0.3233 1.05454
0.3234 1.05535
0.3235 1.05647
0.3236 1.0569
0.3237 1.05737
0.3238 1.05762
0.3239 1.05799
0.324 1.05765
0.3241 1.05821
0.3242 1.05873
0.3243 1.05895
0.3244 1.05969
0.3245 1.0604
0.3246 1.06074
0.3247 1.06087
0.3248 1.06079
0.3249 1.06088
0.325 1.06149
0.3251 1.06187
0.3252 1.06203
0.3253 1.06193
0.3254 1.06223
0.3255 1.06248
0.3256 1.06289
0.3257 1.06287
0.3258 1.06295
0.3259 1.0636
0.326 1.06385
0.3261 1.06421
0.3262 1.06468
0.3263 1.06504
0.3264 1.0654
0.3265 1.06595
0.3266 1.06591
0.3267 1.06605
0.3268 1.06585
0.3269 1.0664
0.327 1.06667
0.3271 1.06708
0.3272 1.06696
0.3273 1.06683
0.3274 1.06755
0.3275 1.06847
0.3276 1.06863
0.3277 1.06862
0.3278 1.06918
0.3279 1.0688
0.328 1.06854
0.3281 1.06884
0.3282 1.0695
0.3283 1.06978
0.3284 1.0696
0.3285 1.0697
0.3286 1.06999
0.3287 1.0708
0.3288 1.07156
0.3289 1.07218
0.329 1.07228
0.3291 1.07292
0.3292 1.07298
0.3293 1.07327
0.3294 1.07361
0.3295 1.07375
0.3296 1.07438
0.3297 1.0744
0.3298 1.07441
0.3299 1.07408
0.33 1.07448
0.3301 1.07437
0.3302 1.07452
0.3303 1.07482
0.3304 1.07509
0.3305 1.07531
0.3306 1.07552
0.3307 1.07572
0.3308 1.07561
0.3309 1.07599
0.331 1.07651
0.3311 1.07682
0.3312 1.07701
0.3313 1.07749
0.3314 1.07766
0.3315 1.07802
0.3316 1.07811
0.3317 1.0788
0.3318 1.07907
0.3319 1.07894
0.332 1.07902
0.3321 1.07911
0.3322 1.07932
0.3323 1.07948
0.3324 1.07956
0.3325 1.07976
0.3326 1.07989
0.3327 1.08054
0.3328 1.08102
0.3329 1.08184
0.333 1.08198
0.3331 1.08284
0.3332 1.08312
0.3333 1.08314
0.3334 1.08366
0.3335 1.08446
0.3336 1.08505
0.3337 1.085
0.3338 1.08515
0.3339 1.08626
0.334 1.08662
0.3341 1.08729
0.3342 1.08768
0.3343 1.08805
0.3344 1.08823
0.3345 1.08887
0.3346 1.08889
0.3347 1.08899
0.3348 1.08936
0.3349 1.08925
0.335 1.08931
0.3351 1.0902
0.3352 1.09072
0.3353 1.09101
0.3354 1.09128
0.3355 1.09185
0.3356 1.09219
0.3357 1.09292
0.3358 1.09329
0.3359 1.09383
0.336 1.09407
0.3361 1.09445
0.3362 1.09475
0.3363 1.09568
0.3364 1.09641
0.3365 1.09661
0.3366 1.09663
0.3367 1.09712
0.3368 1.09747
0.3369 1.09777
0.337 1.09807
0.3371 1.098
0.3372 1.09804
0.3373 1.09781
0.3374 1.09835
0.3375 1.09937
0.3376 1.09923
0.3377 1.09985
0.3378 1.10033
0.3379 1.1008
0.338 1.10164
0.3381 1.10223
0.3382 1.10253
0.3383 1.10293
0.3384 1.10353
0.3385 1.10376
0.3386 1.10378
0.3387 1.10437
0.3388 1.10486
0.3389 1.10485
0.339 1.1054
0.3391 1.10551
0.3392 1.10551
0.3393 1.10546
0.3394 1.10604
0.3395 1.10652
0.3396 1.10722
0.3397 1.10725
0.3398 1.10787
0.3399 1.10781
0.34 1.10794
0.3401 1.10802
0.3402 1.10844
0.3403 1.10926
0.3404 1.10959
0.3405 1.10984
0.3406 1.1104
0.3407 1.11101
0.3408 1.1109
0.3409 1.11155
0.341 1.11203
0.3411 1.11255
0.3412 1.11262
0.3413 1.11322
0.3414 1.11371
0.3415 1.11357
0.3416 1.11424
0.3417 1.11526
0.3418 1.11515
0.3419 1.11585
0.342 1.11601
0.3421 1.11623
0.3422 1.11632
0.3423 1.11675
0.3424 1.11663
0.3425 1.11718
0.3426 1.11812
0.3427 1.1181
0.3428 1.11808
0.3429 1.11886
0.343 1.11898
0.3431 1.11894
0.3432 1.11895
0.3433 1.11946
0.3434 1.11964
0.3435 1.11941
0.3436 1.11922
0.3437 1.12002
0.3438 1.12013
0.3439 1.1209
0.344 1.12101
0.3441 1.12116
0.3442 1.12101
0.3443 1.12173
0.3444 1.12194
0.3445 1.12252
0.3446 1.12242
0.3447 1.12285
0.3448 1.12272
0.3449 1.12254
0.345 1.12272
0.3451 1.12353
0.3452 1.12327
0.3453 1.12332
0.3454 1.12324
0.3455 1.12378
0.3456 1.12429
0.3457 1.12476
0.3458 1.12482
0.3459 1.12498
0.346 1.12525
0.3461 1.12595
0.3462 1.1264
0.3463 1.12674
0.3464 1.12727
0.3465 1.12718
0.3466 1.12728
0.3467 1.12785
0.3468 1.12795
0.3469 1.12827
0.347 1.12893
0.3471 1.12913
0.3472 1.12944
0.3473 1.13029
0.3474 1.13081
0.3475 1.13127
0.3476 1.13183
0.3477 1.13163
0.3478 1.13191
0.3479 1.13241
0.348 1.13283
0.3481 1.13305
0.3482 1.1337
0.3483 1.13401
0.3484 1.13425
0.3485 1.13441
0.3486 1.13466
0.3487 1.13531
0.3488 1.13579
0.3489 1.13629
0.349 1.13667
0.3491 1.1368
0.3492 1.13699
0.3493 1.13726
0.3494 1.13757
0.3495 1.13803
0.3496 1.1382
0.3497 1.13848
0.3498 1.13802
0.3499 1.13871
0.35 1.13915
0.3501 1.13967
0.3502 1.13971
0.3503 1.14004
0.3504 1.1404
0.3505 1.14054
0.3506 1.14077
0.3507 1.14181
0.3508 1.14173
0.3509 1.14167
0.351 1.1422
0.3511 1.14272
0.3512 1.14314
0.3513 1.14321
0.3514 1.14333
0.3515 1.14298
0.3516 1.14391
0.3517 1.14428
0.3518 1.14514
0.3519 1.14564
0.352 1.14588
0.3521 1.14592
0.3522 1.14678
0.3523 1.14705
0.3524 1.14761
0.3525 1.14777
0.3526 1.14836
0.3527 1.14814
0.3528 1.14825
0.3529 1.14793
0.353 1.14823
0.3531 1.14834
0.3532 1.14854
0.3533 1.14893
0.3534 1.14946
0.3535 1.14943
0.3536 1.14986
0.3537 1.15023
0.3538 1.15101
0.3539 1.15116
0.354 1.15165
0.3541 1.15235
0.3542 1.15275
0.3543 1.15288
0.3544 1.15322
0.3545 1.15319
0.3546 1.15354
0.3547 1.15345
0.3548 1.15398
0.3549 1.15431
0.355 1.15463
0.3551 1.15475
0.3552 1.15419
0.3553 1.15444
0.3554 1.15514
0.3555 1.15556
0.3556 1.15643
0.3557 1.15692
0.3558 1.15694
0.3559 1.15741
0.356 1.158
0.3561 1.15836
0.3562 1.15867
0.3563 1.15868
0.3564 1.15886
0.3565 1.15891
0.3566 1.15891
0.3567 1.15926
0.3568 1.15974
0.3569 1.16012
0.357 1.1608
0.3571 1.16137
0.3572 1.16167
0.3573 1.1619
0.3574 1.16192
0.3575 1.16236
0.3576 1.16315
0.3577 1.16381
0.3578 1.16423
0.3579 1.16484
0.358 1.16545
0.3581 1.16586
0.3582 1.16651
0.3583 1.16729
0.3584 1.16753
0.3585 1.16787
0.3586 1.1683
0.3587 1.16878
0.3588 1.16933
0.3589 1.16907
0.359 1.16903
0.3591 1.16921
0.3592 1.16942
0.3593 1.16992
0.3594 1.17025
0.3595 1.17001
0.3596 1.17072
0.3597 1.17094
0.3598 1.17171
0.3599 1.17237
0.36 1.17204
0.3601 1.17228
0.3602 1.17319
0.3603 1.1734
0.3604 1.17302
0.3605 1.17326
0.3606 1.17351
0.3607 1.17437
0.3608 1.17468
0.3609 1.1748
0.361 1.17549
0.3611 1.17557
0.3612 1.17589
0.3613 1.17639
0.3614 1.17678
0.3615 1.17701
0.3616 1.17755
0.3617 1.17791
0.3618 1.17789
0.3619 1.17783
0.362 1.17789
0.3621 1.17787
0.3622 1.17774
0.3623 1.1776
0.3624 1.17756
0.3625 1.1783
0.3626 1.17834
0.3627 1.17913
0.3628 1.17944
0.3629 1.1794
0.363 1.17995
0.3631 1.18059
0.3632 1.18076
0.3633 1.18101
0.3634 1.18132
0.3635 1.18164
0.3636 1.18195
0.3637 1.18165
0.3638 1.18218
0.3639 1.18324
0.364 1.1834
0.3641 1.18373
0.3642 1.1844
0.3643 1.18459
0.3644 1.18498
0.3645 1.18529
0.3646 1.18499
0.3647 1.18504
0.3648 1.18508
0.3649 1.1858
0.365 1.18633
0.3651 1.18644
0.3652 1.18702
0.3653 1.18708
0.3654 1.18755
0.3655 1.18782
0.3656 1.1879
0.3657 1.18846
0.3658 1.18881
0.3659 1.18952
0.366 1.18963
0.3661 1.19011
0.3662 1.19067
0.3663 1.19115
0.3664 1.19123
0.3665 1.19119
0.3666 1.19126
0.3667 1.19178
0.3668 1.19201
0.3669 1.19235
0.367 1.19311
0.3671 1.19346
0.3672 1.19388
0.3673 1.19398
0.3674 1.19409
0.3675 1.19454
0.3676 1.19444
0.3677 1.19519
0.3678 1.19607
0.3679 1.19576
0.368 1.19568
0.3681 1.19603
0.3682 1.19638
0.3683 1.19632
0.3684 1.19684
0.3685 1.19701
0.3686 1.19708
0.3687 1.19769
0.3688 1.19758
0.3689 1.19793
0.369 1.19805
0.3691 1.19848
0.3692 1.19883
0.3693 1.1991
0.3694 1.19933
0.3695 1.19959
0.3696 1.19981
0.3697 1.20045
0.3698 1.20057
0.3699 1.20101
0.37 1.2007
0.3701 1.20068
0.3702 1.20132
0.3703 1.20149
0.3704 1.20207
0.3705 1.20243
0.3706 1.20296
0.3707 1.20302
0.3708 1.20327
0.3709 1.20404
0.371 1.20429
0.3711 1.20495
0.3712 1.20518
0.3713 1.20615
0.3714 1.20599
0.3715 1.20613
0.3716 1.20621
0.3717 1.20652
0.3718 1.20646
0.3719 1.20677
0.372 1.20742
0.3721 1.2074
0.3722 1.20803
0.3723 1.2082
0.3724 1.20817
0.3725 1.20791
0.3726 1.20848
0.3727 1.209
0.3728 1.20879
0.3729 1.20919
0.373 1.20928
0.3731 1.20943
0.3732 1.20961
0.3733 1.21011
0.3734 1.20997
0.3735 1.21053
0.3736 1.21026
0.3737 1.21031
0.3738 1.21035
0.3739 1.20996
0.374 1.21032
0.3741 1.21052
0.3742 1.2105
0.3743 1.21088
0.3744 1.21121
0.3745 1.21157
0.3746 1.21201
0.3747 1.21255
0.3748 1.21254
0.3749 1.21271
0.375 1.21305
0.3751 1.21305
0.3752 1.21311
0.3753 1.21315
0.3754 1.21337
0.3755 1.21403
0.3756 1.21416
0.3757 1.21476
0.3758 1.21529
0.3759 1.21571
0.376 1.21578
0.3761 1.21538
0.3762 1.21552
0.3763 1.2161
0.3764 1.21661
0.3765 1.21683
0.3766 1.21719
0.3767 1.21768
0.3768 1.2178
0.3769 1.21742
0.377 1.21851
0.3771 1.21872
0.3772 1.21895
0.3773 1.21892
0.3774 1.21906
0.3775 1.21898
0.3776 1.2191
0.3777 1.2192
0.3778 1.21961
0.3779 1.21963
0.378 1.2202
0.3781 1.2203
0.3782 1.22032
0.3783 1.2206
0.3784 1.2206
0.3785 1.2206
0.3786 1.22026
0.3787 1.22069
0.3788 1.22109
0.3789 1.22152
0.379 1.22177
0.3791 1.22208
0.3792 1.22164
0.3793 1.22158
0.3794 1.22215
0.3795 1.2219
0.3796 1.22291
0.3797 1.22315
0.3798 1.22342
0.3799 1.22357
0.38 1.22361
0.3801 1.22393
0.3802 1.22478
0.3803 1.22458
0.3804 1.2247
0.3805 1.22512
0.3806 1.22517
0.3807 1.22524
0.3808 1.2254
0.3809 1.22571
0.381 1.22543
0.3811 1.22584
0.3812 1.2259
0.3813 1.22624
0.3814 1.22694
0.3815 1.2276
0.3816 1.22815
0.3817 1.22867
0.3818 1.22912
0.3819 1.22928
0.382 1.2302
0.3821 1.23069
0.3822 1.23129
0.3823 1.2314
0.3824 1.23164
0.3825 1.23175
0.3826 1.23247
0.3827 1.23242
0.3828 1.23283
0.3829 1.23268
0.383 1.23319
0.3831 1.23403
0.3832 1.23387
0.3833 1.23396
0.3834 1.23444
0.3835 1.23503
0.3836 1.23489
0.3837 1.23502
0.3838 1.2357
0.3839 1.23587
0.384 1.23599
0.3841 1.23652
0.3842 1.2368
0.3843 1.2369
0.3844 1.23683
0.3845 1.2374
0.3846 1.238
0.3847 1.23792
0.3848 1.23871
0.3849 1.23907
0.385 1.23909
0.3851 1.23973
0.3852 1.23966
0.3853 1.24009
0.3854 1.2404
0.3855 1.24118
0.3856 1.24133
0.3857 1.24114
0.3858 1.24155
0.3859 1.24194
0.386 1.24265
0.3861 1.24288
0.3862 1.24283
0.3863 1.24303
0.3864 1.243
0.3865 1.24365
0.3866 1.244
0.3867 1.24411
0.3868 1.24508
0.3869 1.24569
0.387 1.24632
0.3871 1.24662
0.3872 1.2474
0.3873 1.24804
0.3874 1.24818
0.3875 1.24838
0.3876 1.24882
0.3877 1.24924
0.3878 1.24908
0.3879 1.2491
0.388 1.24947
0.3881 1.25014
0.3882 1.2504
0.3883 1.25057
0.3884 1.25106
0.3885 1.25109
0.3886 1.25137
0.3887 1.25191
0.3888 1.25216
0.3889 1.2522
0.389 1.25227
0.3891 1.25282
0.3892 1.25342
0.3893 1.25422
0.3894 1.25453
0.3895 1.25432
0.3896 1.25496
0.3897 1.25486
0.3898 1.25563
0.3899 1.25592
0.39 1.25623
0.3901 1.25607
0.3902 1.25667
0.3903 1.25675
0.3904 1.25735
0.3905 1.2579
0.3906 1.2582
0.3907 1.25876
0.3908 1.25914
0.3909 1.26029
0.391 1.26139
0.3911 1.26204
0.3912 1.26227
0.3913 1.26244
0.3914 1.26245
0.3915 1.2631
0.3916 1.26339
0.3917 1.26336
0.3918 1.26389
0.3919 1.26385
0.392 1.26401
0.3921 1.2642
0.3922 1.26464
0.3923 1.26466
0.3924 1.26501
0.3925 1.26546
0.3926 1.26588
0.3927 1.26617
0.3928 1.26639
0.3929 1.26651
0.393 1.26677
0.3931 1.26695
0.3932 1.2672
0.3933 1.26802
0.3934 1.26844
0.3935 1.2683
0.3936 1.26893
0.3937 1.26982
0.3938 1.26994
0.3939 1.26991
0.394 1.26998
0.3941 1.27035
0.3942 1.27103
0.3943 1.27185
0.3944 1.27209
0.3945 1.27175
0.3946 1.27174
0.3947 1.27234
0.3948 1.27248
0.3949 1.27359
0.395 1.27402
0.3951 1.27434
0.3952 1.27468
0.3953 1.27501
0.3954 1.27491
0.3955 1.27531
0.3956 1.27558
0.3957 1.2761
0.3958 1.27587
0.3959 1.27648
0.396 1.27623
0.3961 1.27664
0.3962 1.2771
0.3963 1.27701
0.3964 1.27712
0.3965 1.27741
0.3966 1.27805
0.3967 1.27839
0.3968 1.27878
0.3969 1.27886
0.397 1.27946
0.3971 1.27992
0.3972 1.28007
0.3973 1.28074
0.3974 1.28121
0.3975 1.28135
0.3976 1.28138
0.3977 1.28164
0.3978 1.28138
0.3979 1.28203
0.398 1.28211
0.3981 1.28286
0.3982 1.28301
0.3983 1.28321
0.3984 1.2837
0.3985 1.28354
0.3986 1.28361
0.3987 1.28362
0.3988 1.28392
0.3989 1.28457
0.399 1.28446
0.3991 1.28451
0.3992 1.28456
0.3993 1.2848
0.3994 1.28501
0.3995 1.2852
0.3996 1.28574
0.3997 1.28649
0.3998 1.28631
0.3999 1.28645
0.4 1.28695
0.4001 1.28705
0.4002 1.28712
0.4003 1.28733
0.4004 1.2874
0.4005 1.28753
0.4006 1.28729
0.4007 1.28721
0.4008 1.28737
0.4009 1.28748
0.401 1.28805
0.4011 1.28859
0.4012 1.28865
0.4013 1.28871
0.4014 1.28889
0.4015 1.28946
0.4016 1.28963
0.4017 1.29044
0.4018 1.29006
0.4019 1.29043
0.402 1.29023
0.4021 1.29084
0.4022 1.29125
0.4023 1.29173
0.4024 1.29211
0.4025 1.29275
0.4026 1.29314
0.4027 1.29362
0.4028 1.29405
0.4029 1.29386
0.403 1.29355
0.4031 1.29363
0.4032 1.29373
0.4033 1.29426
0.4034 1.29482
0.4035 1.29517
0.4036 1.2955
0.4037 1.29605
0.4038 1.29644
0.4039 1.29714
0.404 1.29713
0.4041 1.29714
0.4042 1.29756
0.4043 1.29834
0.4044 1.29855
0.4045 1.29886
0.4046 1.29903
0.4047 1.2991
0.4048 1.29935
0.4049 1.2996
0.405 1.29949
0.4051 1.29978
0.4052 1.29964
0.4053 1.29984
0.4054 1.29994
0.4055 1.30019
0.4056 1.30034
0.4057 1.30081
0.4058 1.30084
0.4059 1.30147
0.406 1.30189
0.4061 1.30241
0.4062 1.30265
0.4063 1.30246
0.4064 1.30247
0.4065 1.3027
0.4066 1.30258
0.4067 1.30315
0.4068 1.30335
0.4069 1.3031
0.407 1.30359
0.4071 1.30332
0.4072 1.30364
0.4073 1.30421
0.4074 1.30487
0.4075 1.3057
0.4076 1.30607
0.4077 1.30636
0.4078 1.30602
0.4079 1.30636
0.408 1.3065
0.4081 1.30759
0.4082 1.30779
0.4083 1.30813
0.4084 1.30853
0.4085 1.30944
0.4086 1.30981
0.4087 1.30976
0.4088 1.31013
0.4089 1.31019
0.409 1.3099
0.4091 1.31031
0.4092 1.31055
0.4093 1.31105
0.4094 1.31153
0.4095 1.31133
0.4096 1.31173
0.4097 1.31229
0.4098 1.31234
0.4099 1.31299
0.41 1.31308
0.4101 1.31366
0.4102 1.31362
0.4103 1.31393
0.4104 1.31402
0.4105 1.31439
0.4106 1.31464
0.4107 1.31435
0.4108 1.31471
0.4109 1.3154
0.411 1.31622
0.4111 1.31679
0.4112 1.31692
0.4113 1.31697
0.4114 1.31683
0.4115 1.31731
0.4116 1.31771
0.4117 1.31744
0.4118 1.31749
0.4119 1.31808
0.412 1.31839
0.4121 1.319
0.4122 1.31866
0.4123 1.31878
0.4124 1.31886
0.4125 1.32002
0.4126 1.32051
0.4127 1.3207
0.4128 1.32082
0.4129 1.32103
0.413 1.32138
0.4131 1.32223
0.4132 1.32293
0.4133 1.32295
0.4134 1.3233
0.4135 1.32364
0.4136 1.32357
0.4137 1.32432
0.4138 1.32484
0.4139 1.32483
0.414 1.32538
0.4141 1.32543
0.4142 1.32565
0.4143 1.32552
0.4144 1.32635
0.4145 1.32673
0.4146 1.32689
0.4147 1.32707
0.4148 1.32715
0.4149 1.32778
0.415 1.32808
0.4151 1.32849
0.4152 1.32849
0.4153 1.32888
0.4154 1.32901
0.4155 1.32974
0.4156 1.33006
0.4157 1.33039
0.4158 1.3306
0.4159 1.33069
0.416 1.33102
0.4161 1.33148
0.4162 1.33195
0.4163 1.33199
0.4164 1.33212
0.4165 1.33262
0.4166 1.33292
0.4167 1.33359
0.4168 1.33462
0.4169 1.33498
0.417 1.33441
0.4171 1.33524
0.4172 1.33505
0.4173 1.33515
0.4174 1.33528
0.4175 1.33547
0.4176 1.3356
0.4177 1.336
0.4178 1.33619
0.4179 1.33563
0.418 1.33631
0.4181 1.33706
0.4182 1.3374
0.4183 1.33777
0.4184 1.33801
0.4185 1.33853
0.4186 1.33885
0.4187 1.33894
0.4188 1.33963
0.4189 1.34007
0.419 1.33947
0.4191 1.33948
0.4192 1.3399
0.4193 1.34013
0.4194 1.34042
0.4195 1.34067
0.4196 1.34119
0.4197 1.34166
0.4198 1.34166
0.4199 1.34206
0.42 1.34235
0.4201 1.34319
0.4202 1.34343
0.4203 1.34332
0.4204 1.34377
0.4205 1.34456
0.4206 1.34478
0.4207 1.34504
0.4208 1.34539
0.4209 1.34582
0.421 1.346
0.4211 1.34614
0.4212 1.34673
0.4213 1.34676
0.4214 1.34682
0.4215 1.34674
0.4216 1.34645
0.4217 1.34673
0.4218 1.34699
0.4219 1.34668
0.422 1.34677
0.4221 1.34718
0.4222 1.34716
0.4223 1.34749
0.4224 1.34791
0.4225 1.3482
0.4226 1.34847
0.4227 1.34866
0.4228 1.34848
0.4229 1.34887
0.423 1.34894
0.4231 1.34929
0.4232 1.34922
0.4233 1.34922
0.4234 1.34956
0.4235 1.35024
0.4236 1.35042
0.4237 1.35075
0.4238 1.3516
0.4239 1.35229
0.424 1.35242
0.4241 1.35234
0.4242 1.35252
0.4243 1.35212
0.4244 1.35195
0.4245 1.35223
0.4246 1.35249
0.4247 1.35289
0.4248 1.35323
0.4249 1.35301
0.425 1.35353
0.4251 1.35349
0.4252 1.35349
0.4253 1.3537
0.4254 1.35413
0.4255 1.35424
0.4256 1.35406
0.4257 1.3548
0.4258 1.35517
0.4259 1.35552
0.426 1.35545
0.4261 1.35573
0.4262 1.35567
0.4263 1.35644
0.4264 1.35677
0.4265 1.35711
0.4266 1.35704
0.4267 1.35661
0.4268 1.35707
0.4269 1.35746
0.427 1.35776
0.4271 1.35826
0.4272 1.35821
0.4273 1.35838
0.4274 1.35886
0.4275 1.35928
0.4276 1.35921
0.4277 1.35956
0.4278 1.35959
0.4279 1.35985
0.428 1.36057
0.4281 1.36124
0.4282 1.36173
0.4283 1.3618
0.4284 1.36171
0.4285 1.3616
0.4286 1.36146
0.4287 1.3616
0.4288 1.36196
0.4289 1.36226
0.429 1.36265
0.4291 1.36289
0.4292 1.36271
0.4293 1.36297
0.4294 1.36335
0.4295 1.36352
0.4296 1.36342
0.4297 1.36361
0.4298 1.36388
0.4299 1.36439
0.43 1.36451
0.4301 1.36472
0.4302 1.36469
0.4303 1.36518
0.4304 1.36534
0.4305 1.36584
0.4306 1.36628
0.4307 1.36618
0.4308 1.36665
0.4309 1.36684
0.431 1.36712
0.4311 1.36749
0.4312 1.36843
0.4313 1.36884
0.4314 1.36914
0.4315 1.36974
0.4316 1.3699
0.4317 1.36986
0.4318 1.37026
0.4319 1.37078
0.432 1.37138
0.4321 1.37117
0.4322 1.37087
0.4323 1.37212
0.4324 1.37266
0.4325 1.37313
0.4326 1.37309
0.4327 1.37334
0.4328 1.37348
0.4329 1.3737
0.433 1.3741
0.4331 1.37455
0.4332 1.37492
0.4333 1.37506
0.4334 1.37589
0.4335 1.37629
0.4336 1.37654
0.4337 1.37723
0.4338 1.37748
0.4339 1.37734
0.434 1.3776
0.4341 1.37844
0.4342 1.37867
0.4343 1.379
0.4344 1.37987
0.4345 1.38013
0.4346 1.38086
0.4347 1.38124
0.4348 1.3818
0.4349 1.38209
0.435 1.38229
0.4351 1.38262
0.4352 1.3832
0.4353 1.38334
0.4354 1.38328
0.4355 1.38332
0.4356 1.38369
0.4357 1.38332
0.4358 1.38407
0.4359 1.38447
0.436 1.38466
0.4361 1.3852
0.4362 1.3856
0.4363 1.38596
0.4364 1.38679
0.4365 1.38703
0.4366 1.38726
0.4367 1.38728
0.4368 1.3874
0.4369 1.38747
0.437 1.38821
0.4371 1.38816
0.4372 1.3884
0.4373 1.3891
0.4374 1.38921
0.4375 1.38939
0.4376 1.38938
0.4377 1.38975
0.4378 1.39079
0.4379 1.39109
0.438 1.39128
0.4381 1.39155
0.4382 1.39196
0.4383 1.39205
0.4384 1.39206
0.4385 1.39245
0.4386 1.39248
0.4387 1.39253
0.4388 1.39277
0.4389 1.39305
0.439 1.39323
0.4391 1.39321
0.4392 1.39362
0.4393 1.39454
0.4394 1.39537
0.4395 1.39582
0.4396 1.39573
0.4397 1.39619
0.4398 1.39642
0.4399 1.39672
0.44 1.39701
0.4401 1.39763
0.4402 1.39838
0.4403 1.39907
0.4404 1.39944
0.4405 1.39967
0.4406 1.40002
0.4407 1.4005
0.4408 1.40121
0.4409 1.40118
0.441 1.40118
0.4411 1.40168
0.4412 1.40201
0.4413 1.40178
0.4414 1.40225
0.4415 1.40271
0.4416 1.40307
0.4417 1.40335
0.4418 1.40371
0.4419 1.40375
0.442 1.40419
0.4421 1.40453
0.4422 1.40468
0.4423 1.40475
0.4424 1.40475
0.4425 1.40475
0.4426 1.40532
0.4427 1.40546
0.4428 1.40633
0.4429 1.40686
0.443 1.40735
0.4431 1.40725
0.4432 1.40758
0.4433 1.40872
0.4434 1.40883
0.4435 1.40918
0.4436 1.40966
0.4437 1.4099
0.4438 1.41049
0.4439 1.41049
0.444 1.41072
0.4441 1.41058
0.4442 1.41021
0.4443 1.4105
0.4444 1.41062
0.4445 1.41046
0.4446 1.41101
0.4447 1.41176
0.4448 1.41188
0.4449 1.4122
0.445 1.41305
0.4451 1.41245
0.4452 1.41306
0.4453 1.41277
0.4454 1.41299
0.4455 1.4133
0.4456 1.41321
0.4457 1.41359
0.4458 1.41439
0.4459 1.41474
0.446 1.41479
0.4461 1.41506
0.4462 1.41555
0.4463 1.41581
0.4464 1.41626
0.4465 1.41639
0.4466 1.41695
0.4467 1.41731
0.4468 1.41779
0.4469 1.41802
0.447 1.41824
0.4471 1.41869
0.4472 1.41905
0.4473 1.41908
0.4474 1.42027
0.4475 1.42041
0.4476 1.42072
0.4477 1.42122
0.4478 1.42166
0.4479 1.42157
0.448 1.42186
0.4481 1.4219
0.4482 1.42242
0.4483 1.4229
0.4484 1.42309
0.4485 1.42385
0.4486 1.42404
0.4487 1.42396
0.4488 1.42383
0.4489 1.42454
0.449 1.42429
0.4491 1.42486
0.4492 1.42538
0.4493 1.42615
0.4494 1.42662
0.4495 1.42674
0.4496 1.42693
0.4497 1.4273
0.4498 1.42745
0.4499 1.42835
0.45 1.42859
0.4501 1.42964
0.4502 1.42955
0.4503 1.42938
0.4504 1.42981
0.4505 1.42949
0.4506 1.42985
0.4507 1.43015
0.4508 1.42981
0.4509 1.43021
0.451 1.42997
0.4511 1.42994
0.4512 1.43025
0.4513 1.43015
0.4514 1.43041
0.4515 1.43085
0.4516 1.43093
0.4517 1.4312
0.4518 1.43098
0.4519 1.43193
0.452 1.43238
0.4521 1.43228
0.4522 1.43278
0.4523 1.43349
0.4524 1.43374
0.4525 1.43351
0.4526 1.43402
0.4527 1.43404
0.4528 1.43471
0.4529 1.43494
0.453 1.43538
0.4531 1.43543
0.4532 1.4362
0.4533 1.43595
0.4534 1.43597
0.4535 1.43674
0.4536 1.43654
0.4537 1.43642
0.4538 1.43684
0.4539 1.4373
0.454 1.43765
0.4541 1.43834
0.4542 1.43856
0.4543 1.43868
0.4544 1.4391
0.4545 1.43981
0.4546 1.43973
0.4547 1.44016
0.4548 1.44058
0.4549 1.44098
0.455 1.44138
0.4551 1.44248
0.4552 1.44287
0.4553 1.44266
0.4554 1.44306
0.4555 1.44315
0.4556 1.44309
0.4557 1.44342
0.4558 1.44404
0.4559 1.4442
0.456 1.44459
0.4561 1.44421
0.4562 1.44483
0.4563 1.44514
0.4564 1.44527
0.4565 1.44617
0.4566 1.44675
0.4567 1.44665
0.4568 1.44677
0.4569 1.44674
0.457 1.44782
0.4571 1.44789
0.4572 1.44816
0.4573 1.4481
0.4574 1.44845
0.4575 1.44878
0.4576 1.4487
0.4577 1.44857
0.4578 1.44816
0.4579 1.44809
0.458 1.44799
0.4581 1.44837
0.4582 1.44879
0.4583 1.44912
0.4584 1.44957
0.4585 1.44974
0.4586 1.45052
0.4587 1.45097
0.4588 1.45117
0.4589 1.4513
0.459 1.45137
0.4591 1.45079
0.4592 1.45137
0.4593 1.45215
0.4594 1.45258
0.4595 1.45261
0.4596 1.45347
0.4597 1.45399
0.4598 1.45407
0.4599 1.45388
0.46 1.45457
0.4601 1.45478
0.4602 1.45469
0.4603 1.45499
0.4604 1.45528
0.4605 1.45506
0.4606 1.45594
0.4607 1.45582
0.4608 1.4562
0.4609 1.45644
0.461 1.45638
0.4611 1.4563
0.4612 1.45666
0.4613 1.45765
0.4614 1.45741
0.4615 1.45818
0.4616 1.45822
0.4617 1.45816
0.4618 1.45809
0.4619 1.4585
0.462 1.45866
0.4621 1.45927
0.4622 1.45973
0.4623 1.45985
0.4624 1.46013
0.4625 1.46016
0.4626 1.46042
0.4627 1.46054
0.4628 1.4607
0.4629 1.46132
0.463 1.46121
0.4631 1.46161
0.4632 1.46194
0.4633 1.4623
0.4634 1.46275
0.4635 1.46306
0.4636 1.46296
0.4637 1.46322
0.4638 1.46317
0.4639 1.46381
0.464 1.46457
0.4641 1.46527
0.4642 1.46524
0.4643 1.46539
0.4644 1.46567
0.4645 1.46579
0.4646 1.46583
0.4647 1.46618
0.4648 1.46621
0.4649 1.46658
0.465 1.46682
0.4651 1.46713
0.4652 1.46769
0.4653 1.46822
0.4654 1.46827
0.4655 1.46775
0.4656 1.46788
0.4657 1.46821
0.4658 1.46824
0.4659 1.46803
0.466 1.46806
0.4661 1.46796
0.4662 1.46854
0.4663 1.46814
0.4664 1.46823
0.4665 1.46829
0.4666 1.46805
0.4667 1.4679
0.4668 1.46869
0.4669 1.46859
0.467 1.46925
0.4671 1.46999
0.4672 1.47093
0.4673 1.47091
0.4674 1.47159
0.4675 1.47135
0.4676 1.47133
0.4677 1.47152
0.4678 1.4717
0.4679 1.4722
0.468 1.47257
0.4681 1.47234
0.4682 1.4722
0.4683 1.4728
0.4684 1.47291
0.4685 1.47277
0.4686 1.47238
0.4687 1.47246
0.4688 1.4728
0.4689 1.47334
0.469 1.47395
0.4691 1.47445
0.4692 1.47454
0.4693 1.4747
0.4694 1.47518
0.4695 1.47588
0.4696 1.47625
0.4697 1.47634
0.4698 1.47731
0.4699 1.47747
0.47 1.47799
0.4701 1.47824
0.4702 1.47837
0.4703 1.47885
0.4704 1.47897
0.4705 1.47975
0.4706 1.48001
0.4707 1.48082
0.4708 1.48107
0.4709 1.4815
0.471 1.48146
0.4711 1.48185
0.4712 1.48157
0.4713 1.48164
0.4714 1.48205
0.4715 1.48248
0.4716 1.48345
0.4717 1.48379
0.4718 1.48442
0.4719 1.48515
0.472 1.48547
0.4721 1.48567
0.4722 1.48525
0.4723 1.48532
0.4724 1.48542
0.4725 1.48603
0.4726 1.48623
0.4727 1.48601
0.4728 1.48613
0.4729 1.4866
0.473 1.48721
0.4731 1.4874
0.4732 1.48777
0.4733 1.48817
0.4734 1.48842
0.4735 1.48857
0.4736 1.48906
0.4737 1.48971
0.4738 1.49033
0.4739 1.49065
0.474 1.49079
0.4741 1.49083
0.4742 1.49178
0.4743 1.49187
0.4744 1.49256
0.4745 1.49259
0.4746 1.49338
0.4747 1.49326
0.4748 1.49322
0.4749 1.49352
0.475 1.49362
0.4751 1.49415
0.4752 1.49414
0.4753 1.49457
0.4754 1.49422
0.4755 1.49456
0.4756 1.49499
0.4757 1.49541
0.4758 1.49558
0.4759 1.49542
0.476 1.49538
0.4761 1.49513
0.4762 1.49569
0.4763 1.4962
0.4764 1.49623
0.4765 1.49637
0.4766 1.49652
0.4767 1.49694
0.4768 1.49729
0.4769 1.49742
0.477 1.49735
0.4771 1.49768
0.4772 1.49846
0.4773 1.49911
0.4774 1.49918
0.4775 1.49968
0.4776 1.50018
0.4777 1.50044
0.4778 1.5007
0.4779 1.50088
0.478 1.50117
0.4781 1.50191
0.4782 1.50189
0.4783 1.5016
0.4784 1.50159
0.4785 1.50186
0.4786 1.50208
0.4787 1.5023
0.4788 1.50338
0.4789 1.5037
0.479 1.50416
0.4791 1.50443
0.4792 1.50544
0.4793 1.50561
0.4794 1.506
0.4795 1.50602
0.4796 1.50671
0.4797 1.50648
0.4798 1.50678
0.4799 1.50772
0.48 1.50843
0.4801 1.50866
0.4802 1.50902
0.4803 1.50949
0.4804 1.50991
0.4805 1.51047
0.4806 1.51048
0.4807 1.51039
0.4808 1.51036
0.4809 1.51071
0.481 1.51065
0.4811 1.51058
0.4812 1.51146
0.4813 1.51156
0.4814 1.51216
0.4815 1.51269
0.4816 1.51321
0.4817 1.51444
0.4818 1.51434
0.4819 1.51411
0.482 1.51473
0.4821 1.51536
0.4822 1.51606
0.4823 1.51633
0.4824 1.51726
0.4825 1.51711
0.4826 1.51719
0.4827 1.51729
0.4828 1.51787
0.4829 1.51771
0.483 1.51817
0.4831 1.51852
0.4832 1.51877
0.4833 1.51932
0.4834 1.51981
0.4835 1.51935
0.4836 1.51936
0.4837 1.51889
0.4838 1.51866
0.4839 1.51908
0.484 1.51973
0.4841 1.52067
0.4842 1.52118
0.4843 1.52086
0.4844 1.52048
0.4845 1.52084
0.4846 1.52146
0.4847 1.52217
0.4848 1.52184
0.4849 1.52236
0.485 1.52363
0.4851 1.5234
0.4852 1.52336
0.4853 1.52384
0.4854 1.52412
0.4855 1.52429
0.4856 1.5252
0.4857 1.52612
0.4858 1.52668
0.4859 1.52669
0.486 1.52672
0.4861 1.52727
0.4862 1.52718
0.4863 1.5276
0.4864 1.52733
0.4865 1.5275
0.4866 1.52798
0.4867 1.528
0.4868 1.52843
0.4869 1.52917
0.487 1.52859
0.4871 1.52913
0.4872 1.52983
0.4873 1.5302
0.4874 1.53015
0.4875 1.53089
0.4876 1.53058
0.4877 1.53077
0.4878 1.53146
0.4879 1.53134
0.488 1.53168
0.4881 1.53242
0.4882 1.53288
0.4883 1.53274
0.4884 1.533
0.4885 1.53334
0.4886 1.5339
0.4887 1.53424
0.4888 1.53427
0.4889 1.53452
0.489 1.53455
0.4891 1.53462
0.4892 1.53485
0.4893 1.53496
0.4894 1.53456
0.4895 1.53517
0.4896 1.53626
0.4897 1.53653
0.4898 1.53676
0.4899 1.53667
0.49 1.53709
0.4901 1.53788
0.4902 1.53775
0.4903 1.53759
0.4904 1.53841
0.4905 1.53895
0.4906 1.53991
0.4907 1.54035
0.4908 1.54045
0.4909 1.54053
0.491 1.54113
