0 0
0.0001 0.000391267
0.0002 0.00079213
0.0003 0.00120344
0.0004 0.00161239
0.0005 0.00201782
0.0006 0.00241427
0.0007 0.00282766
0.0008 0.00322884
0.0009 0.00365516
0.001 0.00405008
0.0011 0.00444462
0.0012 0.00485289
0.0013 0.00526715
0.0014 0.00572381
0.0015 0.00613273
0.0016 0.00654808
0.0017 0.00693263
0.0018 0.00732497
0.0019 0.00769646
0.002 0.00807345
0.0021 0.00846643
0.0022 0.00882586
0.0023 0.0091851
0.0024 0.00959493
0.0025 0.00997596
0.0026 0.0103635
0.0027 0.0107575
0.0028 0.0111292
0.0029 0.0115161
0.003 0.0119462
0.0031 0.0123738
0.0032 0.0127769
0.0033 0.0131691
0.0034 0.0135666
0.0035 0.0139408
0.0036 0.0142947
0.0037 0.0147031
0.0038 0.0151144
0.0039 0.0155288
0.004 0.015875
0.0041 0.0162675
0.0042 0.0167238
0.0043 0.0171663
0.0044 0.0175831
0.0045 0.0179836
0.0046 0.0183817
0.0047 0.0188216
0.0048 0.0192298
0.0049 0.0196072
0.005 0.0199916
0.0051 0.0203559
0.0052 0.020749
0.0053 0.0211715
0.0054 0.0215618
0.0055 0.0219108
0.0056 0.0222492
0.0057 0.0226525
0.0058 0.0229844
0.0059 0.0233259
0.006 0.0237347
0.0061 0.0241753
0.0062 0.0245346
0.0063 0.0249919
0.0064 0.0254365
0.0065 0.0258268
0.0066 0.0261796
0.0067 0.02665
0.0068 0.0271136
0.0069 0.0274924
0.007 0.0278806
0.0071 0.0282416
0.0072 0.0286268
0.0073 0.0290396
0.0074 0.0294286
0.0075 0.0298498
0.0076 0.0301219
0.0077 0.0306176
0.0078 0.0309478
0.0079 0.0313683
0.008 0.0318637
0.0081 0.0322441
0.0082 0.0326139
0.0083 0.0329506
0.0084 0.0333405
0.0085 0.0335888
0.0086 0.0339576
0.0087 0.0343526
0.0088 0.0347904
0.0089 0.0352276
0.009 0.0356973
0.0091 0.0360721
0.0092 0.0364232
0.0093 0.0367119
0.0094 0.0370841
0.0095 0.0375553
0.0096 0.0380479
0.0097 0.0384018
0.0098 0.0387985
0.0099 0.0391504
0.01 0.0395579
0.0101 0.0398754
0.0102 0.0403332
0.0103 0.0407464
0.0104 0.0411818
0.0105 0.041573
0.0106 0.0419798
0.0107 0.0424013
0.0108 0.0428434
0.0109 0.0433685
0.011 0.0437323
0.0111 0.0440244
0.0112 0.0443982
0.0113 0.0448092
0.0114 0.0451794
0.0115 0.0456913
0.0116 0.0461154
0.0117 0.0466129
0.0118 0.0470017
0.0119 0.0473714
0.012 0.0478355
0.0121 0.0482494
0.0122 0.0485861
0.0123 0.0489761
0.0124 0.0494999
0.0125 0.0498632
0.0126 0.0502698
0.0127 0.0506191
0.0128 0.0510809
0.0129 0.0514872
0.013 0.0517829
0.0131 0.0521454
0.0132 0.0525328
0.0133 0.0529021
0.0134 0.0533426
0.0135 0.0538327
0.0136 0.0542224
0.0137 0.0545562
0.0138 0.0549381
0.0139 0.0553864
0.014 0.0557994
0.0141 0.0562197
0.0142 0.056589
0.0143 0.0569824
0.0144 0.0572844
0.0145 0.0577037
0.0146 0.0580594
0.0147 0.058471
0.0148 0.0589464
0.0149 0.0592344
0.015 0.0596608
0.0151 0.0601201
0.0152 0.0604067
0.0153 0.0607404
0.0154 0.0610842
0.0155 0.0615631
0.0156 0.0618345
0.0157 0.0621785
0.0158 0.0625937
0.0159 0.0629337
0.016 0.063144
0.0161 0.0634927
0.0162 0.0638753
0.0163 0.0642825
0.0164 0.0647227
0.0165 0.0651817
0.0166 0.0654264
0.0167 0.0658393
0.0168 0.0661462
0.0169 0.0664899
0.017 0.0668554
0.0171 0.0671274
0.0172 0.0675438
0.0173 0.0680889
0.0174 0.0684844
0.0175 0.0688487
0.0176 0.069235
0.0177 0.0696066
0.0178 0.0698462
0.0179 0.0702668
0.018 0.0706815
0.0181 0.0712476
0.0182 0.0715985
0.0183 0.071993
0.0184 0.0723596
0.0185 0.0729646
0.0186 0.0732753
0.0187 0.0737781
0.0188 0.0742369
0.0189 0.0746861
0.019 0.0751845
0.0191 0.0755238
0.0192 0.075764
0.0193 0.0761256
0.0194 0.0764054
0.0195 0.076701
0.0196 0.0771719
0.0197 0.0775632
0.0198 0.0779335
0.0199 0.0783044
0.02 0.0787392
0.0201 0.0793375
0.0202 0.0797767
0.0203 0.0800594
0.0204 0.0805463
0.0205 0.0808946
0.0206 0.0813121
0.0207 0.0815708
0.0208 0.081921
0.0209 0.0823299
0.021 0.0826944
0.0211 0.0829803
0.0212 0.08329
0.0213 0.0837037
0.0214 0.0838758
0.0215 0.0843145
0.0216 0.0845404
0.0217 0.0850188
0.0218 0.0854496
0.0219 0.0855648
0.022 0.0860339
0.0221 0.0863087
0.0222 0.0867471
0.0223 0.0871916
0.0224 0.0877232
0.0225 0.0880128
0.0226 0.0885198
0.0227 0.0887968
0.0228 0.0890803
0.0229 0.0893771
0.023 0.0898797
0.0231 0.0901595
0.0232 0.0905726
0.0233 0.0909097
0.0234 0.091321
0.0235 0.0916733
0.0236 0.0920794
0.0237 0.0924347
0.0238 0.0926738
0.0239 0.0931645
0.024 0.0935686
0.0241 0.0940104
0.0242 0.0944464
0.0243 0.0947767
0.0244 0.0951804
0.0245 0.0955726
0.0246 0.0960113
0.0247 0.0963889
0.0248 0.0966863
0.0249 0.0970105
0.025 0.097314
0.0251 0.0978434
0.0252 0.098097
0.0253 0.0984417
0.0254 0.0987638
0.0255 0.0992333
0.0256 0.0994873
0.0257 0.0996861
0.0258 0.0999604
0.0259 0.100319
0.026 0.100737
0.0261 0.101148
0.0262 0.101655
0.0263 0.102122
0.0264 0.10247
0.0265 0.102734
0.0266 0.103132
0.0267 0.10329
0.0268 0.103479
0.0269 0.103889
0.027 0.104165
0.0271 0.104385
0.0272 0.104899
0.0273 0.105321
0.0274 0.105725
0.0275 0.106103
0.0276 0.10649
0.0277 0.106906
0.0278 0.107308
0.0279 0.107514
0.028 0.107779
0.0281 0.108165
0.0282 0.108583
0.0283 0.108944
0.0284 0.109356
0.0285 0.10975
0.0286 0.110116
0.0287 0.110597
0.0288 0.11106
0.0289 0.111565
0.029 0.11184
0.0291 0.112213
0.0292 0.112634
0.0293 0.113046
0.0294 0.11349
0.0295 0.113925
0.0296 0.114332
0.0297 0.114777
0.0298 0.11504
0.0299 0.115461
0.03 0.115723
0.0301 0.116227
0.0302 0.116661
0.0303 0.117076
0.0304 0.11743
0.0305 0.117741
0.0306 0.118041
0.0307 0.118402
0.0308 0.118866
0.0309 0.11925
0.031 0.119755
0.0311 0.120243
0.0312 0.12061
0.0313 0.120989
0.0314 0.121389
0.0315 0.121852
0.0316 0.122283
0.0317 0.122742
0.0318 0.122961
0.0319 0.123263
0.032 0.123629
0.0321 0.123794
0.0322 0.124319
0.0323 0.124709
0.0324 0.125234
0.0325 0.125607
0.0326 0.125877
0.0327 0.126223
0.0328 0.126445
0.0329 0.126854
0.033 0.12716
0.0331 0.127714
0.0332 0.128109
0.0333 0.128549
0.0334 0.128939
0.0335 0.129289
0.0336 0.129697
0.0337 0.129792
0.0338 0.130057
0.0339 0.130332
0.034 0.130778
0.0341 0.131124
0.0342 0.131429
0.0343 0.131774
0.0344 0.132087
0.0345 0.132374
0.0346 0.13256
0.0347 0.132783
0.0348 0.13312
0.0349 0.13354
0.035 0.133777
0.0351 0.134281
0.0352 0.134765
0.0353 0.13519
0.0354 0.135513
0.0355 0.135713
0.0356 0.136097
0.0357 0.136522
0.0358 0.136895
0.0359 0.137108
0.036 0.137489
0.0361 0.138017
0.0362 0.138317
0.0363 0.138577
0.0364 0.138876
0.0365 0.139084
0.0366 0.139425
0.0367 0.139843
0.0368 0.140025
0.0369 0.140219
0.037 0.140689
0.0371 0.141096
0.0372 0.1415
0.0373 0.141773
0.0374 0.142253
0.0375 0.142597
0.0376 0.142742
0.0377 0.142977
0.0378 0.143391
0.0379 0.143779
0.038 0.144175
0.0381 0.144293
0.0382 0.144604
0.0383 0.144925
0.0384 0.145303
0.0385 0.145727
0.0386 0.146151
0.0387 0.146318
0.0388 0.146737
0.0389 0.147017
0.039 0.147582
0.0391 0.14803
0.0392 0.148434
0.0393 0.148891
0.0394 0.149179
0.0395 0.149584
0.0396 0.149841
0.0397 0.1501
0.0398 0.150198
0.0399 0.150498
0.04 0.150703
0.0401 0.150997
0.0402 0.151274
0.0403 0.151399
0.0404 0.151789
0.0405 0.152136
0.0406 0.152647
0.0407 0.153126
0.0408 0.153639
0.0409 0.154063
0.041 0.154352
0.0411 0.15469
0.0412 0.155033
0.0413 0.155352
0.0414 0.155714
0.0415 0.15586
0.0416 0.156181
0.0417 0.156731
0.0418 0.157203
0.0419 0.157495
0.042 0.157727
0.0421 0.157777
0.0422 0.15798
0.0423 0.158256
0.0424 0.15847
0.0425 0.158867
0.0426 0.159346
0.0427 0.159547
0.0428 0.159895
0.0429 0.160478
0.043 0.160892
0.0431 0.1612
0.0432 0.16163
0.0433 0.161924
0.0434 0.162464
0.0435 0.162699
0.0436 0.162998
0.0437 0.163179
0.0438 0.163363
0.0439 0.163638
0.044 0.164059
0.0441 0.164238
0.0442 0.164489
0.0443 0.16499
0.0444 0.165533
0.0445 0.165967
0.0446 0.165916
0.0447 0.166343
0.0448 0.166694
0.0449 0.166986
0.045 0.16741
0.0451 0.167832
0.0452 0.168254
0.0453 0.168495
0.0454 0.16877
0.0455 0.169132
0.0456 0.169483
0.0457 0.169818
0.0458 0.170166
0.0459 0.170606
0.046 0.170847
0.0461 0.171349
0.0462 0.171642
0.0463 0.172117
0.0464 0.172511
0.0465 0.1728
0.0466 0.173183
0.0467 0.173491
0.0468 0.174
0.0469 0.174187
0.047 0.174417
0.0471 0.175077
0.0472 0.175375
0.0473 0.175671
0.0474 0.175733
0.0475 0.176184
0.0476 0.176671
0.0477 0.17695
0.0478 0.177477
0.0479 0.177652
0.048 0.177986
0.0481 0.178177
0.0482 0.178594
0.0483 0.1787
0.0484 0.178706
0.0485 0.179022
0.0486 0.179291
0.0487 0.179784
0.0488 0.180289
0.0489 0.180449
0.049 0.180589
0.0491 0.180992
0.0492 0.181206
0.0493 0.181519
0.0494 0.181765
0.0495 0.18221
0.0496 0.182545
0.0497 0.182947
0.0498 0.183215
0.0499 0.183638
0.05 0.184009
0.0501 0.184463
0.0502 0.184798
0.0503 0.18512
0.0504 0.185614
0.0505 0.185955
0.0506 0.186542
0.0507 0.186712
0.0508 0.186807
0.0509 0.187083
0.051 0.187511
0.0511 0.187895
0.0512 0.188007
0.0513 0.188591
0.0514 0.188989
0.0515 0.189241
0.0516 0.18955
0.0517 0.189899
0.0518 0.19012
0.0519 0.190639
0.052 0.191005
0.0521 0.191094
0.0522 0.191332
0.0523 0.191378
0.0524 0.19197
0.0525 0.192335
0.0526 0.192645
0.0527 0.193063
0.0528 0.19332
0.0529 0.193702
0.053 0.194129
0.0531 0.194605
0.0532 0.19515
0.0533 0.195447
0.0534 0.195823
0.0535 0.196255
0.0536 0.196646
0.0537 0.196999
0.0538 0.197262
0.0539 0.197469
0.054 0.197725
0.0541 0.1979
0.0542 0.198152
0.0543 0.198395
0.0544 0.198759
0.0545 0.198862
0.0546 0.199261
0.0547 0.199413
0.0548 0.199732
0.0549 0.20013
0.055 0.200314
0.0551 0.200662
0.0552 0.200922
0.0553 0.201312
0.0554 0.201664
0.0555 0.20216
0.0556 0.202317
0.0557 0.202703
0.0558 0.203159
0.0559 0.203409
0.056 0.203801
0.0561 0.204083
0.0562 0.204494
0.0563 0.204814
0.0564 0.205033
0.0565 0.205314
0.0566 0.205875
0.0567 0.206095
0.0568 0.206355
0.0569 0.206501
0.057 0.206944
0.0571 0.207147
0.0572 0.207629
0.0573 0.208071
0.0574 0.208387
0.0575 0.208614
0.0576 0.208982
0.0577 0.209477
0.0578 0.209712
0.0579 0.210032
0.058 0.210406
0.0581 0.210639
0.0582 0.210674
0.0583 0.211273
0.0584 0.211529
0.0585 0.211976
0.0586 0.212224
0.0587 0.212649
0.0588 0.212824
0.0589 0.213193
0.059 0.213553
0.0591 0.213808
0.0592 0.214038
0.0593 0.214394
0.0594 0.214654
0.0595 0.214744
0.0596 0.215015
0.0597 0.215496
0.0598 0.216077
0.0599 0.216464
0.06 0.216773
0.0601 0.217212
0.0602 0.217726
0.0603 0.217662
0.0604 0.217992
0.0605 0.218575
0.0606 0.218933
0.0607 0.219282
0.0608 0.219548
0.0609 0.220124
0.061 0.220445
0.0611 0.220597
0.0612 0.221105
0.0613 0.221266
0.0614 0.221595
0.0615 0.221831
0.0616 0.222403
0.0617 0.222575
0.0618 0.222764
0.0619 0.222926
0.062 0.223083
0.0621 0.22344
0.0622 0.223764
0.0623 0.224192
0.0624 0.224769
0.0625 0.224977
0.0626 0.225069
0.0627 0.225288
0.0628 0.225728
0.0629 0.226009
0.063 0.226342
0.0631 0.226827
0.0632 0.227279
0.0633 0.227623
0.0634 0.227959
0.0635 0.228088
0.0636 0.228386
0.0637 0.228662
0.0638 0.228936
0.0639 0.229368
0.064 0.22973
0.0641 0.23034
0.0642 0.230597
0.0643 0.231104
0.0644 0.231308
0.0645 0.231728
0.0646 0.231925
0.0647 0.232205
0.0648 0.232527
0.0649 0.232754
0.065 0.233057
0.0651 0.233314
0.0652 0.233473
0.0653 0.233816
0.0654 0.234023
0.0655 0.234367
0.0656 0.234805
0.0657 0.235146
0.0658 0.235342
0.0659 0.235426
0.066 0.235765
0.0661 0.236013
0.0662 0.2364
0.0663 0.236808
0.0664 0.237143
0.0665 0.237369
0.0666 0.237832
0.0667 0.238174
0.0668 0.238654
0.0669 0.2393
0.067 0.239523
0.0671 0.239855
0.0672 0.240302
0.0673 0.24068
0.0674 0.240854
0.0675 0.240963
0.0676 0.241465
0.0677 0.241758
0.0678 0.242022
0.0679 0.242212
0.068 0.242484
0.0681 0.242895
0.0682 0.243168
0.0683 0.2436
0.0684 0.244103
0.0685 0.244685
0.0686 0.245047
0.0687 0.245068
0.0688 0.245339
0.0689 0.245535
0.069 0.245867
0.0691 0.246278
0.0692 0.246614
0.0693 0.246969
0.0694 0.247257
0.0695 0.247592
0.0696 0.247809
0.0697 0.248223
0.0698 0.248387
0.0699 0.24856
0.07 0.24899
0.0701 0.249643
0.0702 0.249805
0.0703 0.250361
0.0704 0.250601
0.0705 0.250638
0.0706 0.251191
0.0707 0.251434
0.0708 0.251796
0.0709 0.252237
0.071 0.252697
0.0711 0.253207
0.0712 0.253593
0.0713 0.253906
0.0714 0.254367
0.0715 0.25475
0.0716 0.25503
0.0717 0.255251
0.0718 0.255689
0.0719 0.255975
0.072 0.256173
0.0721 0.256514
0.0722 0.256874
0.0723 0.256891
0.0724 0.25717
0.0725 0.257453
0.0726 0.257642
0.0727 0.257796
0.0728 0.257989
0.0729 0.258438
0.073 0.258723
0.0731 0.259031
0.0732 0.25936
0.0733 0.259398
0.0734 0.259731
0.0735 0.260028
0.0736 0.260429
0.0737 0.26079
0.0738 0.261301
0.0739 0.261603
0.074 0.261968
0.0741 0.262389
0.0742 0.262715
0.0743 0.263044
0.0744 0.263461
0.0745 0.263987
0.0746 0.264408
0.0747 0.264667
0.0748 0.26491
0.0749 0.265164
0.075 0.265293
0.0751 0.26579
0.0752 0.266167
0.0753 0.266488
0.0754 0.266694
0.0755 0.267017
0.0756 0.267432
0.0757 0.267457
0.0758 0.26782
0.0759 0.268339
0.076 0.268829
0.0761 0.269324
0.0762 0.269782
0.0763 0.270171
0.0764 0.270469
0.0765 0.270803
0.0766 0.271134
0.0767 0.271616
0.0768 0.271913
0.0769 0.272197
0.077 0.272279
0.0771 0.272679
0.0772 0.27315
0.0773 0.27363
0.0774 0.274026
0.0775 0.274352
0.0776 0.274775
0.0777 0.275243
0.0778 0.275846
0.0779 0.276195
0.078 0.276477
0.0781 0.276842
0.0782 0.277056
0.0783 0.277439
0.0784 0.277888
0.0785 0.27813
0.0786 0.278503
0.0787 0.278552
0.0788 0.278915
0.0789 0.278983
0.079 0.279221
0.0791 0.279694
0.0792 0.280054
0.0793 0.280418
0.0794 0.280771
0.0795 0.28116
0.0796 0.281289
0.0797 0.281605
0.0798 0.282101
0.0799 0.282376
0.08 0.282752
0.0801 0.283027
0.0802 0.283541
0.0803 0.283926
0.0804 0.284093
0.0805 0.284648
0.0806 0.28493
0.0807 0.285173
0.0808 0.285459
0.0809 0.285728
0.081 0.286317
0.0811 0.286467
0.0812 0.286947
0.0813 0.287376
0.0814 0.287811
0.0815 0.288372
0.0816 0.288548
0.0817 0.288862
0.0818 0.289278
0.0819 0.289755
0.082 0.290114
0.0821 0.290353
0.0822 0.290809
0.0823 0.290993
0.0824 0.291058
0.0825 0.291378
0.0826 0.291784
0.0827 0.292246
0.0828 0.292439
0.0829 0.292677
0.083 0.293007
0.0831 0.293194
0.0832 0.293332
0.0833 0.293825
0.0834 0.294461
0.0835 0.294733
0.0836 0.295102
0.0837 0.295572
0.0838 0.296103
0.0839 0.296436
0.084 0.296593
0.0841 0.29688
0.0842 0.297053
0.0843 0.297175
0.0844 0.297731
0.0845 0.298243
0.0846 0.298744
0.0847 0.299317
0.0848 0.299471
0.0849 0.299871
0.085 0.300147
0.0851 0.300627
0.0852 0.301123
0.0853 0.301609
0.0854 0.30186
0.0855 0.302213
0.0856 0.302282
0.0857 0.302561
0.0858 0.302944
0.0859 0.303431
0.086 0.303609
0.0861 0.30375
0.0862 0.304358
0.0863 0.304815
0.0864 0.30513
0.0865 0.305648
0.0866 0.306078
0.0867 0.306206
0.0868 0.306687
0.0869 0.306669
0.087 0.306948
0.0871 0.30731
0.0872 0.307731
0.0873 0.308037
0.0874 0.308213
0.0875 0.308559
0.0876 0.309051
0.0877 0.309259
0.0878 0.309778
0.0879 0.310044
0.088 0.310309
0.0881 0.310536
0.0882 0.310895
0.0883 0.311158
0.0884 0.311141
0.0885 0.311474
0.0886 0.311935
0.0887 0.312161
0.0888 0.312364
0.0889 0.312957
0.089 0.313072
0.0891 0.313125
0.0892 0.313194
0.0893 0.313814
0.0894 0.313743
0.0895 0.313901
0.0896 0.314187
0.0897 0.314643
0.0898 0.314918
0.0899 0.315461
0.09 0.315697
0.0901 0.315924
0.0902 0.316427
0.0903 0.316764
0.0904 0.316997
0.0905 0.317424
0.0906 0.317795
0.0907 0.318308
0.0908 0.318629
0.0909 0.319009
0.091 0.319284
0.0911 0.319552
0.0912 0.319662
0.0913 0.319825
0.0914 0.320388
0.0915 0.320482
0.0916 0.321007
0.0917 0.321367
0.0918 0.321547
0.0919 0.32183
0.092 0.322127
0.0921 0.322068
0.0922 0.322656
0.0923 0.322965
0.0924 0.323317
0.0925 0.323669
0.0926 0.323924
0.0927 0.32433
0.0928 0.324605
0.0929 0.325137
0.093 0.325306
0.0931 0.32571
0.0932 0.32583
0.0933 0.326166
0.0934 0.326563
0.0935 0.326856
0.0936 0.32731
0.0937 0.327679
0.0938 0.327938
0.0939 0.328417
0.094 0.328846
0.0941 0.329356
0.0942 0.329311
0.0943 0.32963
0.0944 0.329971
0.0945 0.33054
0.0946 0.330806
0.0947 0.331187
0.0948 0.331469
0.0949 0.331648
0.095 0.332287
0.0951 0.332773
0.0952 0.332827
0.0953 0.333288
0.0954 0.333632
0.0955 0.333635
0.0956 0.333919
0.0957 0.3341
0.0958 0.334613
0.0959 0.335097
0.096 0.335248
0.0961 0.335717
0.0962 0.336081
0.0963 0.336432
0.0964 0.336805
0.0965 0.337291
0.0966 0.337667
0.0967 0.338139
0.0968 0.338591
0.0969 0.338926
0.097 0.339216
0.0971 0.339412
0.0972 0.339788
0.0973 0.340193
0.0974 0.340332
0.0975 0.340522
0.0976 0.34099
0.0977 0.341223
0.0978 0.34167
0.0979 0.341931
0.098 0.342154
0.0981 0.342292
0.0982 0.342438
0.0983 0.342774
0.0984 0.342905
0.0985 0.343033
0.0986 0.343267
0.0987 0.343685
0.0988 0.344022
0.0989 0.344623
0.099 0.34497
0.0991 0.345503
0.0992 0.345742
0.0993 0.346074
0.0994 0.346632
0.0995 0.346859
0.0996 0.347072
0.0997 0.347296
0.0998 0.347511
0.0999 0.347876
0.1 0.348319
0.1001 0.349019
0.1002 0.349198
0.1003 0.349745
0.1004 0.350107
0.1005 0.350468
0.1006 0.350412
0.1007 0.350769
0.1008 0.350903
0.1009 0.351292
0.101 0.351862
0.1011 0.352144
0.1012 0.352315
0.1013 0.352622
0.1014 0.352889
0.1015 0.353179
0.1016 0.353594
0.1017 0.353613
0.1018 0.353679
0.1019 0.354002
0.102 0.35434
0.1021 0.354684
0.1022 0.354953
0.1023 0.355294
0.1024 0.355743
0.1025 0.356353
0.1026 0.356384
0.1027 0.356655
0.1028 0.356962
0.1029 0.357476
0.103 0.35769
0.1031 0.358056
0.1032 0.358121
0.1033 0.358264
0.1034 0.358822
0.1035 0.358878
0.1036 0.359568
0.1037 0.360001
0.1038 0.360248
0.1039 0.360702
0.104 0.361058
0.1041 0.361241
0.1042 0.361773
0.1043 0.362065
0.1044 0.362408
0.1045 0.36254
0.1046 0.362863
0.1047 0.363556
0.1048 0.363857
0.1049 0.364015
0.105 0.364194
0.1051 0.364611
0.1052 0.364853
0.1053 0.365199
0.1054 0.365483
0.1055 0.365855
0.1056 0.366023
0.1057 0.366265
0.1058 0.366488
0.1059 0.366722
0.106 0.366818
0.1061 0.367118
0.1062 0.367392
0.1063 0.367918
0.1064 0.368529
0.1065 0.368771
0.1066 0.368997
0.1067 0.36938
0.1068 0.369742
0.1069 0.370186
0.107 0.370458
0.1071 0.370866
0.1072 0.371177
0.1073 0.371782
0.1074 0.372198
0.1075 0.372327
0.1076 0.37266
0.1077 0.373282
0.1078 0.373611
0.1079 0.373679
0.108 0.3741
0.1081 0.374189
0.1082 0.374492
0.1083 0.374824
0.1084 0.375393
0.1085 0.375424
0.1086 0.375557
0.1087 0.375618
0.1088 0.376027
0.1089 0.376304
0.109 0.376565
0.1091 0.376858
0.1092 0.377038
0.1093 0.37756
0.1094 0.377846
0.1095 0.378199
0.1096 0.378469
0.1097 0.378746
0.1098 0.379147
0.1099 0.379548
0.11 0.37974
0.1101 0.380325
0.1102 0.380844
0.1103 0.381369
0.1104 0.381509
0.1105 0.381852
0.1106 0.382482
0.1107 0.382811
0.1108 0.383246
0.1109 0.383385
0.111 0.383862
0.1111 0.38417
0.1112 0.384514
0.1113 0.384711
0.1114 0.385035
0.1115 0.38516
0.1116 0.385543
0.1117 0.385957
0.1118 0.386499
0.1119 0.386834
0.112 0.387093
0.1121 0.38725
0.1122 0.387601
0.1123 0.387826
0.1124 0.387807
0.1125 0.388207
0.1126 0.388566
0.1127 0.389032
0.1128 0.389475
0.1129 0.389576
0.113 0.38968
0.1131 0.390172
0.1132 0.390777
0.1133 0.390932
0.1134 0.391262
0.1135 0.391565
0.1136 0.392017
0.1137 0.3925
0.1138 0.39273
0.1139 0.393053
0.114 0.393386
0.1141 0.393646
0.1142 0.393618
0.1143 0.394
0.1144 0.394203
0.1145 0.394464
0.1146 0.394524
0.1147 0.394857
0.1148 0.395432
0.1149 0.395593
0.115 0.395844
0.1151 0.395875
0.1152 0.396126
0.1153 0.39647
0.1154 0.396593
0.1155 0.397282
0.1156 0.397672
0.1157 0.398196
0.1158 0.39854
0.1159 0.39898
0.116 0.399173
0.1161 0.399681
0.1162 0.399784
0.1163 0.399869
0.1164 0.400248
0.1165 0.400644
0.1166 0.40093
0.1167 0.401077
0.1168 0.401438
0.1169 0.401615
0.117 0.401946
0.1171 0.402617
0.1172 0.402994
0.1173 0.403043
0.1174 0.403411
0.1175 0.403834
0.1176 0.404173
0.1177 0.404647
0.1178 0.40483
0.1179 0.405102
0.118 0.405431
0.1181 0.405744
0.1182 0.406303
0.1183 0.406819
0.1184 0.406961
0.1185 0.406857
0.1186 0.406644
0.1187 0.406791
0.1188 0.407191
0.1189 0.407553
0.119 0.407839
0.1191 0.408127
0.1192 0.40866
0.1193 0.408947
0.1194 0.409669
0.1195 0.409932
0.1196 0.410418
0.1197 0.410239
0.1198 0.410831
0.1199 0.411051
0.12 0.411252
0.1201 0.41162
0.1202 0.411816
0.1203 0.412152
0.1204 0.412555
0.1205 0.412844
0.1206 0.413534
0.1207 0.414058
0.1208 0.414193
0.1209 0.414524
0.121 0.415057
0.1211 0.415316
0.1212 0.4155
0.1213 0.416086
0.1214 0.41656
0.1215 0.417185
0.1216 0.417285
0.1217 0.417747
0.1218 0.418107
0.1219 0.418505
0.122 0.418859
0.1221 0.41915
0.1222 0.419506
0.1223 0.4201
0.1224 0.420476
0.1225 0.420842
0.1226 0.421318
0.1227 0.421728
0.1228 0.421943
0.1229 0.422321
0.123 0.42302
0.1231 0.423407
0.1232 0.423712
0.1233 0.424132
0.1234 0.424275
0.1235 0.424716
0.1236 0.425227
0.1237 0.425255
0.1238 0.425572
0.1239 0.426007
0.124 0.426152
0.1241 0.426773
0.1242 0.42712
0.1243 0.42738
0.1244 0.428054
0.1245 0.428165
0.1246 0.42874
0.1247 0.429304
0.1248 0.429789
0.1249 0.429921
0.125 0.430265
0.1251 0.430806
0.1252 0.431116
0.1253 0.431571
0.1254 0.431201
0.1255 0.431795
0.1256 0.431955
0.1257 0.432285
0.1258 0.432325
0.1259 0.432632
0.126 0.432812
0.1261 0.433219
0.1262 0.433447
0.1263 0.434003
0.1264 0.434454
0.1265 0.434544
0.1266 0.434687
0.1267 0.435232
0.1268 0.435252
0.1269 0.435693
0.127 0.435983
0.1271 0.436595
0.1272 0.436993
0.1273 0.437207
0.1274 0.43736
0.1275 0.437481
0.1276 0.437959
0.1277 0.438502
0.1278 0.438827
0.1279 0.439205
0.128 0.439742
0.1281 0.439805
0.1282 0.440494
0.1283 0.440832
0.1284 0.44113
0.1285 0.441515
0.1286 0.44196
0.1287 0.441705
0.1288 0.44216
0.1289 0.442447
0.129 0.442865
0.1291 0.443202
0.1292 0.443687
0.1293 0.443991
0.1294 0.444229
0.1295 0.444701
0.1296 0.445361
0.1297 0.445564
0.1298 0.445798
0.1299 0.446306
0.13 0.446928
0.1301 0.447322
0.1302 0.447691
0.1303 0.447771
0.1304 0.448111
0.1305 0.448454
0.1306 0.448882
0.1307 0.449329
0.1308 0.449598
0.1309 0.450237
0.131 0.450731
0.1311 0.451459
0.1312 0.451703
0.1313 0.452518
0.1314 0.452976
0.1315 0.452998
0.1316 0.45354
0.1317 0.45374
0.1318 0.454218
0.1319 0.454612
0.132 0.45463
0.1321 0.45493
0.1322 0.454811
0.1323 0.455151
0.1324 0.455228
0.1325 0.455385
0.1326 0.455793
0.1327 0.456148
0.1328 0.456505
0.1329 0.456683
0.133 0.456886
0.1331 0.45728
0.1332 0.457528
0.1333 0.457948
0.1334 0.458484
0.1335 0.458573
0.1336 0.458963
0.1337 0.459015
0.1338 0.459012
0.1339 0.459126
0.134 0.459599
0.1341 0.459947
0.1342 0.460392
0.1343 0.460622
0.1344 0.460811
0.1345 0.461125
0.1346 0.461526
0.1347 0.461621
0.1348 0.461946
0.1349 0.462397
0.135 0.462507
0.1351 0.462989
0.1352 0.463568
0.1353 0.464008
0.1354 0.463733
0.1355 0.46451
0.1356 0.464596
0.1357 0.464875
0.1358 0.465241
0.1359 0.465492
0.136 0.465741
0.1361 0.465827
0.1362 0.466069
0.1363 0.466408
0.1364 0.466821
0.1365 0.46727
0.1366 0.467927
0.1367 0.468075
0.1368 0.468151
0.1369 0.468938
0.137 0.469305
0.1371 0.469506
0.1372 0.469915
0.1373 0.470185
0.1374 0.470452
0.1375 0.47083
0.1376 0.471154
0.1377 0.471653
0.1378 0.47207
0.1379 0.472503
0.138 0.472546
0.1381 0.472704
0.1382 0.472904
0.1383 0.473498
0.1384 0.473621
0.1385 0.474062
0.1386 0.474292
0.1387 0.474535
0.1388 0.474881
0.1389 0.474937
0.139 0.475452
0.1391 0.475667
0.1392 0.476139
0.1393 0.47616
0.1394 0.476334
0.1395 0.47671
0.1396 0.477203
0.1397 0.47728
0.1398 0.477315
0.1399 0.477652
0.14 0.477998
0.1401 0.47843
0.1402 0.478798
0.1403 0.47939
0.1404 0.479524
0.1405 0.479978
0.1406 0.480479
0.1407 0.480901
0.1408 0.481123
0.1409 0.481556
0.141 0.481861
0.1411 0.482381
0.1412 0.482661
0.1413 0.482926
0.1414 0.483367
0.1415 0.484196
0.1416 0.484298
0.1417 0.484641
0.1418 0.48505
0.1419 0.485682
0.142 0.486412
0.1421 0.48675
0.1422 0.487233
0.1423 0.487943
0.1424 0.488377
0.1425 0.488651
0.1426 0.489198
0.1427 0.4896
0.1428 0.490169
0.1429 0.490446
0.143 0.491146
0.1431 0.491741
0.1432 0.491907
0.1433 0.492239
0.1434 0.49244
0.1435 0.492747
0.1436 0.492919
0.1437 0.49344
0.1438 0.493819
0.1439 0.49383
0.144 0.493849
0.1441 0.494197
0.1442 0.49446
0.1443 0.494434
0.1444 0.494707
0.1445 0.495036
0.1446 0.495533
0.1447 0.495908
0.1448 0.495985
0.1449 0.496355
0.145 0.496381
0.1451 0.496976
0.1452 0.497214
0.1453 0.497812
0.1454 0.497987
0.1455 0.49846
0.1456 0.498706
0.1457 0.499123
0.1458 0.499093
0.1459 0.499526
0.146 0.49974
0.1461 0.500157
0.1462 0.500634
0.1463 0.500883
0.1464 0.501013
0.1465 0.501157
0.1466 0.501245
0.1467 0.501625
0.1468 0.501819
0.1469 0.502321
0.147 0.503093
0.1471 0.503256
0.1472 0.50326
0.1473 0.503918
0.1474 0.504099
0.1475 0.504651
0.1476 0.505046
0.1477 0.505425
0.1478 0.505736
0.1479 0.506082
0.148 0.506291
0.1481 0.506422
0.1482 0.506794
0.1483 0.507337
0.1484 0.507515
0.1485 0.507737
0.1486 0.508042
0.1487 0.508219
0.1488 0.508349
0.1489 0.508657
0.149 0.509222
0.1491 0.509631
0.1492 0.510089
0.1493 0.51051
0.1494 0.510639
0.1495 0.510858
0.1496 0.511099
0.1497 0.511842
0.1498 0.512469
0.1499 0.512512
0.15 0.512822
0.1501 0.512885
0.1502 0.51321
0.1503 0.513471
0.1504 0.5138
0.1505 0.514106
0.1506 0.514271
0.1507 0.514568
0.1508 0.514826
0.1509 0.51508
0.151 0.515669
0.1511 0.516245
0.1512 0.516378
0.1513 0.517007
0.1514 0.517525
0.1515 0.517763
0.1516 0.518313
0.1517 0.518914
0.1518 0.519137
0.1519 0.519244
0.152 0.519508
0.1521 0.519735
0.1522 0.520067
0.1523 0.520383
0.1524 0.520781
0.1525 0.520639
0.1526 0.520969
0.1527 0.521651
0.1528 0.521961
0.1529 0.521831
0.153 0.522221
0.1531 0.52232
0.1532 0.522687
0.1533 0.522651
0.1534 0.522923
0.1535 0.52305
0.1536 0.523541
0.1537 0.523882
0.1538 0.524072
0.1539 0.524239
0.154 0.524938
0.1541 0.52542
0.1542 0.525687
0.1543 0.52612
0.1544 0.526611
0.1545 0.526526
0.1546 0.526795
0.1547 0.527674
0.1548 0.52821
0.1549 0.528507
0.155 0.528469
0.1551 0.528642
0.1552 0.529129
0.1553 0.529091
0.1554 0.529386
0.1555 0.529507
0.1556 0.529951
0.1557 0.530344
0.1558 0.530783
0.1559 0.531297
0.156 0.531864
0.1561 0.531942
0.1562 0.53214
0.1563 0.532376
0.1564 0.532749
0.1565 0.532861
0.1566 0.533235
0.1567 0.533193
0.1568 0.533149
0.1569 0.533141
0.157 0.533524
0.1571 0.533996
0.1572 0.534552
0.1573 0.534262
0.1574 0.534603
0.1575 0.535087
0.1576 0.535214
0.1577 0.535477
0.1578 0.536007
0.1579 0.536355
0.158 0.536442
0.1581 0.536593
0.1582 0.536777
0.1583 0.536786
0.1584 0.5372
0.1585 0.537386
0.1586 0.537859
0.1587 0.538152
0.1588 0.538384
0.1589 0.538643
0.159 0.538787
0.1591 0.539206
0.1592 0.539285
0.1593 0.539371
0.1594 0.539633
0.1595 0.540102
0.1596 0.54052
0.1597 0.540976
0.1598 0.541335
0.1599 0.541788
0.16 0.542257
0.1601 0.542513
0.1602 0.543004
0.1603 0.543701
0.1604 0.54417
0.1605 0.544666
0.1606 0.545429
0.1607 0.545923
0.1608 0.546337
0.1609 0.54677
0.161 0.54674
0.1611 0.546952
0.1612 0.547464
0.1613 0.547894
0.1614 0.548119
0.1615 0.548213
0.1616 0.548203
0.1617 0.548284
0.1618 0.548563
0.1619 0.548845
0.162 0.549322
0.1621 0.549316
0.1622 0.549679
0.1623 0.550038
0.1624 0.549958
0.1625 0.550398
0.1626 0.550778
0.1627 0.551129
0.1628 0.551291
0.1629 0.551402
0.163 0.551486
0.1631 0.551749
0.1632 0.552091
0.1633 0.552753
0.1634 0.552844
0.1635 0.553216
0.1636 0.553336
0.1637 0.553731
0.1638 0.553909
0.1639 0.554187
0.164 0.554538
0.1641 0.554905
0.1642 0.555204
0.1643 0.555451
0.1644 0.556089
0.1645 0.556548
0.1646 0.556965
0.1647 0.557359
0.1648 0.557442
0.1649 0.557879
0.165 0.558279
0.1651 0.558463
0.1652 0.558599
0.1653 0.558633
0.1654 0.558956
0.1655 0.558787
0.1656 0.559179
0.1657 0.559678
0.1658 0.560033
0.1659 0.560455
0.166 0.560674
0.1661 0.560959
0.1662 0.561179
0.1663 0.561291
0.1664 0.561495
0.1665 0.56189
0.1666 0.562319
0.1667 0.562842
0.1668 0.563617
0.1669 0.563772
0.167 0.564206
0.1671 0.56461
0.1672 0.564693
0.1673 0.564898
0.1674 0.565107
0.1675 0.565555
0.1676 0.566193
0.1677 0.566234
0.1678 0.56654
0.1679 0.567077
0.168 0.567452
0.1681 0.56776
0.1682 0.568302
0.1683 0.56855
0.1684 0.568837
0.1685 0.569032
0.1686 0.569556
0.1687 0.570025
0.1688 0.570414
0.1689 0.57062
0.169 0.570986
0.1691 0.571234
0.1692 0.571411
0.1693 0.571621
0.1694 0.57217
0.1695 0.572836
0.1696 0.572973
0.1697 0.573411
0.1698 0.574033
0.1699 0.574356
0.17 0.574492
0.1701 0.575017
0.1702 0.575178
0.1703 0.575758
0.1704 0.576211
0.1705 0.576495
0.1706 0.576782
0.1707 0.577468
0.1708 0.577646
0.1709 0.577983
0.171 0.578324
0.1711 0.578861
0.1712 0.579518
0.1713 0.579751
0.1714 0.580334
0.1715 0.580867
0.1716 0.581149
0.1717 0.581273
0.1718 0.581678
0.1719 0.581775
0.172 0.582052
0.1721 0.582612
0.1722 0.582387
0.1723 0.582718
0.1724 0.583103
0.1725 0.583865
0.1726 0.584021
0.1727 0.584454
0.1728 0.584766
0.1729 0.585234
0.173 0.585961
0.1731 0.586038
0.1732 0.586662
0.1733 0.586977
0.1734 0.587377
0.1735 0.587654
0.1736 0.587566
0.1737 0.587806
0.1738 0.58817
0.1739 0.588422
0.174 0.588647
0.1741 0.589135
0.1742 0.589121
0.1743 0.58949
0.1744 0.58948
0.1745 0.589746
0.1746 0.59
0.1747 0.590177
0.1748 0.590536
0.1749 0.590912
0.175 0.591298
0.1751 0.591667
0.1752 0.591882
0.1753 0.592346
0.1754 0.592697
0.1755 0.592964
0.1756 0.593381
0.1757 0.593942
0.1758 0.594052
0.1759 0.594148
0.176 0.594455
0.1761 0.594656
0.1762 0.594728
0.1763 0.594803
0.1764 0.594976
0.1765 0.595105
0.1766 0.595362
0.1767 0.595698
0.1768 0.595658
0.1769 0.595467
0.177 0.595069
0.1771 0.595462
0.1772 0.595413
0.1773 0.595975
0.1774 0.596528
0.1775 0.596817
0.1776 0.597047
0.1777 0.597447
0.1778 0.59785
0.1779 0.598029
0.178 0.598416
0.1781 0.599017
0.1782 0.599012
0.1783 0.599502
0.1784 0.59981
0.1785 0.599926
0.1786 0.60046
0.1787 0.600776
0.1788 0.601126
0.1789 0.601643
0.179 0.60201
0.1791 0.602533
0.1792 0.602702
0.1793 0.603015
0.1794 0.602905
0.1795 0.60274
0.1796 0.60349
0.1797 0.603632
0.1798 0.60413
0.1799 0.60419
0.18 0.60451
0.1801 0.604977
0.1802 0.605078
0.1803 0.605549
0.1804 0.605413
0.1805 0.605788
0.1806 0.606054
0.1807 0.60602
0.1808 0.606242
0.1809 0.60681
0.181 0.607272
0.1811 0.607599
0.1812 0.607783
0.1813 0.607895
0.1814 0.608264
0.1815 0.608655
0.1816 0.60914
0.1817 0.609579
0.1818 0.609753
0.1819 0.610008
0.182 0.61045
0.1821 0.610763
0.1822 0.611174
0.1823 0.611459
0.1824 0.611941
0.1825 0.612282
0.1826 0.61279
0.1827 0.61288
0.1828 0.61328
0.1829 0.613334
0.183 0.613803
0.1831 0.614072
0.1832 0.61439
0.1833 0.614804
0.1834 0.615433
0.1835 0.615788
0.1836 0.616216
0.1837 0.616806
0.1838 0.616984
0.1839 0.61691
0.184 0.617294
0.1841 0.617723
0.1842 0.617891
0.1843 0.618092
0.1844 0.618519
0.1845 0.61905
0.1846 0.619194
0.1847 0.619652
0.1848 0.620147
0.1849 0.620514
0.185 0.620637
0.1851 0.620747
0.1852 0.621322
0.1853 0.62175
0.1854 0.622269
0.1855 0.622762
0.1856 0.623316
0.1857 0.623819
0.1858 0.623942
0.1859 0.624085
0.186 0.624438
0.1861 0.62449
0.1862 0.624844
0.1863 0.625497
0.1864 0.625563
0.1865 0.626014
0.1866 0.626402
0.1867 0.627041
0.1868 0.6275
0.1869 0.627812
0.187 0.627892
0.1871 0.628054
0.1872 0.628154
0.1873 0.628152
0.1874 0.62887
0.1875 0.629437
0.1876 0.629734
0.1877 0.630261
0.1878 0.630642
0.1879 0.631091
0.188 0.631255
0.1881 0.631604
0.1882 0.631838
0.1883 0.632052
0.1884 0.632699
0.1885 0.633058
0.1886 0.632972
0.1887 0.633297
0.1888 0.633819
0.1889 0.633991
0.189 0.634167
0.1891 0.63455
0.1892 0.635065
0.1893 0.635709
0.1894 0.63599
0.1895 0.636351
0.1896 0.636473
0.1897 0.637095
0.1898 0.637361
0.1899 0.637872
0.19 0.638033
0.1901 0.638029
0.1902 0.638134
0.1903 0.638346
0.1904 0.638818
0.1905 0.638995
0.1906 0.639095
0.1907 0.639447
0.1908 0.639614
0.1909 0.639608
0.191 0.639602
0.1911 0.639473
0.1912 0.639608
0.1913 0.640425
0.1914 0.640656
0.1915 0.640767
0.1916 0.640885
0.1917 0.641274
0.1918 0.641688
0.1919 0.642086
0.192 0.642291
0.1921 0.642865
0.1922 0.643001
0.1923 0.643139
0.1924 0.643548
0.1925 0.644437
0.1926 0.644647
0.1927 0.644813
0.1928 0.644817
0.1929 0.64536
0.193 0.645924
0.1931 0.646592
0.1932 0.64662
0.1933 0.646796
0.1934 0.647017
0.1935 0.647555
0.1936 0.647487
0.1937 0.647238
0.1938 0.647671
0.1939 0.648035
0.194 0.648591
0.1941 0.649249
0.1942 0.649437
0.1943 0.650344
0.1944 0.650531
0.1945 0.650722
0.1946 0.651362
0.1947 0.651707
0.1948 0.65192
0.1949 0.651912
0.195 0.652025
0.1951 0.65192
0.1952 0.652482
0.1953 0.65277
0.1954 0.652983
0.1955 0.6533
0.1956 0.653874
0.1957 0.654053
0.1958 0.654182
0.1959 0.654806
0.196 0.655102
0.1961 0.655422
0.1962 0.655584
0.1963 0.656104
0.1964 0.656479
0.1965 0.656845
0.1966 0.657298
0.1967 0.65732
0.1968 0.657489
0.1969 0.657602
0.197 0.657874
0.1971 0.658084
0.1972 0.658207
0.1973 0.658302
0.1974 0.658467
0.1975 0.658952
0.1976 0.659225
0.1977 0.65966
0.1978 0.659753
0.1979 0.660012
0.198 0.660403
0.1981 0.660719
0.1982 0.660881
0.1983 0.661275
0.1984 0.661636
0.1985 0.662044
0.1986 0.661891
0.1987 0.662197
0.1988 0.662844
0.1989 0.663481
0.199 0.663773
0.1991 0.664175
0.1992 0.664034
0.1993 0.664174
0.1994 0.664846
0.1995 0.665391
0.1996 0.665616
0.1997 0.665867
0.1998 0.666128
0.1999 0.666348
0.2 0.666621
0.2001 0.666947
0.2002 0.667222
0.2003 0.667456
0.2004 0.667669
0.2005 0.66786
0.2006 0.668223
0.2007 0.66832
0.2008 0.668702
0.2009 0.669035
0.201 0.669236
0.2011 0.66939
0.2012 0.669881
0.2013 0.669964
0.2014 0.670099
0.2015 0.670951
0.2016 0.671402
0.2017 0.671351
0.2018 0.671605
0.2019 0.672263
0.202 0.672711
0.2021 0.672968
0.2022 0.673171
0.2023 0.673299
0.2024 0.673483
0.2025 0.673695
0.2026 0.673871
0.2027 0.673894
0.2028 0.673752
0.2029 0.674341
0.203 0.674698
0.2031 0.675031
0.2032 0.675337
0.2033 0.675755
0.2034 0.675902
0.2035 0.676311
0.2036 0.676634
0.2037 0.676957
0.2038 0.677563
0.2039 0.677727
0.204 0.677739
0.2041 0.678285
0.2042 0.678663
0.2043 0.679177
0.2044 0.67971
0.2045 0.679689
0.2046 0.679947
0.2047 0.680199
0.2048 0.680472
0.2049 0.681045
0.205 0.681388
0.2051 0.68162
0.2052 0.682028
0.2053 0.682443
0.2054 0.682788
0.2055 0.683666
0.2056 0.684342
0.2057 0.684223
0.2058 0.685007
0.2059 0.685293
0.206 0.685774
0.2061 0.686059
0.2062 0.686268
0.2063 0.686134
0.2064 0.6862
0.2065 0.68688
0.2066 0.686898
0.2067 0.687309
0.2068 0.687685
0.2069 0.687819
0.207 0.688325
0.2071 0.688514
0.2072 0.688687
0.2073 0.688829
0.2074 0.689138
0.2075 0.689704
0.2076 0.690152
0.2077 0.690792
0.2078 0.691202
0.2079 0.691617
0.208 0.691838
0.2081 0.692492
0.2082 0.692912
0.2083 0.693562
0.2084 0.693813
0.2085 0.694305
0.2086 0.694515
0.2087 0.694557
0.2088 0.694923
0.2089 0.695515
0.209 0.69561
0.2091 0.696294
0.2092 0.696617
0.2093 0.696477
0.2094 0.697185
0.2095 0.697657
0.2096 0.697971
0.2097 0.697923
0.2098 0.697976
0.2099 0.698239
0.21 0.698457
0.2101 0.699193
0.2102 0.699009
0.2103 0.699316
0.2104 0.699403
0.2105 0.699441
0.2106 0.699905
0.2107 0.700215
0.2108 0.70035
0.2109 0.700663
0.211 0.700802
0.2111 0.70108
0.2112 0.701129
0.2113 0.701181
0.2114 0.701517
0.2115 0.701962
0.2116 0.702281
0.2117 0.702822
0.2118 0.702848
0.2119 0.702953
0.212 0.703407
0.2121 0.703885
0.2122 0.704218
0.2123 0.704893
0.2124 0.704825
0.2125 0.705084
0.2126 0.705295
0.2127 0.705909
0.2128 0.705898
0.2129 0.706553
0.213 0.706741
0.2131 0.70694
0.2132 0.707265
0.2133 0.707608
0.2134 0.707761
0.2135 0.707885
0.2136 0.70847
0.2137 0.709033
0.2138 0.709434
0.2139 0.709589
0.214 0.709587
0.2141 0.71003
0.2142 0.710303
0.2143 0.710392
0.2144 0.710977
0.2145 0.711523
0.2146 0.711521
0.2147 0.711918
0.2148 0.712552
0.2149 0.712558
0.215 0.712579
0.2151 0.713006
0.2152 0.713353
0.2153 0.713896
0.2154 0.713868
0.2155 0.714185
0.2156 0.714609
0.2157 0.714795
0.2158 0.715035
0.2159 0.714956
0.216 0.715199
0.2161 0.715608
0.2162 0.716128
0.2163 0.716367
0.2164 0.71665
0.2165 0.717195
0.2166 0.718046
0.2167 0.718246
0.2168 0.718301
0.2169 0.717956
0.217 0.718025
0.2171 0.718473
0.2172 0.718664
0.2173 0.718899
0.2174 0.719024
0.2175 0.71913
0.2176 0.719056
0.2177 0.719397
0.2178 0.719236
0.2179 0.71967
0.218 0.720176
0.2181 0.720163
0.2182 0.720285
0.2183 0.720677
0.2184 0.721045
0.2185 0.721197
0.2186 0.721161
0.2187 0.721117
0.2188 0.721419
0.2189 0.721689
0.219 0.721818
0.2191 0.722217
0.2192 0.722631
0.2193 0.722523
0.2194 0.722888
0.2195 0.723029
0.2196 0.723435
0.2197 0.723363
0.2198 0.723484
0.2199 0.72403
0.22 0.724481
0.2201 0.724503
0.2202 0.724786
0.2203 0.725371
0.2204 0.7257
0.2205 0.726268
0.2206 0.726821
0.2207 0.727442
0.2208 0.727747
0.2209 0.728439
0.221 0.728632
0.2211 0.728638
0.2212 0.729412
0.2213 0.729369
0.2214 0.729406
0.2215 0.729528
0.2216 0.730422
0.2217 0.730773
0.2218 0.731385
0.2219 0.731438
0.222 0.731743
0.2221 0.732075
0.2222 0.73203
0.2223 0.731993
0.2224 0.732367
0.2225 0.732578
0.2226 0.733362
0.2227 0.733884
0.2228 0.734107
0.2229 0.734286
0.223 0.734492
0.2231 0.73468
0.2232 0.735189
0.2233 0.735372
0.2234 0.735809
0.2235 0.73652
0.2236 0.737012
0.2237 0.737096
0.2238 0.737573
0.2239 0.737546
0.224 0.737602
0.2241 0.738012
0.2242 0.738297
0.2243 0.739111
0.2244 0.739793
0.2245 0.740368
0.2246 0.740922
0.2247 0.740952
0.2248 0.740916
0.2249 0.741411
0.225 0.742199
0.2251 0.742845
0.2252 0.743316
0.2253 0.743452
0.2254 0.743796
0.2255 0.744021
0.2256 0.744161
0.2257 0.744675
0.2258 0.745026
0.2259 0.745838
0.226 0.746053
0.2261 0.746066
0.2262 0.746205
0.2263 0.746139
0.2264 0.746571
0.2265 0.746856
0.2266 0.747058
0.2267 0.747736
0.2268 0.74795
0.2269 0.748478
0.227 0.748967
0.2271 0.749201
0.2272 0.749781
0.2273 0.749933
0.2274 0.750004
0.2275 0.750631
0.2276 0.750769
0.2277 0.751197
0.2278 0.7512
0.2279 0.751652
0.228 0.751913
0.2281 0.752354
0.2282 0.752526
0.2283 0.752819
0.2284 0.753282
0.2285 0.753601
0.2286 0.753899
0.2287 0.754271
0.2288 0.755031
0.2289 0.75555
0.229 0.755945
0.2291 0.7566
0.2292 0.75698
0.2293 0.757279
0.2294 0.757646
0.2295 0.758273
0.2296 0.758622
0.2297 0.758833
0.2298 0.758901
0.2299 0.758942
0.23 0.759277
0.2301 0.759207
0.2302 0.759895
0.2303 0.760277
0.2304 0.760387
0.2305 0.760184
0.2306 0.760528
0.2307 0.760429
0.2308 0.760775
0.2309 0.760834
0.231 0.761286
0.2311 0.761881
0.2312 0.761956
0.2313 0.762032
0.2314 0.762029
0.2315 0.762582
0.2316 0.7628
0.2317 0.763564
0.2318 0.764063
0.2319 0.764406
0.232 0.764751
0.2321 0.764819
0.2322 0.765212
0.2323 0.765539
0.2324 0.766193
0.2325 0.766119
0.2326 0.766531
0.2327 0.766818
0.2328 0.767625
0.2329 0.76756
0.233 0.768189
0.2331 0.768684
0.2332 0.769479
0.2333 0.76997
0.2334 0.770369
0.2335 0.770607
0.2336 0.770555
0.2337 0.770983
0.2338 0.771217
0.2339 0.771152
0.234 0.771324
0.2341 0.77146
0.2342 0.771907
0.2343 0.772641
0.2344 0.772818
0.2345 0.77303
0.2346 0.773434
0.2347 0.773726
0.2348 0.774218
0.2349 0.774201
0.235 0.774394
0.2351 0.774564
0.2352 0.774881
0.2353 0.775002
0.2354 0.775295
0.2355 0.775343
0.2356 0.775468
0.2357 0.775677
0.2358 0.775804
0.2359 0.775973
0.236 0.775995
0.2361 0.776818
0.2362 0.777125
0.2363 0.777218
0.2364 0.777484
0.2365 0.777659
0.2366 0.778115
0.2367 0.778493
0.2368 0.778435
0.2369 0.778838
0.237 0.77911
0.2371 0.779643
0.2372 0.779502
0.2373 0.779934
0.2374 0.780213
0.2375 0.780413
0.2376 0.78046
0.2377 0.780591
0.2378 0.780905
0.2379 0.781473
0.238 0.781581
0.2381 0.781452
0.2382 0.78186
0.2383 0.782035
0.2384 0.782088
0.2385 0.782472
0.2386 0.782758
0.2387 0.782766
0.2388 0.783178
0.2389 0.783024
0.239 0.783245
0.2391 0.783802
0.2392 0.78397
0.2393 0.784418
0.2394 0.784991
0.2395 0.785399
0.2396 0.785683
0.2397 0.786017
0.2398 0.786201
0.2399 0.787174
0.24 0.787514
0.2401 0.78753
0.2402 0.788211
0.2403 0.788551
0.2404 0.788598
0.2405 0.788925
0.2406 0.788981
0.2407 0.789266
0.2408 0.789625
0.2409 0.789404
0.241 0.789735
0.2411 0.789995
0.2412 0.790522
0.2413 0.790508
0.2414 0.791133
0.2415 0.791238
0.2416 0.791537
0.2417 0.792247
0.2418 0.792648
0.2419 0.7929
0.242 0.792931
0.2421 0.79311
0.2422 0.793278
0.2423 0.793236
0.2424 0.793467
0.2425 0.794104
0.2426 0.794028
0.2427 0.794569
0.2428 0.794762
0.2429 0.795008
0.243 0.795486
0.2431 0.795515
0.2432 0.796232
0.2433 0.796657
0.2434 0.7969
0.2435 0.796801
0.2436 0.797127
0.2437 0.797321
0.2438 0.797662
0.2439 0.79801
0.244 0.798382
0.2441 0.79902
0.2442 0.799097
0.2443 0.79892
0.2444 0.799548
0.2445 0.799861
0.2446 0.800166
0.2447 0.800784
0.2448 0.801057
0.2449 0.801604
0.245 0.802073
0.2451 0.802758
0.2452 0.802864
0.2453 0.803411
0.2454 0.803853
0.2455 0.804502
0.2456 0.804857
0.2457 0.80549
0.2458 0.805481
0.2459 0.805558
0.246 0.805862
0.2461 0.806527
0.2462 0.806846
0.2463 0.807288
0.2464 0.80786
0.2465 0.807816
0.2466 0.808243
0.2467 0.808148
0.2468 0.808439
0.2469 0.808468
0.247 0.808716
0.2471 0.808496
0.2472 0.808638
0.2473 0.808749
0.2474 0.808702
0.2475 0.808805
0.2476 0.808839
0.2477 0.809441
0.2478 0.80987
0.2479 0.810094
0.248 0.811014
0.2481 0.811239
0.2482 0.811636
0.2483 0.811934
0.2484 0.811567
0.2485 0.811848
0.2486 0.812166
0.2487 0.811959
0.2488 0.811982
0.2489 0.812174
0.249 0.812461
0.2491 0.812661
0.2492 0.812908
0.2493 0.813038
0.2494 0.813628
0.2495 0.813998
0.2496 0.814362
0.2497 0.81536
0.2498 0.815052
0.2499 0.81532
0.25 0.81556
0.2501 0.816008
0.2502 0.8162
0.2503 0.816596
0.2504 0.81678
0.2505 0.816896
0.2506 0.817083
0.2507 0.817567
0.2508 0.817773
0.2509 0.818342
0.251 0.818602
0.2511 0.818958
0.2512 0.819158
0.2513 0.819807
0.2514 0.820443
0.2515 0.821087
0.2516 0.821605
0.2517 0.822199
0.2518 0.822384
0.2519 0.822994
0.252 0.823498
0.2521 0.823839
0.2522 0.824388
0.2523 0.824529
0.2524 0.825125
0.2525 0.825283
0.2526 0.825437
0.2527 0.825571
0.2528 0.825588
0.2529 0.825495
0.253 0.826118
0.2531 0.826661
0.2532 0.826915
0.2533 0.827366
0.2534 0.827332
0.2535 0.827537
0.2536 0.827776
0.2537 0.828256
0.2538 0.828967
0.2539 0.829476
0.254 0.829517
0.2541 0.829762
0.2542 0.829748
0.2543 0.829524
0.2544 0.830402
0.2545 0.830591
0.2546 0.831117
0.2547 0.831612
0.2548 0.832472
0.2549 0.832676
0.255 0.833267
0.2551 0.832943
0.2552 0.833506
0.2553 0.833295
0.2554 0.833611
0.2555 0.834138
0.2556 0.834803
0.2557 0.835319
0.2558 0.835452
0.2559 0.835977
0.256 0.835886
0.2561 0.836343
0.2562 0.836372
0.2563 0.836353
0.2564 0.83664
0.2565 0.83719
0.2566 0.838173
0.2567 0.838423
0.2568 0.838767
0.2569 0.838815
0.257 0.839481
0.2571 0.83971
0.2572 0.839742
0.2573 0.840033
0.2574 0.840061
0.2575 0.84065
0.2576 0.841376
0.2577 0.841849
0.2578 0.842546
0.2579 0.843108
0.258 0.843088
0.2581 0.843245
0.2582 0.843452
0.2583 0.843889
0.2584 0.844003
0.2585 0.843926
0.2586 0.844127
0.2587 0.844576
0.2588 0.84529
0.2589 0.845641
0.259 0.845715
0.2591 0.846141
0.2592 0.846438
0.2593 0.84686
0.2594 0.847492
0.2595 0.847853
0.2596 0.8483
0.2597 0.84848
0.2598 0.848556
0.2599 0.84888
0.26 0.849087
0.2601 0.84963
0.2602 0.84994
0.2603 0.850124
0.2604 0.850295
0.2605 0.850392
0.2606 0.851052
0.2607 0.851019
0.2608 0.851179
0.2609 0.851418
0.261 0.851483
0.2611 0.851576
0.2612 0.851879
0.2613 0.852243
0.2614 0.852404
0.2615 0.85287
0.2616 0.853143
0.2617 0.853323
0.2618 0.853455
0.2619 0.85323
0.262 0.853518
0.2621 0.854063
0.2622 0.854709
0.2623 0.855129
0.2624 0.855092
0.2625 0.855484
0.2626 0.856354
0.2627 0.857095
0.2628 0.857893
0.2629 0.857933
0.263 0.858292
0.2631 0.858285
0.2632 0.85852
0.2633 0.859327
0.2634 0.860043
0.2635 0.860367
0.2636 0.860683
0.2637 0.860587
0.2638 0.860802
0.2639 0.861275
0.264 0.86176
0.2641 0.861845
0.2642 0.86171
0.2643 0.862579
0.2644 0.862599
0.2645 0.862977
0.2646 0.86277
0.2647 0.862984
0.2648 0.862981
0.2649 0.863009
0.265 0.863564
0.2651 0.864143
0.2652 0.864845
0.2653 0.865716
0.2654 0.866269
0.2655 0.866532
0.2656 0.867049
0.2657 0.867667
0.2658 0.867536
0.2659 0.867902
0.266 0.868347
0.2661 0.868534
0.2662 0.869013
0.2663 0.869378
0.2664 0.869586
0.2665 0.870342
0.2666 0.871074
0.2667 0.871255
0.2668 0.871444
0.2669 0.871674
0.267 0.872076
0.2671 0.872156
0.2672 0.872168
0.2673 0.872386
0.2674 0.872151
0.2675 0.872502
0.2676 0.872559
0.2677 0.872915
0.2678 0.873355
0.2679 0.87351
0.268 0.873923
0.2681 0.874423
0.2682 0.874802
0.2683 0.875036
0.2684 0.875004
0.2685 0.875217
0.2686 0.875329
0.2687 0.875959
0.2688 0.876528
0.2689 0.876822
0.269 0.877112
0.2691 0.877309
0.2692 0.877649
0.2693 0.878016
0.2694 0.8781
0.2695 0.878387
0.2696 0.8789
0.2697 0.878864
0.2698 0.878685
0.2699 0.878671
0.27 0.87933
0.2701 0.879694
0.2702 0.880123
0.2703 0.880271
0.2704 0.880102
0.2705 0.880462
0.2706 0.88072
0.2707 0.880667
0.2708 0.880612
0.2709 0.881045
0.271 0.881044
0.2711 0.880938
0.2712 0.881495
0.2713 0.881886
0.2714 0.882165
0.2715 0.882146
0.2716 0.88277
0.2717 0.883107
0.2718 0.883526
0.2719 0.884003
0.272 0.884479
0.2721 0.884795
0.2722 0.885025
0.2723 0.885274
0.2724 0.886049
0.2725 0.886117
0.2726 0.887203
0.2727 0.887416
0.2728 0.887635
0.2729 0.88792
0.273 0.888187
0.2731 0.888838
0.2732 0.888942
0.2733 0.889473
0.2734 0.889792
0.2735 0.889912
0.2736 0.890463
0.2737 0.89077
0.2738 0.890629
0.2739 0.890624
0.274 0.891321
0.2741 0.891555
0.2742 0.891108
0.2743 0.891203
0.2744 0.891598
0.2745 0.891581
0.2746 0.891888
0.2747 0.891696
0.2748 0.891859
0.2749 0.892195
0.275 0.892631
0.2751 0.893033
0.2752 0.893378
0.2753 0.893869
0.2754 0.893902
0.2755 0.894457
0.2756 0.894892
0.2757 0.895233
0.2758 0.895574
0.2759 0.895943
0.276 0.895866
0.2761 0.896193
0.2762 0.896681
0.2763 0.896874
0.2764 0.896994
0.2765 0.897328
0.2766 0.898156
0.2767 0.898523
0.2768 0.898623
0.2769 0.899059
0.277 0.899281
0.2771 0.899883
0.2772 0.90009
0.2773 0.90055
0.2774 0.901274
0.2775 0.900918
0.2776 0.901343
0.2777 0.90168
0.2778 0.901989
0.2779 0.902441
0.278 0.902607
0.2781 0.90285
0.2782 0.903396
0.2783 0.903602
0.2784 0.903946
0.2785 0.904235
0.2786 0.904603
0.2787 0.904589
0.2788 0.904424
0.2789 0.905269
0.279 0.905841
0.2791 0.905983
0.2792 0.906259
0.2793 0.906827
0.2794 0.907276
0.2795 0.907591
0.2796 0.90792
0.2797 0.908321
0.2798 0.908635
0.2799 0.909052
0.28 0.909635
0.2801 0.909718
0.2802 0.910086
0.2803 0.910255
0.2804 0.910726
0.2805 0.911165
0.2806 0.911482
0.2807 0.911917
0.2808 0.912121
0.2809 0.911837
0.281 0.911888
0.2811 0.912147
0.2812 0.912037
0.2813 0.912513
0.2814 0.913029
0.2815 0.913621
0.2816 0.913775
0.2817 0.914338
0.2818 0.914529
0.2819 0.914901
0.282 0.915027
0.2821 0.915377
0.2822 0.91528
0.2823 0.915474
0.2824 0.915453
0.2825 0.9156
0.2826 0.915844
0.2827 0.915427
0.2828 0.915658
0.2829 0.915881
0.283 0.916306
0.2831 0.916559
0.2832 0.917085
0.2833 0.917037
0.2834 0.917645
0.2835 0.917744
0.2836 0.918586
0.2837 0.918632
0.2838 0.919188
0.2839 0.919788
0.284 0.920181
0.2841 0.920144
0.2842 0.920281
0.2843 0.920514
0.2844 0.920668
0.2845 0.920615
0.2846 0.920694
0.2847 0.921342
0.2848 0.92171
0.2849 0.922072
0.285 0.92209
0.2851 0.921972
0.2852 0.922269
0.2853 0.922208
0.2854 0.922224
0.2855 0.92227
0.2856 0.922797
0.2857 0.923175
0.2858 0.923621
0.2859 0.924268
0.286 0.924519
0.2861 0.924926
0.2862 0.925239
0.2863 0.924987
0.2864 0.925396
0.2865 0.925592
0.2866 0.925887
0.2867 0.925679
0.2868 0.925732
0.2869 0.925948
0.287 0.926172
0.2871 0.926011
0.2872 0.926011
0.2873 0.926229
0.2874 0.92674
0.2875 0.926766
0.2876 0.926944
0.2877 0.927132
0.2878 0.927693
0.2879 0.928217
0.288 0.928515
0.2881 0.929229
0.2882 0.929634
0.2883 0.930023
0.2884 0.93062
0.2885 0.930663
0.2886 0.930419
0.2887 0.930411
0.2888 0.930557
0.2889 0.931003
0.289 0.931379
0.2891 0.931671
0.2892 0.932068
0.2893 0.932572
0.2894 0.932261
0.2895 0.9322
0.2896 0.93244
0.2897 0.93276
0.2898 0.932749
0.2899 0.933138
0.29 0.933359
0.2901 0.933751
0.2902 0.934491
0.2903 0.934893
0.2904 0.935128
0.2905 0.935674
0.2906 0.936554
0.2907 0.936966
0.2908 0.937332
0.2909 0.937679
0.291 0.93778
0.2911 0.937952
0.2912 0.937814
0.2913 0.937992
0.2914 0.93814
0.2915 0.938632
0.2916 0.939153
0.2917 0.939677
0.2918 0.939954
0.2919 0.940156
0.292 0.940474
0.2921 0.940553
0.2922 0.940778
0.2923 0.940667
0.2924 0.940855
0.2925 0.940983
0.2926 0.940977
0.2927 0.941169
0.2928 0.940925
0.2929 0.94102
0.293 0.94124
0.2931 0.941712
0.2932 0.941823
0.2933 0.942141
0.2934 0.942472
0.2935 0.942883
0.2936 0.942923
0.2937 0.943447
0.2938 0.943862
0.2939 0.944051
0.294 0.944202
0.2941 0.94528
0.2942 0.945586
0.2943 0.94628
0.2944 0.946548
0.2945 0.947046
0.2946 0.947759
0.2947 0.948275
0.2948 0.948643
0.2949 0.949119
0.295 0.949197
0.2951 0.949454
0.2952 0.949519
0.2953 0.949708
0.2954 0.949891
0.2955 0.950074
0.2956 0.949692
0.2957 0.950164
0.2958 0.950185
0.2959 0.951054
0.296 0.951381
0.2961 0.952256
0.2962 0.952783
0.2963 0.95321
0.2964 0.95311
0.2965 0.953074
0.2966 0.953708
0.2967 0.953568
0.2968 0.954304
0.2969 0.954723
0.297 0.954827
0.2971 0.955655
0.2972 0.95616
0.2973 0.956222
0.2974 0.956806
0.2975 0.957036
0.2976 0.957472
0.2977 0.957693
0.2978 0.958115
0.2979 0.958507
0.298 0.959057
0.2981 0.959158
0.2982 0.959693
0.2983 0.960166
0.2984 0.960942
0.2985 0.961522
0.2986 0.961917
0.2987 0.961538
0.2988 0.961999
0.2989 0.96245
0.299 0.962569
0.2991 0.96321
0.2992 0.963547
0.2993 0.96388
0.2994 0.964065
0.2995 0.963904
0.2996 0.963861
0.2997 0.96392
0.2998 0.963992
0.2999 0.964027
0.3 0.964164
0.3001 0.964488
0.3002 0.964966
0.3003 0.965472
0.3004 0.9657
0.3005 0.965868
0.3006 0.965895
0.3007 0.966308
0.3008 0.966255
0.3009 0.966569
0.301 0.967038
0.3011 0.967381
0.3012 0.967001
0.3013 0.968039
0.3014 0.968307
0.3015 0.968751
0.3016 0.969532
0.3017 0.970017
0.3018 0.970793
0.3019 0.970963
0.302 0.970988
0.3021 0.971695
0.3022 0.972038
0.3023 0.972574
0.3024 0.973073
0.3025 0.973323
0.3026 0.973632
0.3027 0.974155
0.3028 0.974244
0.3029 0.974348
0.303 0.974182
0.3031 0.974224
0.3032 0.974571
0.3033 0.974843
0.3034 0.97498
0.3035 0.97467
0.3036 0.974902
0.3037 0.975412
0.3038 0.975635
0.3039 0.975853
0.304 0.97555
0.3041 0.975901
0.3042 0.976167
0.3043 0.976339
0.3044 0.976369
0.3045 0.976318
0.3046 0.977044
0.3047 0.977029
0.3048 0.977418
0.3049 0.977689
0.305 0.978322
0.3051 0.978504
0.3052 0.978856
0.3053 0.979015
0.3054 0.979661
0.3055 0.980504
0.3056 0.980722
0.3057 0.981042
0.3058 0.981095
0.3059 0.981794
0.306 0.98207
0.3061 0.982486
0.3062 0.98309
0.3063 0.982986
0.3064 0.982941
0.3065 0.982855
0.3066 0.983269
0.3067 0.983889
0.3068 0.984548
0.3069 0.984799
0.307 0.985068
0.3071 0.985422
0.3072 0.985366
0.3073 0.985395
0.3074 0.985777
0.3075 0.985643
0.3076 0.98613
0.3077 0.986027
0.3078 0.986065
0.3079 0.986511
0.308 0.986586
0.3081 0.986924
0.3082 0.987288
0.3083 0.987209
0.3084 0.986916
0.3085 0.987389
0.3086 0.987639
0.3087 0.987716
0.3088 0.987946
0.3089 0.988388
0.309 0.988678
0.3091 0.988497
0.3092 0.988451
0.3093 0.988919
0.3094 0.98923
0.3095 0.989682
0.3096 0.990332
0.3097 0.990241
0.3098 0.990159
0.3099 0.990215
0.31 0.990546
0.3101 0.990706
0.3102 0.991182
0.3103 0.991688
0.3104 0.991787
0.3105 0.992368
0.3106 0.992688
0.3107 0.992923
0.3108 0.992856
0.3109 0.993376
0.311 0.994106
0.3111 0.99469
0.3112 0.995348
0.3113 0.995475
0.3114 0.995948
0.3115 0.996309
0.3116 0.996758
0.3117 0.997022
0.3118 0.997494
0.3119 0.997966
0.312 0.998223
0.3121 0.998856
0.3122 0.999562
0.3123 0.999861
0.3124 0.999815
0.3125 1.00008
0.3126 1.00039
0.3127 1.00049
0.3128 1.00093
0.3129 1.00119
0.313 1.00148
0.3131 1.00182
0.3132 1.00252
0.3133 1.00294
0.3134 1.00318
0.3135 1.00336
0.3136 1.00364
0.3137 1.00427
0.3138 1.00499
0.3139 1.00505
0.314 1.0056
0.3141 1.00589
0.3142 1.00619
0.3143 1.00651
0.3144 1.00655
0.3145 1.00662
0.3146 1.00665
0.3147 1.00711
0.3148 1.00734
0.3149 1.00822
0.315 1.00861
0.3151 1.00908
0.3152 1.00923
0.3153 1.00988
0.3154 1.01045
0.3155 1.01122
0.3156 1.0113
0.3157 1.01147
0.3158 1.01146
0.3159 1.01161
0.316 1.01158
0.3161 1.01172
0.3162 1.01171
0.3163 1.01227
0.3164 1.01257
0.3165 1.01278
0.3166 1.0134
0.3167 1.0137
0.3168 1.01401
0.3169 1.01479
0.317 1.01505
0.3171 1.01607
0.3172 1.016
0.3173 1.01676
0.3174 1.01767
0.3175 1.0184
0.3176 1.01864
0.3177 1.019
0.3178 1.01952
0.3179 1.01965
0.318 1.02008
0.3181 1.02009
0.3182 1.02031
0.3183 1.02004
0.3184 1.02063
0.3185 1.02116
0.3186 1.02109
0.3187 1.02144
0.3188 1.02167
0.3189 1.02176
0.319 1.02202
0.3191 1.02233
0.3192 1.02273
0.3193 1.02304
0.3194 1.02301
0.3195 1.0235
0.3196 1.02365
0.3197 1.02389
0.3198 1.02386
0.3199 1.02445
0.32 1.02448
0.3201 1.02445
0.3202 1.02525
0.3203 1.02594
0.3204 1.02601
0.3205 1.02608
0.3206 1.02623
0.3207 1.02639
0.3208 1.02696
0.3209 1.02735
0.321 1.02793
0.3211 1.02798
0.3212 1.02791
0.3213 1.0282
0.3214 1.02827
0.3215 1.0284
0.3216 1.02819
0.3217 1.02835
0.3218 1.02848
0.3219 1.02874
0.322 1.02905
0.3221 1.02879
0.3222 1.02927
0.3223 1.02977
0.3224 1.03047
0.3225 1.03135
0.3226 1.03147
0.3227 1.03174
0.3228 1.03182
0.3229 1.03168
0.323 1.03237
0.3231 1.03266
0.3232 1.03305
0.3233 1.03319
0.3234 1.0334
0.3235 1.03404
0.3236 1.03447
0.3237 1.03395
0.3238 1.034
0.3239 1.03459
0.324 1.03495
0.3241 1.03568
0.3242 1.03624
0.3243 1.03597
0.3244 1.03636
0.3245 1.03622
0.3246 1.03616
0.3247 1.03626
0.3248 1.03676
0.3249 1.03688
0.325 1.03728
0.3251 1.0374
0.3252 1.03772
0.3253 1.03759
0.3254 1.03767
0.3255 1.03784
0.3256 1.03871
0.3257 1.03886
0.3258 1.0391
0.3259 1.03905
0.326 1.0396
0.3261 1.04003
0.3262 1.04033
0.3263 1.04017
0.3264 1.04046
0.3265 1.04084
0.3266 1.04083
0.3267 1.04127
0.3268 1.04185
0.3269 1.04248
0.327 1.04279
0.3271 1.0428
0.3272 1.0426
0.3273 1.04328
0.3274 1.04335
0.3275 1.04374
0.3276 1.04385
0.3277 1.0442
0.3278 1.04441
0.3279 1.04432
0.328 1.04488
0.3281 1.04532
0.3282 1.04582
0.3283 1.04626
0.3284 1.04629
0.3285 1.04713
0.3286 1.0471
0.3287 1.04756
0.3288 1.04754
0.3289 1.04779
0.329 1.0479
0.3291 1.04825
0.3292 1.04833
0.3293 1.0487
0.3294 1.04872
0.3295 1.04909
0.3296 1.04917
0.3297 1.04947
0.3298 1.04961
0.3299 1.05057
0.33 1.05095
0.3301 1.05116
0.3302 1.05161
0.3303 1.05243
0.3304 1.05287
0.3305 1.05323
0.3306 1.05324
0.3307 1.05366
0.3308 1.05418
0.3309 1.054
0.331 1.05461
0.3311 1.05484
0.3312 1.05471
0.3313 1.05513
0.3314 1.05489
0.3315 1.0549
0.3316 1.05544
0.3317 1.0561
0.3318 1.0561
0.3319 1.05604
0.332 1.05631
0.3321 1.05638
0.3322 1.05723
0.3323 1.05789
0.3324 1.05877
0.3325 1.05894
0.3326 1.05935
0.3327 1.05938
0.3328 1.0591
0.3329 1.05946
0.333 1.06027
0.3331 1.06045
0.3332 1.06069
0.3333 1.06115
0.3334 1.06086
0.3335 1.06154
0.3336 1.06195
0.3337 1.06239
0.3338 1.06267
0.3339 1.0634
0.334 1.06388
0.3341 1.06429
0.3342 1.06434
0.3343 1.0643
0.3344 1.0646
0.3345 1.06466
0.3346 1.06457
0.3347 1.06469
0.3348 1.06505
0.3349 1.06598
0.335 1.06658
0.3351 1.06668
0.3352 1.06712
0.3353 1.06735
0.3354 1.06756
0.3355 1.06734
0.3356 1.06716
0.3357 1.06723
0.3358 1.068
0.3359 1.0684
0.336 1.06899
0.3361 1.06933
0.3362 1.06948
0.3363 1.06965
0.3364 1.07007
0.3365 1.07073
0.3366 1.07146
0.3367 1.07194
0.3368 1.07225
0.3369 1.07296
0.337 1.07365
0.3371 1.07406
0.3372 1.07488
0.3373 1.0753
0.3374 1.07501
0.3375 1.07536
0.3376 1.07578
0.3377 1.07606
0.3378 1.07642
0.3379 1.0771
0.338 1.07727
0.3381 1.07742
0.3382 1.07752
0.3383 1.07747
0.3384 1.07835
0.3385 1.07837
0.3386 1.07855
0.3387 1.07803
0.3388 1.07848
0.3389 1.07836
0.339 1.07826
0.3391 1.07857
0.3392 1.07891
0.3393 1.07903
0.3394 1.07924
0.3395 1.07904
0.3396 1.07925
0.3397 1.07963
0.3398 1.07952
0.3399 1.08003
0.34 1.08028
0.3401 1.08046
0.3402 1.08098
0.3403 1.08153
0.3404 1.08227
0.3405 1.08248
0.3406 1.08246
0.3407 1.08303
0.3408 1.08354
0.3409 1.08388
0.341 1.0842
0.3411 1.08453
0.3412 1.08533
0.3413 1.08566
0.3414 1.08557
0.3415 1.0864
0.3416 1.08696
0.3417 1.08739
0.3418 1.08744
0.3419 1.08809
0.342 1.08797
0.3421 1.08845
0.3422 1.08924
0.3423 1.08967
0.3424 1.08977
0.3425 1.08933
0.3426 1.08938
0.3427 1.08919
0.3428 1.0893
0.3429 1.08952
0.343 1.08997
0.3431 1.09007
0.3432 1.09013
0.3433 1.09073
0.3434 1.09068
0.3435 1.09082
0.3436 1.09101
0.3437 1.09149
0.3438 1.09204
0.3439 1.09263
0.344 1.09294
0.3441 1.09353
0.3442 1.09405
0.3443 1.09444
0.3444 1.09464
0.3445 1.09471
0.3446 1.09455
0.3447 1.09493
0.3448 1.09539
0.3449 1.09539
0.345 1.09579
0.3451 1.09628
0.3452 1.09676
0.3453 1.09728
0.3454 1.09781
0.3455 1.09776
0.3456 1.09761
0.3457 1.098
0.3458 1.09842
0.3459 1.099
0.346 1.09903
0.3461 1.09947
0.3462 1.09937
0.3463 1.0996
0.3464 1.09964
0.3465 1.09988
0.3466 1.09996
0.3467 1.10014
0.3468 1.10082
0.3469 1.1017
0.347 1.1022
0.3471 1.10206
0.3472 1.10284
0.3473 1.10297
0.3474 1.1032
0.3475 1.10313
0.3476 1.10335
0.3477 1.10383
0.3478 1.10421
0.3479 1.1042
0.348 1.10469
0.3481 1.10496
0.3482 1.10558
0.3483 1.10541
0.3484 1.10568
0.3485 1.10609
0.3486 1.10568
0.3487 1.10612
0.3488 1.10625
0.3489 1.106
0.349 1.10612
0.3491 1.10604
0.3492 1.10656
0.3493 1.10677
0.3494 1.10683
0.3495 1.10702
0.3496 1.10763
0.3497 1.10767
0.3498 1.10818
0.3499 1.10854
0.35 1.10887
0.3501 1.10926
0.3502 1.10992
0.3503 1.11088
0.3504 1.11124
0.3505 1.11126
0.3506 1.11163
0.3507 1.11167
0.3508 1.11184
0.3509 1.11177
0.351 1.11223
0.3511 1.11259
0.3512 1.11288
0.3513 1.11364
0.3514 1.114
0.3515 1.11403
0.3516 1.11435
0.3517 1.11481
0.3518 1.11513
0.3519 1.11556
0.352 1.11538
0.3521 1.11543
0.3522 1.11587
0.3523 1.11626
0.3524 1.11622
0.3525 1.11627
0.3526 1.11671
0.3527 1.11676
0.3528 1.11745
0.3529 1.11806
0.353 1.11843
0.3531 1.1189
0.3532 1.1195
0.3533 1.11999
0.3534 1.12032
0.3535 1.12013
0.3536 1.12044
0.3537 1.12065
0.3538 1.12132
0.3539 1.1212
0.354 1.12184
0.3541 1.12283
0.3542 1.1224
0.3543 1.12259
0.3544 1.12342
0.3545 1.12425
0.3546 1.12433
0.3547 1.12412
0.3548 1.12427
0.3549 1.12494
0.355 1.12476
0.3551 1.12515
0.3552 1.12549
0.3553 1.12584
0.3554 1.12592
0.3555 1.12644
0.3556 1.12733
0.3557 1.12776
0.3558 1.12813
0.3559 1.12841
0.356 1.12815
0.3561 1.12856
0.3562 1.12866
0.3563 1.12943
0.3564 1.12936
0.3565 1.12961
0.3566 1.12995
0.3567 1.12998
0.3568 1.13011
0.3569 1.13016
0.357 1.13071
0.3571 1.13092
0.3572 1.13112
0.3573 1.13173
0.3574 1.1317
0.3575 1.13182
0.3576 1.13211
0.3577 1.13223
0.3578 1.13302
0.3579 1.13297
0.358 1.13293
0.3581 1.1329
0.3582 1.13334
0.3583 1.13325
0.3584 1.13325
0.3585 1.13315
0.3586 1.13273
0.3587 1.1332
0.3588 1.13331
0.3589 1.13391
0.359 1.13378
0.3591 1.13441
0.3592 1.13416
0.3593 1.13424
0.3594 1.13478
0.3595 1.13533
0.3596 1.1354
0.3597 1.13569
0.3598 1.13572
0.3599 1.13584
0.36 1.13599
0.3601 1.13605
0.3602 1.13598
0.3603 1.1362
0.3604 1.13671
0.3605 1.13681
0.3606 1.13699
0.3607 1.1373
0.3608 1.13717
0.3609 1.13776
0.361 1.13764
0.3611 1.13837
0.3612 1.13859
0.3613 1.13882
0.3614 1.13877
0.3615 1.13887
0.3616 1.13919
0.3617 1.13915
0.3618 1.13974
0.3619 1.14042
0.362 1.14083
0.3621 1.14057
0.3622 1.14025
0.3623 1.14028
0.3624 1.14094
0.3625 1.14128
0.3626 1.14177
0.3627 1.1421
0.3628 1.14312
0.3629 1.14344
0.363 1.14324
0.3631 1.14338
0.3632 1.14362
0.3633 1.14366
0.3634 1.14331
0.3635 1.14389
0.3636 1.14459
0.3637 1.1448
0.3638 1.14554
0.3639 1.14535
0.364 1.14608
0.3641 1.1465
0.3642 1.14673
0.3643 1.14717
0.3644 1.1469
0.3645 1.14652
0.3646 1.14658
0.3647 1.14698
0.3648 1.14734
0.3649 1.14737
0.365 1.14744
0.3651 1.14786
0.3652 1.14825
0.3653 1.14861
0.3654 1.14866
0.3655 1.14914
0.3656 1.14968
0.3657 1.14959
0.3658 1.14928
0.3659 1.14962
0.366 1.14923
0.3661 1.14953
0.3662 1.14994
0.3663 1.15033
0.3664 1.15077
0.3665 1.15143
0.3666 1.15172
0.3667 1.15229
0.3668 1.15302
0.3669 1.15276
0.367 1.15261
0.3671 1.15316
0.3672 1.1535
0.3673 1.15323
0.3674 1.15383
0.3675 1.15447
0.3676 1.15495
0.3677 1.15505
0.3678 1.15579
0.3679 1.15644
0.368 1.15673
0.3681 1.15707
0.3682 1.15765
0.3683 1.15744
0.3684 1.15794
0.3685 1.15797
0.3686 1.15785
0.3687 1.15871
0.3688 1.15928
0.3689 1.15994
0.369 1.16062
0.3691 1.16095
0.3692 1.16174
0.3693 1.16221
0.3694 1.16209
0.3695 1.1629
0.3696 1.16277
0.3697 1.16303
0.3698 1.16359
0.3699 1.16422
0.37 1.16493
0.3701 1.1651
0.3702 1.16537
0.3703 1.16578
0.3704 1.16543
0.3705 1.16556
0.3706 1.16554
0.3707 1.1656
0.3708 1.16612
0.3709 1.16666
0.371 1.16707
0.3711 1.16698
0.3712 1.16723
0.3713 1.16737
0.3714 1.16789
0.3715 1.16826
0.3716 1.16894
0.3717 1.16906
0.3718 1.16937
0.3719 1.16925
0.372 1.16945
0.3721 1.17013
0.3722 1.17033
0.3723 1.17035
0.3724 1.1707
0.3725 1.17103
0.3726 1.17127
0.3727 1.17151
0.3728 1.17177
0.3729 1.17222
0.373 1.17271
0.3731 1.17226
0.3732 1.17245
0.3733 1.17191
0.3734 1.17198
0.3735 1.17215
0.3736 1.17207
0.3737 1.17188
0.3738 1.17214
0.3739 1.1726
0.374 1.17222
0.3741 1.17261
0.3742 1.17219
0.3743 1.17271
0.3744 1.17325
0.3745 1.1738
0.3746 1.17381
0.3747 1.17372
0.3748 1.17389
0.3749 1.17391
0.375 1.17439
0.3751 1.17482
0.3752 1.17479
0.3753 1.17514
0.3754 1.17533
0.3755 1.17638
0.3756 1.17634
0.3757 1.17576
0.3758 1.17646
0.3759 1.17677
0.376 1.17712
0.3761 1.17727
0.3762 1.17781
0.3763 1.17782
0.3764 1.17764
0.3765 1.17769
0.3766 1.17765
0.3767 1.1777
0.3768 1.17849
0.3769 1.1792
0.377 1.179
0.3771 1.17944
0.3772 1.17967
0.3773 1.17962
0.3774 1.18021
0.3775 1.18047
0.3776 1.18073
0.3777 1.18093
0.3778 1.18139
0.3779 1.18238
0.378 1.18303
0.3781 1.18374
0.3782 1.18413
0.3783 1.18416
0.3784 1.184
0.3785 1.18404
0.3786 1.18414
0.3787 1.18457
0.3788 1.18479
0.3789 1.18444
0.379 1.18471
0.3791 1.18537
0.3792 1.18549
0.3793 1.1857
0.3794 1.18592
0.3795 1.18666
0.3796 1.18705
0.3797 1.18711
0.3798 1.18688
0.3799 1.18734
0.38 1.18801
0.3801 1.18834
0.3802 1.18885
0.3803 1.18898
0.3804 1.18936
0.3805 1.1895
0.3806 1.18965
0.3807 1.19008
0.3808 1.19036
0.3809 1.19023
0.381 1.1896
0.3811 1.18961
0.3812 1.18982
0.3813 1.1902
0.3814 1.19098
0.3815 1.19095
0.3816 1.19112
0.3817 1.19118
0.3818 1.19109
0.3819 1.1915
0.382 1.19185
0.3821 1.19218
0.3822 1.19263
0.3823 1.19323
0.3824 1.19365
0.3825 1.19436
0.3826 1.19454
0.3827 1.19405
0.3828 1.19425
0.3829 1.19431
0.383 1.19437
0.3831 1.19476
0.3832 1.19495
0.3833 1.19498
0.3834 1.19541
0.3835 1.19614
0.3836 1.19637
0.3837 1.1975
0.3838 1.19771
0.3839 1.19817
0.384 1.19826
0.3841 1.19849
0.3842 1.19793
0.3843 1.19779
0.3844 1.19796
0.3845 1.1984
0.3846 1.19939
0.3847 1.20002
0.3848 1.20036
0.3849 1.20016
0.385 1.20052
0.3851 1.20085
0.3852 1.20063
0.3853 1.20062
0.3854 1.20085
0.3855 1.20074
0.3856 1.20096
0.3857 1.20156
0.3858 1.20229
0.3859 1.20223
0.386 1.20264
0.3861 1.20352
0.3862 1.20369
0.3863 1.2039
0.3864 1.20397
0.3865 1.20418
0.3866 1.20371
0.3867 1.20378
0.3868 1.20419
0.3869 1.20428
0.387 1.20438
0.3871 1.205
0.3872 1.20555
0.3873 1.206
0.3874 1.20628
0.3875 1.20693
0.3876 1.20747
0.3877 1.20769
0.3878 1.20795
0.3879 1.2085
0.388 1.20926
0.3881 1.20964
0.3882 1.20985
0.3883 1.20988
0.3884 1.20986
0.3885 1.20982
0.3886 1.20964
0.3887 1.20948
0.3888 1.2093
0.3889 1.20901
0.389 1.20902
0.3891 1.20928
0.3892 1.20925
0.3893 1.20979
0.3894 1.21013
0.3895 1.21051
0.3896 1.21074
0.3897 1.21118
0.3898 1.21086
0.3899 1.21075
0.39 1.21066
0.3901 1.21077
0.3902 1.21108
0.3903 1.2113
0.3904 1.21144
0.3905 1.21143
0.3906 1.2117
0.3907 1.21185
0.3908 1.21214
0.3909 1.21211
0.391 1.21273
0.3911 1.21318
0.3912 1.21406
0.3913 1.21414
0.3914 1.21425
0.3915 1.21475
0.3916 1.21542
0.3917 1.2155
0.3918 1.21563
0.3919 1.21539
0.392 1.21624
0.3921 1.2162
0.3922 1.21634
0.3923 1.21695
0.3924 1.21721
0.3925 1.21694
0.3926 1.21727
0.3927 1.218
0.3928 1.21813
0.3929 1.21805
0.393 1.21851
0.3931 1.21843
0.3932 1.21909
0.3933 1.21943
0.3934 1.22007
0.3935 1.22087
0.3936 1.22096
0.3937 1.22109
0.3938 1.22136
0.3939 1.22122
0.394 1.22152
0.3941 1.22156
0.3942 1.22161
0.3943 1.22177
0.3944 1.22213
0.3945 1.22207
0.3946 1.22257
0.3947 1.2231
0.3948 1.22323
0.3949 1.22302
0.395 1.22352
0.3951 1.2239
0.3952 1.22444
0.3953 1.2247
0.3954 1.22522
0.3955 1.22564
0.3956 1.22614
0.3957 1.22636
0.3958 1.22614
0.3959 1.22704
0.396 1.22674
0.3961 1.22714
0.3962 1.22753
0.3963 1.22772
0.3964 1.22793
0.3965 1.2283
0.3966 1.22832
0.3967 1.22845
0.3968 1.22889
0.3969 1.22876
0.397 1.22864
0.3971 1.22902
0.3972 1.22884
0.3973 1.22949
0.3974 1.22934
0.3975 1.2292
0.3976 1.22966
0.3977 1.22993
0.3978 1.22992
0.3979 1.23001
0.398 1.23057
0.3981 1.23126
0.3982 1.23128
0.3983 1.23132
0.3984 1.232
0.3985 1.23241
0.3986 1.23236
0.3987 1.23225
0.3988 1.23213
0.3989 1.23277
0.399 1.23284
0.3991 1.23282
0.3992 1.23324
0.3993 1.23327
0.3994 1.23366
0.3995 1.23443
0.3996 1.23435
0.3997 1.23457
0.3998 1.23478
0.3999 1.23461
0.4 1.23546
0.4001 1.23589
0.4002 1.2364
0.4003 1.23681
0.4004 1.23695
0.4005 1.23687
0.4006 1.23695
0.4007 1.23702
0.4008 1.23825
0.4009 1.23838
0.401 1.23838
0.4011 1.23833
0.4012 1.23858
0.4013 1.2382
0.4014 1.23848
0.4015 1.23931
0.4016 1.24003
0.4017 1.2401
0.4018 1.24008
0.4019 1.24016
0.402 1.24078
0.4021 1.24162
0.4022 1.24157
0.4023 1.242
0.4024 1.24193
0.4025 1.24241
0.4026 1.2433
0.4027 1.24347
0.4028 1.24358
0.4029 1.24357
0.403 1.24434
0.4031 1.24482
0.4032 1.24579
0.4033 1.24555
0.4034 1.24587
0.4035 1.24659
0.4036 1.24696
0.4037 1.24751
0.4038 1.24734
0.4039 1.24754
0.404 1.24732
0.4041 1.24696
0.4042 1.24737
0.4043 1.24763
0.4044 1.24801
0.4045 1.24862
0.4046 1.24872
0.4047 1.24946
0.4048 1.24942
0.4049 1.24953
0.405 1.25032
0.4051 1.25035
0.4052 1.25054
0.4053 1.25056
0.4054 1.25037
0.4055 1.25023
0.4056 1.25071
0.4057 1.25101
0.4058 1.25107
0.4059 1.25115
0.406 1.25135
0.4061 1.25212
0.4062 1.2524
0.4063 1.25311
0.4064 1.25328
0.4065 1.25354
0.4066 1.25402
0.4067 1.25443
0.4068 1.25539
0.4069 1.25608
0.407 1.25624
0.4071 1.25634
0.4072 1.25638
0.4073 1.25625
0.4074 1.25592
0.4075 1.25642
0.4076 1.25697
0.4077 1.25698
0.4078 1.25749
0.4079 1.25732
0.408 1.25771
0.4081 1.25801
0.4082 1.2584
0.4083 1.25855
0.4084 1.25853
0.4085 1.25912
0.4086 1.25895
0.4087 1.25893
0.4088 1.25873
0.4089 1.25889
0.409 1.25871
0.4091 1.25896
0.4092 1.25889
0.4093 1.2593
0.4094 1.25982
0.4095 1.26039
0.4096 1.26065
0.4097 1.26099
0.4098 1.26133
0.4099 1.26257
0.41 1.26277
0.4101 1.26312
0.4102 1.26324
0.4103 1.2636
0.4104 1.26419
0.4105 1.26484
0.4106 1.26452
0.4107 1.26491
0.4108 1.26515
0.4109 1.26561
0.411 1.26556
0.4111 1.26553
0.4112 1.26569
0.4113 1.26584
0.4114 1.26631
0.4115 1.26638
0.4116 1.26677
0.4117 1.26679
0.4118 1.2672
0.4119 1.2676
0.412 1.26852
0.4121 1.26888
0.4122 1.26913
0.4123 1.27004
0.4124 1.27088
0.4125 1.2716
0.4126 1.2717
0.4127 1.27211
0.4128 1.27236
0.4129 1.27303
0.413 1.27309
0.4131 1.27359
0.4132 1.27407
0.4133 1.2744
0.4134 1.27459
0.4135 1.27489
0.4136 1.2753
0.4137 1.27591
0.4138 1.27597
0.4139 1.27614
0.414 1.27682
0.4141 1.27729
0.4142 1.27811
0.4143 1.27829
0.4144 1.278
0.4145 1.27849
0.4146 1.27933
0.4147 1.27954
0.4148 1.27944
0.4149 1.27984
0.415 1.28023
0.4151 1.28013
0.4152 1.28058
0.4153 1.28137
0.4154 1.28127
0.4155 1.28236
0.4156 1.28276
0.4157 1.28265
0.4158 1.28292
0.4159 1.28338
0.416 1.28349
0.4161 1.2839
0.4162 1.28448
0.4163 1.28486
0.4164 1.28531
0.4165 1.28538
0.4166 1.286
0.4167 1.28625
0.4168 1.28627
0.4169 1.28672
0.417 1.28644
0.4171 1.28691
0.4172 1.2873
0.4173 1.2877
0.4174 1.28813
0.4175 1.28824
0.4176 1.28846
0.4177 1.28867
0.4178 1.28898
0.4179 1.28869
0.418 1.2892
0.4181 1.28914
0.4182 1.28944
0.4183 1.28939
0.4184 1.28945
0.4185 1.29032
0.4186 1.29042
0.4187 1.29087
0.4188 1.29141
0.4189 1.29175
0.419 1.29246
0.4191 1.29312
0.4192 1.29333
0.4193 1.2939
0.4194 1.29431
0.4195 1.29489
0.4196 1.29515
0.4197 1.29588
0.4198 1.29604
0.4199 1.29639
0.42 1.29708
0.4201 1.2972
0.4202 1.29721
0.4203 1.29763
0.4204 1.2977
0.4205 1.29779
0.4206 1.29796
0.4207 1.29874
0.4208 1.29915
0.4209 1.2998
0.421 1.29961
0.4211 1.29986
0.4212 1.30024
0.4213 1.30081
0.4214 1.30089
0.4215 1.30106
0.4216 1.30179
0.4217 1.30203
0.4218 1.30218
0.4219 1.3028
0.422 1.30345
0.4221 1.30409
0.4222 1.30407
0.4223 1.30419
0.4224 1.30463
0.4225 1.30525
0.4226 1.30596
0.4227 1.30618
0.4228 1.30665
0.4229 1.30751
0.423 1.30796
0.4231 1.3082
0.4232 1.30866
0.4233 1.3088
0.4234 1.30919
0.4235 1.30921
0.4236 1.30907
0.4237 1.30944
0.4238 1.30926
0.4239 1.30919
0.424 1.30977
0.4241 1.30919
0.4242 1.30925
0.4243 1.30932
0.4244 1.30965
0.4245 1.30965
0.4246 1.30972
0.4247 1.30956
0.4248 1.30958
0.4249 1.31003
0.425 1.31078
0.4251 1.31067
0.4252 1.31104
0.4253 1.31126
0.4254 1.31223
0.4255 1.31239
0.4256 1.31237
0.4257 1.31237
0.4258 1.31242
0.4259 1.31241
0.426 1.31244
0.4261 1.31279
0.4262 1.31367
0.4263 1.31362
0.4264 1.3138
0.4265 1.31467
0.4266 1.31509
0.4267 1.31539
0.4268 1.31533
0.4269 1.31604
0.427 1.31593
0.4271 1.31597
0.4272 1.31619
0.4273 1.31693
0.4274 1.31742
0.4275 1.31765
0.4276 1.31797
0.4277 1.31802
0.4278 1.31758
0.4279 1.31831
0.428 1.31784
0.4281 1.31764
0.4282 1.31837
0.4283 1.3188
0.4284 1.31911
0.4285 1.31962
0.4286 1.32016
0.4287 1.32041
0.4288 1.32119
0.4289 1.32178
0.429 1.32185
0.4291 1.32204
0.4292 1.32231
0.4293 1.32261
0.4294 1.32265
0.4295 1.32274
0.4296 1.32307
0.4297 1.32352
0.4298 1.32391
0.4299 1.32478
0.43 1.3247
0.4301 1.32518
0.4302 1.32568
0.4303 1.32638
0.4304 1.32657
0.4305 1.32759
0.4306 1.32823
0.4307 1.32821
0.4308 1.32823
0.4309 1.32828
0.431 1.3286
0.4311 1.32905
0.4312 1.32958
0.4313 1.32986
0.4314 1.32999
0.4315 1.33015
0.4316 1.33056
0.4317 1.33114
0.4318 1.3314
0.4319 1.33147
0.432 1.3316
0.4321 1.33145
0.4322 1.33223
0.4323 1.33326
0.4324 1.33395
0.4325 1.33424
0.4326 1.33472
0.4327 1.33508
0.4328 1.33568
0.4329 1.3358
0.433 1.3359
0.4331 1.33654
0.4332 1.33652
0.4333 1.33711
0.4334 1.33818
0.4335 1.33829
0.4336 1.3383
0.4337 1.33909
0.4338 1.3398
0.4339 1.33999
0.434 1.34015
0.4341 1.34069
0.4342 1.3406
0.4343 1.34063
0.4344 1.3413
0.4345 1.34187
0.4346 1.34217
0.4347 1.34282
0.4348 1.3429
0.4349 1.34367
0.435 1.34417
0.4351 1.34451
0.4352 1.34472
0.4353 1.34495
0.4354 1.34568
0.4355 1.3461
0.4356 1.34695
0.4357 1.34723
0.4358 1.34786
0.4359 1.3486
0.436 1.34909
0.4361 1.34926
0.4362 1.34921
0.4363 1.34992
0.4364 1.35072
0.4365 1.35107
0.4366 1.35061
0.4367 1.35094
0.4368 1.35088
0.4369 1.35116
0.437 1.35163
0.4371 1.35208
0.4372 1.35226
0.4373 1.35242
0.4374 1.35249
0.4375 1.35242
0.4376 1.35303
0.4377 1.35284
0.4378 1.35335
0.4379 1.35329
0.438 1.35339
0.4381 1.35345
0.4382 1.35334
0.4383 1.35332
0.4384 1.35337
0.4385 1.35388
0.4386 1.35391
0.4387 1.35375
0.4388 1.35448
0.4389 1.35515
0.439 1.35573
0.4391 1.35666
0.4392 1.35699
0.4393 1.35734
0.4394 1.35714
0.4395 1.35721
0.4396 1.35806
0.4397 1.35845
0.4398 1.35951
0.4399 1.35981
0.44 1.35974
0.4401 1.35999
0.4402 1.36028
0.4403 1.36082
0.4404 1.36105
0.4405 1.36081
0.4406 1.36092
0.4407 1.36132
0.4408 1.36146
0.4409 1.36153
0.441 1.36231
0.4411 1.36313
0.4412 1.36299
0.4413 1.3635
0.4414 1.36345
0.4415 1.36324
0.4416 1.36327
0.4417 1.3631
0.4418 1.36342
0.4419 1.36411
0.442 1.36412
0.4421 1.36463
0.4422 1.36515
0.4423 1.3652
0.4424 1.36521
0.4425 1.36452
0.4426 1.36429
0.4427 1.36473
0.4428 1.36547
0.4429 1.36607
0.443 1.36612
0.4431 1.36634
0.4432 1.36646
0.4433 1.36634
0.4434 1.36706
0.4435 1.36716
0.4436 1.36697
0.4437 1.36771
0.4438 1.36802
0.4439 1.36845
0.444 1.36878
0.4441 1.36922
0.4442 1.36972
0.4443 1.37089
0.4444 1.37108
0.4445 1.37137
0.4446 1.37133
0.4447 1.37123
0.4448 1.37143
0.4449 1.37172
0.445 1.37222
0.4451 1.37291
0.4452 1.37359
0.4453 1.374
0.4454 1.37416
0.4455 1.37448
0.4456 1.37485
0.4457 1.37479
0.4458 1.37498
0.4459 1.37566
0.446 1.37574
0.4461 1.37583
0.4462 1.37582
0.4463 1.37617
0.4464 1.37628
0.4465 1.37733
0.4466 1.37711
0.4467 1.37753
0.4468 1.37753
0.4469 1.37783
0.447 1.37748
0.4471 1.37768
0.4472 1.37802
0.4473 1.37774
0.4474 1.37786
0.4475 1.37862
0.4476 1.37902
0.4477 1.37994
0.4478 1.37987
0.4479 1.37962
0.448 1.37929
0.4481 1.37928
0.4482 1.37972
0.4483 1.37926
0.4484 1.37946
0.4485 1.38
0.4486 1.38067
0.4487 1.3807
0.4488 1.38138
0.4489 1.38186
0.449 1.38257
0.4491 1.38274
0.4492 1.38307
0.4493 1.38349
0.4494 1.38363
0.4495 1.38397
0.4496 1.38377
0.4497 1.38435
0.4498 1.38487
0.4499 1.38494
0.45 1.3851
0.4501 1.38578
0.4502 1.38562
0.4503 1.38605
0.4504 1.38674
0.4505 1.38768
0.4506 1.38836
0.4507 1.38881
0.4508 1.38846
0.4509 1.38874
0.451 1.38899
0.4511 1.38942
0.4512 1.38917
0.4513 1.38991
0.4514 1.3899
0.4515 1.39014
0.4516 1.39048
0.4517 1.39137
0.4518 1.39224
0.4519 1.39283
0.452 1.39245
0.4521 1.3927
0.4522 1.39304
0.4523 1.39336
0.4524 1.39279
0.4525 1.3929
0.4526 1.39351
0.4527 1.39425
0.4528 1.39506
0.4529 1.39577
0.453 1.39575
0.4531 1.39588
0.4532 1.39689
0.4533 1.39678
0.4534 1.39716
0.4535 1.39775
0.4536 1.39802
0.4537 1.39848
0.4538 1.3987
0.4539 1.3991
0.454 1.39937
0.4541 1.39965
0.4542 1.40015
0.4543 1.40104
0.4544 1.40108
0.4545 1.40141
0.4546 1.4019
0.4547 1.40227
0.4548 1.40185
0.4549 1.40231
0.455 1.40285
0.4551 1.40319
0.4552 1.40348
0.4553 1.40391
0.4554 1.40379
0.4555 1.40364
0.4556 1.40365
0.4557 1.40425
0.4558 1.40423
0.4559 1.40495
0.456 1.40529
0.4561 1.40519
0.4562 1.40603
0.4563 1.40645
0.4564 1.40688
0.4565 1.40739
0.4566 1.4077
0.4567 1.40843
0.4568 1.40893
0.4569 1.40922
0.457 1.40877
0.4571 1.40927
0.4572 1.40962
0.4573 1.40987
0.4574 1.41051
0.4575 1.41079
0.4576 1.41132
0.4577 1.4119
0.4578 1.41202
0.4579 1.4121
0.458 1.41227
0.4581 1.41278
0.4582 1.41289
0.4583 1.4137
0.4584 1.41383
0.4585 1.41375
0.4586 1.41405
0.4587 1.41425
0.4588 1.41488
0.4589 1.41528
0.459 1.41542
0.4591 1.41545
0.4592 1.41548
0.4593 1.41621
0.4594 1.41635
0.4595 1.4166
0.4596 1.41671
0.4597 1.41703
0.4598 1.41691
0.4599 1.41705
0.46 1.41752
0.4601 1.41703
0.4602 1.4176
0.4603 1.41714
0.4604 1.41753
0.4605 1.41817
0.4606 1.41831
0.4607 1.41878
0.4608 1.41946
0.4609 1.41949
0.461 1.41959
0.4611 1.41975
0.4612 1.42026
0.4613 1.42068
0.4614 1.42049
0.4615 1.42135
0.4616 1.42181
0.4617 1.42214
0.4618 1.42278
0.4619 1.42282
0.462 1.42288
0.4621 1.42341
0.4622 1.42421
0.4623 1.42544
0.4624 1.42556
0.4625 1.42539
0.4626 1.426
0.4627 1.4268
0.4628 1.42736
0.4629 1.4274
0.463 1.42799
0.4631 1.42837
0.4632 1.42894
0.4633 1.42977
0.4634 1.42989
0.4635 1.4303
0.4636 1.43053
0.4637 1.43116
0.4638 1.43159
0.4639 1.43143
0.464 1.43118
0.4641 1.43102
0.4642 1.43209
0.4643 1.43269
0.4644 1.43273
0.4645 1.43289
0.4646 1.43267
0.4647 1.43283
0.4648 1.43338
0.4649 1.43389
0.465 1.43421
0.4651 1.4346
0.4652 1.43427
0.4653 1.43487
0.4654 1.43561
0.4655 1.43583
0.4656 1.43542
0.4657 1.43554
0.4658 1.43557
0.4659 1.43595
0.466 1.43569
0.4661 1.43584
0.4662 1.43658
0.4663 1.43672
0.4664 1.43703
0.4665 1.43704
0.4666 1.43637
0.4667 1.43649
0.4668 1.43726
0.4669 1.43768
0.467 1.43752
0.4671 1.43769
0.4672 1.43815
0.4673 1.43868
0.4674 1.4392
0.4675 1.43967
0.4676 1.44008
0.4677 1.44095
0.4678 1.44129
0.4679 1.44179
0.468 1.44213
0.4681 1.44191
0.4682 1.44191
0.4683 1.44214
0.4684 1.44272
0.4685 1.44253
0.4686 1.44265
0.4687 1.44287
0.4688 1.4425
0.4689 1.44209
0.469 1.44198
0.4691 1.44249
0.4692 1.44306
0.4693 1.44358
0.4694 1.44426
0.4695 1.44438
0.4696 1.44435
0.4697 1.44484
0.4698 1.44427
0.4699 1.44474
0.47 1.4452
0.4701 1.4453
0.4702 1.4455
0.4703 1.44581
0.4704 1.44594
0.4705 1.44585
0.4706 1.44558
0.4707 1.44618
0.4708 1.44614
0.4709 1.44606
0.471 1.44562
0.4711 1.44553
0.4712 1.44528
0.4713 1.44571
0.4714 1.44539
0.4715 1.4458
0.4716 1.44595
0.4717 1.44601
0.4718 1.44664
0.4719 1.44646
0.472 1.4467
0.4721 1.4477
0.4722 1.44768
0.4723 1.44821
0.4724 1.44889
0.4725 1.44918
0.4726 1.44851
0.4727 1.44883
0.4728 1.44882
0.4729 1.44962
0.473 1.44966
0.4731 1.44974
0.4732 1.4501
0.4733 1.45061
0.4734 1.45125
0.4735 1.45135
0.4736 1.45121
0.4737 1.45142
0.4738 1.45198
0.4739 1.45171
0.474 1.45237
0.4741 1.45242
0.4742 1.45244
0.4743 1.4527
0.4744 1.45259
0.4745 1.45355
0.4746 1.45406
0.4747 1.45427
0.4748 1.45459
0.4749 1.45476
0.475 1.45445
0.4751 1.45539
0.4752 1.45536
0.4753 1.45607
0.4754 1.45626
0.4755 1.45641
0.4756 1.45655
0.4757 1.45648
0.4758 1.45677
0.4759 1.45711
0.476 1.45768
0.4761 1.45787
0.4762 1.4578
0.4763 1.45797
0.4764 1.45823
0.4765 1.45763
0.4766 1.45833
0.4767 1.45861
0.4768 1.45871
0.4769 1.4593
0.477 1.45897
0.4771 1.45888
0.4772 1.45917
0.4773 1.45978
0.4774 1.46022
0.4775 1.4605
0.4776 1.46058
0.4777 1.46062
0.4778 1.46116
0.4779 1.46157
0.478 1.46182
0.4781 1.46148
0.4782 1.46181
0.4783 1.46188
0.4784 1.46218
0.4785 1.46273
0.4786 1.46325
0.4787 1.46378
0.4788 1.46425
0.4789 1.46427
0.479 1.46398
0.4791 1.46437
0.4792 1.46538
0.4793 1.46548
0.4794 1.46522
0.4795 1.46574
0.4796 1.46552
0.4797 1.46549
0.4798 1.46644
0.4799 1.46704
0.48 1.46709
0.4801 1.46729
0.4802 1.4677
0.4803 1.46756
0.4804 1.46801
0.4805 1.46829
0.4806 1.46839
0.4807 1.46821
0.4808 1.46854
0.4809 1.46929
0.481 1.46921
0.4811 1.46964
0.4812 1.47005
0.4813 1.47052
0.4814 1.47046
0.4815 1.47128
0.4816 1.47159
0.4817 1.47166
0.4818 1.47083
0.4819 1.47091
0.482 1.47108
0.4821 1.47069
0.4822 1.47032
0.4823 1.47048
0.4824 1.47062
0.4825 1.4715
0.4826 1.47176
0.4827 1.47203
0.4828 1.47258
0.4829 1.47254
0.483 1.47269
0.4831 1.47284
0.4832 1.4727
0.4833 1.47299
0.4834 1.47317
0.4835 1.47304
0.4836 1.47371
0.4837 1.47406
0.4838 1.47465
0.4839 1.47484
0.484 1.47523
0.4841 1.47569
0.4842 1.47582
0.4843 1.47599
0.4844 1.47619
0.4845 1.47683
0.4846 1.47795
0.4847 1.47809
0.4848 1.47857
0.4849 1.4792
0.485 1.47988
0.4851 1.48011
0.4852 1.48043
0.4853 1.4807
0.4854 1.48159
0.4855 1.48232
0.4856 1.4826
0.4857 1.48284
0.4858 1.48313
0.4859 1.4836
0.486 1.48382
0.4861 1.48413
0.4862 1.48431
0.4863 1.48472
0.4864 1.48557
0.4865 1.48531
0.4866 1.48535
0.4867 1.48525
0.4868 1.48487
0.4869 1.48487
0.487 1.48546
0.4871 1.48581
0.4872 1.48605
0.4873 1.48629
0.4874 1.48635
0.4875 1.4866
0.4876 1.48687
0.4877 1.48752
0.4878 1.48792
0.4879 1.48795
0.488 1.48837
0.4881 1.48885
0.4882 1.48915
0.4883 1.48978
0.4884 1.49036
0.4885 1.4902
0.4886 1.49026
0.4887 1.49069
0.4888 1.49096
0.4889 1.49105
0.489 1.49147
0.4891 1.49226
0.4892 1.4926
0.4893 1.49289
0.4894 1.49301
0.4895 1.49328
0.4896 1.49386
0.4897 1.49429
0.4898 1.495
0.4899 1.49526
0.49 1.49541
0.4901 1.49599
0.4902 1.49658
0.4903 1.49689
0.4904 1.4971
0.4905 1.49804
0.4906 1.49835
0.4907 1.49817
0.4908 1.4982
0.4909 1.4983
0.491 1.49814
