0 0
0.0001 0.000406189
0.0002 0.000805553
0.0003 0.00121195
0.0004 0.00161237
0.0005 0.00200986
0.0006 0.00238021
0.0007 0.00277915
0.0008 0.00315648
0.0009 0.00354426
0.001 0.00395394
0.0011 0.00437671
0.0012 0.00474236
0.0013 0.00516421
0.0014 0.0055278
0.0015 0.00594096
0.0016 0.00629946
0.0017 0.00671898
0.0018 0.00710973
0.0019 0.00752211
0.002 0.00793117
0.0021 0.00833547
0.0022 0.008726
0.0023 0.00912344
0.0024 0.00952289
0.0025 0.0099516
0.0026 0.0103549
0.0027 0.0107295
0.0028 0.0111467
0.0029 0.0115438
0.003 0.0119323
0.0031 0.0123594
0.0032 0.0127641
0.0033 0.0131296
0.0034 0.0135574
0.0035 0.0139567
0.0036 0.0144388
0.0037 0.0148082
0.0038 0.015248
0.0039 0.0156652
0.004 0.0160407
0.0041 0.0164045
0.0042 0.0167037
0.0043 0.0171071
0.0044 0.0175174
0.0045 0.0179528
0.0046 0.0183206
0.0047 0.0187336
0.0048 0.0192308
0.0049 0.0196564
0.005 0.0200311
0.0051 0.0204062
0.0052 0.0207661
0.0053 0.0212398
0.0054 0.0215967
0.0055 0.022037
0.0056 0.0224245
0.0057 0.0228247
0.0058 0.0231701
0.0059 0.0235777
0.006 0.023904
0.0061 0.0243861
0.0062 0.0248055
0.0063 0.0252383
0.0064 0.0255666
0.0065 0.0258868
0.0066 0.0263532
0.0067 0.0268043
0.0068 0.0272464
0.0069 0.0276148
0.007 0.028083
0.0071 0.0284808
0.0072 0.028874
0.0073 0.0292946
0.0074 0.0296673
0.0075 0.0300237
0.0076 0.0304888
0.0077 0.0308804
0.0078 0.0312747
0.0079 0.0316971
0.008 0.0320942
0.0081 0.0324881
0.0082 0.0328593
0.0083 0.0332753
0.0084 0.0336769
0.0085 0.034031
0.0086 0.0344271
0.0087 0.0347401
0.0088 0.0351102
0.0089 0.0355097
0.009 0.0358478
0.0091 0.0363188
0.0092 0.0367104
0.0093 0.0370533
0.0094 0.0373956
0.0095 0.0378326
0.0096 0.0382646
0.0097 0.0385994
0.0098 0.0389313
0.0099 0.0393028
0.01 0.0397424
0.0101 0.0400857
0.0102 0.0405142
0.0103 0.0410563
0.0104 0.0415091
0.0105 0.0418208
0.0106 0.0421958
0.0107 0.0424999
0.0108 0.042839
0.0109 0.0432317
0.011 0.0436267
0.0111 0.0440417
0.0112 0.0444786
0.0113 0.044868
0.0114 0.045321
0.0115 0.0458143
0.0116 0.0462919
0.0117 0.0467269
0.0118 0.0471172
0.0119 0.0475146
0.012 0.0478874
0.0121 0.0482229
0.0122 0.048737
0.0123 0.0491715
0.0124 0.0495332
0.0125 0.0499667
0.0126 0.0504114
0.0127 0.0508052
0.0128 0.0511443
0.0129 0.0515391
0.013 0.0520614
0.0131 0.0526099
0.0132 0.053114
0.0133 0.053559
0.0134 0.0539522
0.0135 0.0543612
0.0136 0.0547678
0.0137 0.0551778
0.0138 0.0556199
0.0139 0.0560667
0.014 0.0565344
0.0141 0.0569394
0.0142 0.0572433
0.0143 0.057655
0.0144 0.0581947
0.0145 0.0587489
0.0146 0.0590715
0.0147 0.0594722
0.0148 0.0599173
0.0149 0.0603339
0.015 0.0607971
0.0151 0.0612567
0.0152 0.0615923
0.0153 0.0620139
0.0154 0.0624386
0.0155 0.0628342
0.0156 0.0631637
0.0157 0.0634718
0.0158 0.0638581
0.0159 0.0643288
0.016 0.0646743
0.0161 0.0650804
0.0162 0.0654359
0.0163 0.0657785
0.0164 0.0662424
0.0165 0.0666718
0.0166 0.0671371
0.0167 0.067598
0.0168 0.0680213
0.0169 0.0684291
0.017 0.0687947
0.0171 0.0691125
0.0172 0.0695852
0.0173 0.0698339
0.0174 0.0702569
0.0175 0.0706623
0.0176 0.0709205
0.0177 0.0711412
0.0178 0.0716495
0.0179 0.0720305
0.018 0.0724485
0.0181 0.0727995
0.0182 0.0731523
0.0183 0.0736486
0.0184 0.074258
0.0185 0.0744726
0.0186 0.0748073
0.0187 0.0751673
0.0188 0.0756525
0.0189 0.0760698
0.019 0.0764806
0.0191 0.0768499
0.0192 0.0771615
0.0193 0.077593
0.0194 0.0780686
0.0195 0.0782987
0.0196 0.078589
0.0197 0.0788827
0.0198 0.0792064
0.0199 0.0795149
0.02 0.0799257
0.0201 0.0801768
0.0202 0.080523
0.0203 0.0809759
0.0204 0.081452
0.0205 0.0819305
0.0206 0.0822639
0.0207 0.0825433
0.0208 0.0828194
0.0209 0.0832464
0.021 0.0836415
0.0211 0.084053
0.0212 0.0845723
0.0213 0.0849232
0.0214 0.085225
0.0215 0.0855109
0.0216 0.0858274
0.0217 0.0863087
0.0218 0.0865337
0.0219 0.0869142
0.022 0.0873122
0.0221 0.087803
0.0222 0.088053
0.0223 0.0884406
0.0224 0.0887383
0.0225 0.0891727
0.0226 0.0895071
0.0227 0.0898497
0.0228 0.0901925
0.0229 0.0906403
0.023 0.0911433
0.0231 0.0915138
0.0232 0.0920398
0.0233 0.0923972
0.0234 0.0927311
0.0235 0.0931715
0.0236 0.0935001
0.0237 0.0938684
0.0238 0.09426
0.0239 0.094577
0.024 0.0948646
0.0241 0.0952295
0.0242 0.0955369
0.0243 0.0959123
0.0244 0.0961291
0.0245 0.096454
0.0246 0.0968602
0.0247 0.0972892
0.0248 0.0975259
0.0249 0.0976893
0.025 0.0980061
0.0251 0.0981526
0.0252 0.0985256
0.0253 0.0988732
0.0254 0.0993214
0.0255 0.0998551
0.0256 0.100209
0.0257 0.10052
0.0258 0.100834
0.0259 0.101215
0.026 0.101623
0.0261 0.101977
0.0262 0.102307
0.0263 0.102708
0.0264 0.103158
0.0265 0.103541
0.0266 0.103993
0.0267 0.10428
0.0268 0.104594
0.0269 0.105179
0.027 0.105345
0.0271 0.105761
0.0272 0.10605
0.0273 0.106419
0.0274 0.106796
0.0275 0.107073
0.0276 0.107493
0.0277 0.108176
0.0278 0.108645
0.0279 0.109089
0.028 0.109586
0.0281 0.109897
0.0282 0.110238
0.0283 0.11048
0.0284 0.11098
0.0285 0.111326
0.0286 0.111733
0.0287 0.11206
0.0288 0.112384
0.0289 0.112713
0.029 0.113057
0.0291 0.113335
0.0292 0.113633
0.0293 0.11405
0.0294 0.114229
0.0295 0.11448
0.0296 0.11486
0.0297 0.115259
0.0298 0.115527
0.0299 0.115926
0.03 0.116193
0.0301 0.116844
0.0302 0.117183
0.0303 0.117681
0.0304 0.117993
0.0305 0.118396
0.0306 0.118623
0.0307 0.118986
0.0308 0.119208
0.0309 0.119366
0.031 0.119818
0.0311 0.120085
0.0312 0.120358
0.0313 0.120707
0.0314 0.120972
0.0315 0.121419
0.0316 0.12174
0.0317 0.121979
0.0318 0.1223
0.0319 0.12268
0.032 0.122758
0.0321 0.123023
0.0322 0.123408
0.0323 0.123617
0.0324 0.123864
0.0325 0.124119
0.0326 0.12442
0.0327 0.124787
0.0328 0.125103
0.0329 0.125408
0.033 0.125659
0.0331 0.125956
0.0332 0.126271
0.0333 0.126643
0.0334 0.12713
0.0335 0.127333
0.0336 0.127744
0.0337 0.128147
0.0338 0.12852
0.0339 0.128853
0.034 0.12922
0.0341 0.129615
0.0342 0.130049
0.0343 0.130396
0.0344 0.130892
0.0345 0.131397
0.0346 0.131745
0.0347 0.132181
0.0348 0.132442
0.0349 0.132642
0.035 0.132967
0.0351 0.133204
0.0352 0.133678
0.0353 0.13411
0.0354 0.134515
0.0355 0.135049
0.0356 0.135325
0.0357 0.135941
0.0358 0.136341
0.0359 0.136673
0.036 0.137031
0.0361 0.137197
0.0362 0.137593
0.0363 0.1379
0.0364 0.138212
0.0365 0.138529
0.0366 0.139043
0.0367 0.139382
0.0368 0.139785
0.0369 0.140104
0.037 0.140651
0.0371 0.141063
0.0372 0.141464
0.0373 0.141816
0.0374 0.142006
0.0375 0.142271
0.0376 0.142881
0.0377 0.143253
0.0378 0.143568
0.0379 0.143761
0.038 0.144289
0.0381 0.144467
0.0382 0.144916
0.0383 0.145274
0.0384 0.145634
0.0385 0.145986
0.0386 0.146271
0.0387 0.14671
0.0388 0.146946
0.0389 0.147395
0.039 0.1479
0.0391 0.148291
0.0392 0.148719
0.0393 0.149043
0.0394 0.149599
0.0395 0.149908
0.0396 0.150224
0.0397 0.150476
0.0398 0.150674
0.0399 0.151102
0.04 0.151536
0.0401 0.151814
0.0402 0.151989
0.0403 0.152384
0.0404 0.152571
0.0405 0.153143
0.0406 0.153692
0.0407 0.153947
0.0408 0.15442
0.0409 0.154708
0.041 0.155022
0.0411 0.155283
0.0412 0.155508
0.0413 0.15587
0.0414 0.156165
0.0415 0.15663
0.0416 0.15695
0.0417 0.157303
0.0418 0.157819
0.0419 0.158101
0.042 0.15831
0.0421 0.158732
0.0422 0.159008
0.0423 0.159451
0.0424 0.159786
0.0425 0.160153
0.0426 0.160435
0.0427 0.160592
0.0428 0.160974
0.0429 0.161538
0.043 0.161715
0.0431 0.162095
0.0432 0.162394
0.0433 0.162745
0.0434 0.162882
0.0435 0.162952
0.0436 0.163383
0.0437 0.16356
0.0438 0.163737
0.0439 0.164057
0.044 0.164322
0.0441 0.16467
0.0442 0.16499
0.0443 0.165572
0.0444 0.165945
0.0445 0.166251
0.0446 0.166621
0.0447 0.166977
0.0448 0.167501
0.0449 0.167899
0.045 0.168216
0.0451 0.168399
0.0452 0.168739
0.0453 0.168986
0.0454 0.169122
0.0455 0.169381
0.0456 0.169819
0.0457 0.170272
0.0458 0.170371
0.0459 0.170803
0.046 0.171212
0.0461 0.171533
0.0462 0.171675
0.0463 0.172071
0.0464 0.172369
0.0465 0.172776
0.0466 0.172902
0.0467 0.173246
0.0468 0.173706
0.0469 0.174157
0.047 0.174481
0.0471 0.174657
0.0472 0.174908
0.0473 0.175354
0.0474 0.175758
0.0475 0.176045
0.0476 0.176364
0.0477 0.176618
0.0478 0.176986
0.0479 0.17742
0.048 0.177813
0.0481 0.177935
0.0482 0.178454
0.0483 0.178758
0.0484 0.17926
0.0485 0.179558
0.0486 0.17997
0.0487 0.1803
0.0488 0.180544
0.0489 0.180899
0.049 0.181078
0.0491 0.181576
0.0492 0.18213
0.0493 0.182597
0.0494 0.18281
0.0495 0.182954
0.0496 0.183226
0.0497 0.183557
0.0498 0.183686
0.0499 0.183915
0.05 0.184147
0.0501 0.184543
0.0502 0.184781
0.0503 0.18514
0.0504 0.185605
0.0505 0.185961
0.0506 0.186128
0.0507 0.186363
0.0508 0.186896
0.0509 0.187177
0.051 0.187408
0.0511 0.187776
0.0512 0.188036
0.0513 0.18832
0.0514 0.188649
0.0515 0.18904
0.0516 0.18917
0.0517 0.189379
0.0518 0.189864
0.0519 0.190173
0.052 0.190525
0.0521 0.19098
0.0522 0.191433
0.0523 0.19193
0.0524 0.192245
0.0525 0.192469
0.0526 0.192954
0.0527 0.193444
0.0528 0.193935
0.0529 0.194457
0.053 0.194967
0.0531 0.195363
0.0532 0.195522
0.0533 0.196061
0.0534 0.196211
0.0535 0.196438
0.0536 0.196637
0.0537 0.196969
0.0538 0.197185
0.0539 0.197253
0.054 0.197604
0.0541 0.197849
0.0542 0.198248
0.0543 0.198643
0.0544 0.198981
0.0545 0.199401
0.0546 0.199951
0.0547 0.200271
0.0548 0.200446
0.0549 0.200936
0.055 0.201138
0.0551 0.201477
0.0552 0.201477
0.0553 0.201847
0.0554 0.202177
0.0555 0.202646
0.0556 0.202817
0.0557 0.203031
0.0558 0.20338
0.0559 0.203782
0.056 0.204093
0.0561 0.204288
0.0562 0.204667
0.0563 0.205013
0.0564 0.205177
0.0565 0.205303
0.0566 0.205556
0.0567 0.205923
0.0568 0.206355
0.0569 0.206651
0.057 0.207163
0.0571 0.20763
0.0572 0.207962
0.0573 0.208364
0.0574 0.208623
0.0575 0.208962
0.0576 0.209518
0.0577 0.209991
0.0578 0.210474
0.0579 0.210815
0.058 0.211129
0.0581 0.211325
0.0582 0.211561
0.0583 0.211762
0.0584 0.212138
0.0585 0.21246
0.0586 0.212863
0.0587 0.213232
0.0588 0.213714
0.0589 0.214029
0.059 0.214315
0.0591 0.214614
0.0592 0.214836
0.0593 0.21505
0.0594 0.215444
0.0595 0.215636
0.0596 0.216082
0.0597 0.216643
0.0598 0.217068
0.0599 0.217453
0.06 0.217727
0.0601 0.218124
0.0602 0.218414
0.0603 0.218681
0.0604 0.219102
0.0605 0.219571
0.0606 0.219827
0.0607 0.22029
0.0608 0.220336
0.0609 0.220874
0.061 0.221153
0.0611 0.221488
0.0612 0.221898
0.0613 0.222017
0.0614 0.222494
0.0615 0.222712
0.0616 0.222944
0.0617 0.223342
0.0618 0.223689
0.0619 0.223755
0.062 0.223918
0.0621 0.224067
0.0622 0.224506
0.0623 0.224707
0.0624 0.224991
0.0625 0.22555
0.0626 0.226064
0.0627 0.226299
0.0628 0.226611
0.0629 0.226954
0.063 0.227479
0.0631 0.227704
0.0632 0.22805
0.0633 0.228189
0.0634 0.228438
0.0635 0.228904
0.0636 0.229164
0.0637 0.229501
0.0638 0.230008
0.0639 0.230393
0.064 0.230626
0.0641 0.230995
0.0642 0.231262
0.0643 0.231711
0.0644 0.232039
0.0645 0.232699
0.0646 0.23292
0.0647 0.233359
0.0648 0.233819
0.0649 0.234253
0.065 0.23475
0.0651 0.235068
0.0652 0.235483
0.0653 0.235927
0.0654 0.236223
0.0655 0.236744
0.0656 0.237171
0.0657 0.237553
0.0658 0.237881
0.0659 0.238253
0.066 0.238697
0.0661 0.239107
0.0662 0.239507
0.0663 0.239651
0.0664 0.240106
0.0665 0.240666
0.0666 0.240972
0.0667 0.241492
0.0668 0.241824
0.0669 0.242112
0.067 0.24235
0.0671 0.242928
0.0672 0.243227
0.0673 0.243721
0.0674 0.244089
0.0675 0.244379
0.0676 0.244536
0.0677 0.244679
0.0678 0.244931
0.0679 0.245134
0.068 0.245613
0.0681 0.246045
0.0682 0.246586
0.0683 0.247026
0.0684 0.247324
0.0685 0.247707
0.0686 0.248298
0.0687 0.248946
0.0688 0.249154
0.0689 0.249628
0.069 0.25009
0.0691 0.25053
0.0692 0.250785
0.0693 0.250949
0.0694 0.251363
0.0695 0.251807
0.0696 0.251894
0.0697 0.252339
0.0698 0.252818
0.0699 0.253413
0.07 0.253624
0.0701 0.253955
0.0702 0.254582
0.0703 0.254926
0.0704 0.255183
0.0705 0.255407
0.0706 0.255888
0.0707 0.25615
0.0708 0.256432
0.0709 0.256782
0.071 0.257244
0.0711 0.257457
0.0712 0.257834
0.0713 0.258054
0.0714 0.258356
0.0715 0.258537
0.0716 0.258393
0.0717 0.258671
0.0718 0.259102
0.0719 0.259279
0.072 0.25961
0.0721 0.260085
0.0722 0.260239
0.0723 0.260721
0.0724 0.261132
0.0725 0.261233
0.0726 0.261527
0.0727 0.261974
0.0728 0.262194
0.0729 0.262591
0.073 0.262921
0.0731 0.263221
0.0732 0.263691
0.0733 0.263923
0.0734 0.264136
0.0735 0.264223
0.0736 0.264596
0.0737 0.265085
0.0738 0.265234
0.0739 0.265236
0.074 0.265443
0.0741 0.265562
0.0742 0.265999
0.0743 0.266433
0.0744 0.266582
0.0745 0.26676
0.0746 0.266958
0.0747 0.267102
0.0748 0.267479
0.0749 0.26769
0.075 0.268024
0.0751 0.268302
0.0752 0.268663
0.0753 0.269027
0.0754 0.269336
0.0755 0.26964
0.0756 0.269829
0.0757 0.270246
0.0758 0.270722
0.0759 0.271126
0.076 0.271412
0.0761 0.271667
0.0762 0.271908
0.0763 0.272436
0.0764 0.272895
0.0765 0.273004
0.0766 0.273394
0.0767 0.273471
0.0768 0.273704
0.0769 0.27417
0.077 0.274506
0.0771 0.274913
0.0772 0.275162
0.0773 0.27542
0.0774 0.275999
0.0775 0.276344
0.0776 0.27674
0.0777 0.277054
0.0778 0.277646
0.0779 0.278029
0.078 0.278435
0.0781 0.278542
0.0782 0.279054
0.0783 0.279404
0.0784 0.279643
0.0785 0.27995
0.0786 0.280213
0.0787 0.280703
0.0788 0.280742
0.0789 0.280856
0.079 0.281247
0.0791 0.281545
0.0792 0.281835
0.0793 0.282041
0.0794 0.28215
0.0795 0.282263
0.0796 0.282601
0.0797 0.282748
0.0798 0.283156
0.0799 0.283696
0.08 0.283792
0.0801 0.284025
0.0802 0.284297
0.0803 0.284718
0.0804 0.284976
0.0805 0.28521
0.0806 0.285529
0.0807 0.28582
0.0808 0.286047
0.0809 0.286133
0.081 0.286517
0.0811 0.286841
0.0812 0.287415
0.0813 0.287847
0.0814 0.288273
0.0815 0.288717
0.0816 0.289101
0.0817 0.289275
0.0818 0.289611
0.0819 0.289966
0.082 0.290533
0.0821 0.291036
0.0822 0.291208
0.0823 0.291681
0.0824 0.292154
0.0825 0.292414
0.0826 0.292393
0.0827 0.292502
0.0828 0.292821
0.0829 0.293047
0.083 0.293476
0.0831 0.293583
0.0832 0.294051
0.0833 0.294217
0.0834 0.294274
0.0835 0.294987
0.0836 0.295273
0.0837 0.295601
0.0838 0.295904
0.0839 0.296156
0.084 0.29642
0.0841 0.296872
0.0842 0.297272
0.0843 0.297135
0.0844 0.297625
0.0845 0.297675
0.0846 0.298032
0.0847 0.298475
0.0848 0.299004
0.0849 0.299317
0.085 0.299505
0.0851 0.299816
0.0852 0.300036
0.0853 0.300661
0.0854 0.300753
0.0855 0.301029
0.0856 0.301482
0.0857 0.30184
0.0858 0.302162
0.0859 0.302275
0.086 0.302596
0.0861 0.302661
0.0862 0.303155
0.0863 0.30354
0.0864 0.304
0.0865 0.3044
0.0866 0.304769
0.0867 0.305127
0.0868 0.305048
0.0869 0.30506
0.087 0.305724
0.0871 0.305967
0.0872 0.306116
0.0873 0.306358
0.0874 0.306715
0.0875 0.306884
0.0876 0.307028
0.0877 0.30698
0.0878 0.307333
0.0879 0.30801
0.088 0.308371
0.0881 0.308675
0.0882 0.30901
0.0883 0.309413
0.0884 0.309568
0.0885 0.309988
0.0886 0.310481
0.0887 0.311074
0.0888 0.311203
0.0889 0.311583
0.089 0.311895
0.0891 0.312162
0.0892 0.312687
0.0893 0.312973
0.0894 0.313438
0.0895 0.313992
0.0896 0.314234
0.0897 0.314399
0.0898 0.314827
0.0899 0.315098
0.09 0.315464
0.0901 0.315936
0.0902 0.316314
0.0903 0.31661
0.0904 0.316894
0.0905 0.317264
0.0906 0.317455
0.0907 0.317794
0.0908 0.317954
0.0909 0.318265
0.091 0.318754
0.0911 0.319194
0.0912 0.319356
0.0913 0.319805
0.0914 0.320179
0.0915 0.320469
0.0916 0.320896
0.0917 0.321305
0.0918 0.321548
0.0919 0.322133
0.092 0.322831
0.0921 0.323213
0.0922 0.323568
0.0923 0.324129
0.0924 0.324291
0.0925 0.324649
0.0926 0.324854
0.0927 0.325111
0.0928 0.32548
0.0929 0.325662
0.093 0.326053
0.0931 0.326493
0.0932 0.326665
0.0933 0.327457
0.0934 0.327504
0.0935 0.327829
0.0936 0.327885
0.0937 0.32836
0.0938 0.328595
0.0939 0.32897
0.094 0.329544
0.0941 0.32978
0.0942 0.330071
0.0943 0.330664
0.0944 0.331126
0.0945 0.331537
0.0946 0.332011
0.0947 0.332143
0.0948 0.332532
0.0949 0.332813
0.095 0.333028
0.0951 0.333431
0.0952 0.333809
0.0953 0.334131
0.0954 0.334628
0.0955 0.335311
0.0956 0.335491
0.0957 0.335565
0.0958 0.335799
0.0959 0.336295
0.096 0.336777
0.0961 0.337134
0.0962 0.337719
0.0963 0.337824
0.0964 0.33831
0.0965 0.338636
0.0966 0.33873
0.0967 0.339137
0.0968 0.339349
0.0969 0.339525
0.097 0.339854
0.0971 0.340264
0.0972 0.340583
0.0973 0.34088
0.0974 0.341009
0.0975 0.341136
0.0976 0.34153
0.0977 0.341841
0.0978 0.341966
0.0979 0.342122
0.098 0.342444
0.0981 0.342578
0.0982 0.342782
0.0983 0.343035
0.0984 0.343144
0.0985 0.343198
0.0986 0.343342
0.0987 0.343743
0.0988 0.343991
0.0989 0.344417
0.099 0.3444
0.0991 0.344819
0.0992 0.344896
0.0993 0.345324
0.0994 0.345686
0.0995 0.345737
0.0996 0.345993
0.0997 0.34625
0.0998 0.346573
0.0999 0.346691
0.1 0.346901
0.1001 0.347639
0.1002 0.347895
0.1003 0.348295
0.1004 0.348481
0.1005 0.348892
0.1006 0.349137
0.1007 0.349219
0.1008 0.349476
0.1009 0.349622
0.101 0.349914
0.1011 0.350349
0.1012 0.350541
0.1013 0.350952
0.1014 0.351406
0.1015 0.351615
0.1016 0.352183
0.1017 0.35241
0.1018 0.352302
0.1019 0.352574
0.102 0.352896
0.1021 0.353108
0.1022 0.353332
0.1023 0.353722
0.1024 0.353676
0.1025 0.354089
0.1026 0.354536
0.1027 0.354765
0.1028 0.355493
0.1029 0.355923
0.103 0.356332
0.1031 0.356702
0.1032 0.356957
0.1033 0.357279
0.1034 0.357708
0.1035 0.35819
0.1036 0.358769
0.1037 0.35963
0.1038 0.360004
0.1039 0.360128
0.104 0.360398
0.1041 0.360782
0.1042 0.360826
0.1043 0.361229
0.1044 0.361409
0.1045 0.361589
0.1046 0.361812
0.1047 0.36204
0.1048 0.362355
0.1049 0.362728
0.105 0.363051
0.1051 0.363422
0.1052 0.363739
0.1053 0.36435
0.1054 0.364582
0.1055 0.365111
0.1056 0.365338
0.1057 0.3654
0.1058 0.366033
0.1059 0.366381
0.106 0.366807
0.1061 0.367159
0.1062 0.36756
0.1063 0.367558
0.1064 0.367715
0.1065 0.367692
0.1066 0.367922
0.1067 0.368081
0.1068 0.368236
0.1069 0.36826
0.107 0.36883
0.1071 0.368804
0.1072 0.369115
0.1073 0.369946
0.1074 0.370163
0.1075 0.370377
0.1076 0.370633
0.1077 0.371257
0.1078 0.371667
0.1079 0.371978
0.108 0.371989
0.1081 0.372262
0.1082 0.372727
0.1083 0.373011
0.1084 0.373697
0.1085 0.373914
0.1086 0.374248
0.1087 0.374286
0.1088 0.374285
0.1089 0.374782
0.109 0.375137
0.1091 0.375552
0.1092 0.376217
0.1093 0.376247
0.1094 0.376606
0.1095 0.376624
0.1096 0.376821
0.1097 0.376916
0.1098 0.377287
0.1099 0.377546
0.11 0.377606
0.1101 0.377804
0.1102 0.378406
0.1103 0.378704
0.1104 0.378882
0.1105 0.379492
0.1106 0.379852
0.1107 0.380347
0.1108 0.380539
0.1109 0.380757
0.111 0.381002
0.1111 0.381164
0.1112 0.381716
0.1113 0.381692
0.1114 0.381949
0.1115 0.382578
0.1116 0.382718
0.1117 0.383231
0.1118 0.383475
0.1119 0.38384
0.112 0.38408
0.1121 0.384664
0.1122 0.38477
0.1123 0.385076
0.1124 0.385742
0.1125 0.386185
0.1126 0.386659
0.1127 0.387119
0.1128 0.387407
0.1129 0.387718
0.113 0.388046
0.1131 0.388529
0.1132 0.388782
0.1133 0.389179
0.1134 0.389348
0.1135 0.389477
0.1136 0.38969
0.1137 0.389963
0.1138 0.390066
0.1139 0.390376
0.114 0.391005
0.1141 0.391712
0.1142 0.392142
0.1143 0.392493
0.1144 0.392824
0.1145 0.393114
0.1146 0.393412
0.1147 0.393898
0.1148 0.394491
0.1149 0.394781
0.115 0.395318
0.1151 0.395553
0.1152 0.395917
0.1153 0.39588
0.1154 0.396263
0.1155 0.396388
0.1156 0.396805
0.1157 0.397362
0.1158 0.397635
0.1159 0.397984
0.116 0.398541
0.1161 0.398775
0.1162 0.399348
0.1163 0.399757
0.1164 0.400098
0.1165 0.40044
0.1166 0.400983
0.1167 0.401326
0.1168 0.401615
0.1169 0.401674
0.117 0.40169
0.1171 0.401921
0.1172 0.402389
0.1173 0.402877
0.1174 0.4035
0.1175 0.403679
0.1176 0.403961
0.1177 0.404097
0.1178 0.40431
0.1179 0.404862
0.118 0.405394
0.1181 0.405549
0.1182 0.405723
0.1183 0.406005
0.1184 0.406361
0.1185 0.407119
0.1186 0.407772
0.1187 0.407962
0.1188 0.408017
0.1189 0.40854
0.119 0.40866
0.1191 0.409188
0.1192 0.409667
0.1193 0.409868
0.1194 0.410285
0.1195 0.410703
0.1196 0.411334
0.1197 0.411697
0.1198 0.412013
0.1199 0.412423
0.12 0.412739
0.1201 0.412748
0.1202 0.413355
0.1203 0.413915
0.1204 0.41438
0.1205 0.414524
0.1206 0.415198
0.1207 0.415769
0.1208 0.415922
0.1209 0.416263
0.121 0.416338
0.1211 0.416715
0.1212 0.417075
0.1213 0.416984
0.1214 0.417419
0.1215 0.41771
0.1216 0.418065
0.1217 0.418256
0.1218 0.418627
0.1219 0.418678
0.122 0.419136
0.1221 0.419379
0.1222 0.419627
0.1223 0.42026
0.1224 0.420586
0.1225 0.420945
0.1226 0.421162
0.1227 0.421189
0.1228 0.421528
0.1229 0.421436
0.123 0.421826
0.1231 0.422087
0.1232 0.422555
0.1233 0.422602
0.1234 0.422935
0.1235 0.422933
0.1236 0.423517
0.1237 0.423792
0.1238 0.423794
0.1239 0.424112
0.124 0.424091
0.1241 0.424546
0.1242 0.425298
0.1243 0.425902
0.1244 0.425932
0.1245 0.426156
0.1246 0.42645
0.1247 0.426634
0.1248 0.427007
0.1249 0.427282
0.125 0.427448
0.1251 0.427755
0.1252 0.42822
0.1253 0.428563
0.1254 0.428977
0.1255 0.429399
0.1256 0.429736
0.1257 0.430015
0.1258 0.430186
0.1259 0.430506
0.126 0.430524
0.1261 0.43096
0.1262 0.431152
0.1263 0.431528
0.1264 0.432126
0.1265 0.432592
0.1266 0.432851
0.1267 0.433116
0.1268 0.433068
0.1269 0.432931
0.127 0.433261
0.1271 0.433577
0.1272 0.433563
0.1273 0.4341
0.1274 0.434188
0.1275 0.434274
0.1276 0.434742
0.1277 0.435021
0.1278 0.435424
0.1279 0.435785
0.128 0.436304
0.1281 0.436835
0.1282 0.436908
0.1283 0.437123
0.1284 0.437589
0.1285 0.437988
0.1286 0.438342
0.1287 0.438917
0.1288 0.43928
0.1289 0.439601
0.129 0.439981
0.1291 0.440643
0.1292 0.440835
0.1293 0.440935
0.1294 0.441449
0.1295 0.441735
0.1296 0.442148
0.1297 0.442657
0.1298 0.443215
0.1299 0.443505
0.13 0.443837
0.1301 0.44425
0.1302 0.444408
0.1303 0.44479
0.1304 0.444972
0.1305 0.44534
0.1306 0.445342
0.1307 0.445717
0.1308 0.446238
0.1309 0.446605
0.131 0.447137
0.1311 0.44756
0.1312 0.447979
0.1313 0.44827
0.1314 0.448689
0.1315 0.44891
0.1316 0.449356
0.1317 0.449622
0.1318 0.450343
0.1319 0.450854
0.132 0.451678
0.1321 0.451874
0.1322 0.452311
0.1323 0.452702
0.1324 0.45303
0.1325 0.453504
0.1326 0.453776
0.1327 0.45413
0.1328 0.454738
0.1329 0.455124
0.133 0.4555
0.1331 0.455726
0.1332 0.45605
0.1333 0.456348
0.1334 0.456688
0.1335 0.457158
0.1336 0.45733
0.1337 0.457625
0.1338 0.457927
0.1339 0.457958
0.134 0.458463
0.1341 0.458959
0.1342 0.459168
0.1343 0.459539
0.1344 0.459927
0.1345 0.460585
0.1346 0.460868
0.1347 0.461213
0.1348 0.46152
0.1349 0.461652
0.135 0.46182
0.1351 0.462229
0.1352 0.462675
0.1353 0.462953
0.1354 0.463242
0.1355 0.463661
0.1356 0.463821
0.1357 0.464072
0.1358 0.46407
0.1359 0.464414
0.136 0.464352
0.1361 0.464413
0.1362 0.46502
0.1363 0.465318
0.1364 0.465433
0.1365 0.466011
0.1366 0.466558
0.1367 0.466929
0.1368 0.467468
0.1369 0.467628
0.137 0.468084
0.1371 0.468017
0.1372 0.468149
0.1373 0.468614
0.1374 0.468954
0.1375 0.469183
0.1376 0.469791
0.1377 0.470101
0.1378 0.470615
0.1379 0.47092
0.138 0.47163
0.1381 0.471684
0.1382 0.47194
0.1383 0.472059
0.1384 0.472446
0.1385 0.472558
0.1386 0.472974
0.1387 0.473669
0.1388 0.4742
0.1389 0.474529
0.139 0.474946
0.1391 0.475322
0.1392 0.47576
0.1393 0.476308
0.1394 0.476709
0.1395 0.477102
0.1396 0.47719
0.1397 0.477452
0.1398 0.477777
0.1399 0.477636
0.14 0.477719
0.1401 0.478513
0.1402 0.479067
0.1403 0.4795
0.1404 0.479785
0.1405 0.480122
0.1406 0.48034
0.1407 0.480774
0.1408 0.480986
0.1409 0.481447
0.141 0.482106
0.1411 0.482212
0.1412 0.482663
0.1413 0.483099
0.1414 0.482781
0.1415 0.483093
0.1416 0.483569
0.1417 0.48367
0.1418 0.483716
0.1419 0.48405
0.142 0.484547
0.1421 0.484779
0.1422 0.485167
0.1423 0.485246
0.1424 0.485608
0.1425 0.486013
0.1426 0.48648
0.1427 0.487031
0.1428 0.48709
0.1429 0.487377
0.143 0.48791
0.1431 0.488145
0.1432 0.488605
0.1433 0.488888
0.1434 0.489064
0.1435 0.489201
0.1436 0.489537
0.1437 0.490167
0.1438 0.490376
0.1439 0.490808
0.144 0.491087
0.1441 0.491153
0.1442 0.491808
0.1443 0.492104
0.1444 0.49229
0.1445 0.492697
0.1446 0.493055
0.1447 0.493092
0.1448 0.493541
0.1449 0.493818
0.145 0.494132
0.1451 0.494434
0.1452 0.495184
0.1453 0.495148
0.1454 0.495479
0.1455 0.495856
0.1456 0.495969
0.1457 0.496096
0.1458 0.496324
0.1459 0.496516
0.146 0.49716
0.1461 0.497495
0.1462 0.497984
0.1463 0.498615
0.1464 0.498701
0.1465 0.498662
0.1466 0.499271
0.1467 0.499441
0.1468 0.499356
0.1469 0.499861
0.147 0.500018
0.1471 0.500475
0.1472 0.500791
0.1473 0.501111
0.1474 0.501374
0.1475 0.501528
0.1476 0.501759
0.1477 0.501984
0.1478 0.502254
0.1479 0.502428
0.148 0.502625
0.1481 0.502781
0.1482 0.502793
0.1483 0.503156
0.1484 0.503077
0.1485 0.503454
0.1486 0.503755
0.1487 0.503762
0.1488 0.504324
0.1489 0.504891
0.149 0.5052
0.1491 0.505397
0.1492 0.50536
0.1493 0.505635
0.1494 0.506133
0.1495 0.506483
0.1496 0.50682
0.1497 0.507029
0.1498 0.507495
0.1499 0.508022
0.15 0.508386
0.1501 0.508799
0.1502 0.508915
0.1503 0.509423
0.1504 0.509909
0.1505 0.510192
0.1506 0.510023
0.1507 0.510362
0.1508 0.510502
0.1509 0.510646
0.151 0.511102
0.1511 0.511602
0.1512 0.512025
0.1513 0.512104
0.1514 0.51247
0.1515 0.512884
0.1516 0.513203
0.1517 0.513347
0.1518 0.513249
0.1519 0.513237
0.152 0.513476
0.1521 0.51385
0.1522 0.514534
0.1523 0.514931
0.1524 0.51515
0.1525 0.515166
0.1526 0.515203
0.1527 0.515258
0.1528 0.515726
0.1529 0.515856
0.153 0.516365
0.1531 0.516601
0.1532 0.517179
0.1533 0.517464
0.1534 0.517562
0.1535 0.518024
0.1536 0.518548
0.1537 0.518899
0.1538 0.519042
0.1539 0.51955
0.154 0.519802
0.1541 0.520206
0.1542 0.520412
0.1543 0.520662
0.1544 0.520919
0.1545 0.52122
0.1546 0.521483
0.1547 0.521671
0.1548 0.522221
0.1549 0.522402
0.155 0.522759
0.1551 0.523074
0.1552 0.522906
0.1553 0.52334
0.1554 0.523608
0.1555 0.523665
0.1556 0.523909
0.1557 0.524228
0.1558 0.524539
0.1559 0.524864
0.156 0.525331
0.1561 0.525858
0.1562 0.525927
0.1563 0.526767
0.1564 0.527088
0.1565 0.527578
0.1566 0.528036
0.1567 0.528237
0.1568 0.528276
0.1569 0.528625
0.157 0.528612
0.1571 0.529074
0.1572 0.529472
0.1573 0.530432
0.1574 0.53043
0.1575 0.530644
0.1576 0.530805
0.1577 0.53132
0.1578 0.531589
0.1579 0.532114
0.158 0.53241
0.1581 0.532389
0.1582 0.532909
0.1583 0.532997
0.1584 0.533321
0.1585 0.533497
0.1586 0.533783
0.1587 0.533796
0.1588 0.534322
0.1589 0.53457
0.159 0.535086
0.1591 0.535334
0.1592 0.5354
0.1593 0.536035
0.1594 0.536375
0.1595 0.536357
0.1596 0.536954
0.1597 0.537326
0.1598 0.53785
0.1599 0.53763
0.16 0.537643
0.1601 0.538188
0.1602 0.538513
0.1603 0.538537
0.1604 0.538835
0.1605 0.539312
0.1606 0.539585
0.1607 0.539954
0.1608 0.540146
0.1609 0.540167
0.161 0.540273
0.1611 0.540933
0.1612 0.541238
0.1613 0.541564
0.1614 0.542043
0.1615 0.542419
0.1616 0.542659
0.1617 0.543035
0.1618 0.543331
0.1619 0.54346
0.162 0.543834
0.1621 0.543937
0.1622 0.544531
0.1623 0.54488
0.1624 0.545232
0.1625 0.545428
0.1626 0.545925
0.1627 0.546271
0.1628 0.546378
0.1629 0.54708
0.163 0.547185
0.1631 0.54743
0.1632 0.54767
0.1633 0.547951
0.1634 0.54832
0.1635 0.548429
0.1636 0.549045
0.1637 0.549512
0.1638 0.549932
0.1639 0.55019
0.164 0.550299
0.1641 0.550852
0.1642 0.550878
0.1643 0.551089
0.1644 0.55154
0.1645 0.552007
0.1646 0.552375
0.1647 0.552737
0.1648 0.553376
0.1649 0.553679
0.165 0.553816
0.1651 0.553791
0.1652 0.554248
0.1653 0.55435
0.1654 0.554215
0.1655 0.554478
0.1656 0.554539
0.1657 0.554801
0.1658 0.555017
0.1659 0.555429
0.166 0.555713
0.1661 0.556242
0.1662 0.556317
0.1663 0.556606
0.1664 0.556854
0.1665 0.556984
0.1666 0.557667
0.1667 0.558223
0.1668 0.558887
0.1669 0.559236
0.167 0.559275
0.1671 0.559881
0.1672 0.560433
0.1673 0.560717
0.1674 0.561207
0.1675 0.560832
0.1676 0.560866
0.1677 0.561192
0.1678 0.561693
0.1679 0.561625
0.168 0.561712
0.1681 0.562208
0.1682 0.562624
0.1683 0.562815
0.1684 0.562978
0.1685 0.563705
0.1686 0.564193
0.1687 0.564483
0.1688 0.564775
0.1689 0.56521
0.169 0.565631
0.1691 0.566162
0.1692 0.566532
0.1693 0.566719
0.1694 0.567059
0.1695 0.567514
0.1696 0.567727
0.1697 0.567948
0.1698 0.568176
0.1699 0.5682
0.17 0.568227
0.1701 0.568589
0.1702 0.5681
0.1703 0.568391
0.1704 0.568664
0.1705 0.569023
0.1706 0.569148
0.1707 0.56923
0.1708 0.569578
0.1709 0.569752
0.171 0.569925
0.1711 0.570488
0.1712 0.570732
0.1713 0.570943
0.1714 0.571025
0.1715 0.571252
0.1716 0.571482
0.1717 0.571617
0.1718 0.572072
0.1719 0.572152
0.172 0.572865
0.1721 0.573486
0.1722 0.573648
0.1723 0.574447
0.1724 0.574766
0.1725 0.574621
0.1726 0.574809
0.1727 0.575012
0.1728 0.575248
0.1729 0.5752
0.173 0.575855
0.1731 0.576229
0.1732 0.576306
0.1733 0.576694
0.1734 0.576886
0.1735 0.576673
0.1736 0.577118
0.1737 0.577431
0.1738 0.577713
0.1739 0.577903
0.174 0.57854
0.1741 0.57882
0.1742 0.579228
0.1743 0.57977
0.1744 0.580183
0.1745 0.580302
0.1746 0.580975
0.1747 0.580977
0.1748 0.581118
0.1749 0.581806
0.175 0.581982
0.1751 0.582618
0.1752 0.582879
0.1753 0.583354
0.1754 0.583552
0.1755 0.58351
0.1756 0.58386
0.1757 0.584268
0.1758 0.584606
0.1759 0.584734
0.176 0.58519
0.1761 0.585581
0.1762 0.585974
0.1763 0.586336
0.1764 0.586616
0.1765 0.587418
0.1766 0.587627
0.1767 0.587607
0.1768 0.588277
0.1769 0.588548
0.177 0.588578
0.1771 0.588966
0.1772 0.588768
0.1773 0.588835
0.1774 0.589113
0.1775 0.589571
0.1776 0.590253
0.1777 0.590245
0.1778 0.590517
0.1779 0.590663
0.178 0.590883
0.1781 0.590968
0.1782 0.591043
0.1783 0.591455
0.1784 0.591632
0.1785 0.592028
0.1786 0.592532
0.1787 0.592701
0.1788 0.59335
0.1789 0.593566
0.179 0.594021
0.1791 0.594439
0.1792 0.594793
0.1793 0.595575
0.1794 0.595647
0.1795 0.595744
0.1796 0.595987
0.1797 0.596321
0.1798 0.596515
0.1799 0.596906
0.18 0.597202
0.1801 0.596986
0.1802 0.59711
0.1803 0.597496
0.1804 0.597903
0.1805 0.598287
0.1806 0.598924
0.1807 0.599228
0.1808 0.599325
0.1809 0.599638
0.181 0.600023
0.1811 0.600314
0.1812 0.600235
0.1813 0.601132
0.1814 0.601469
0.1815 0.601418
0.1816 0.60193
0.1817 0.602587
0.1818 0.603107
0.1819 0.60326
0.182 0.603776
0.1821 0.6043
0.1822 0.604759
0.1823 0.60507
0.1824 0.605502
0.1825 0.606191
0.1826 0.606688
0.1827 0.60651
0.1828 0.607268
0.1829 0.607492
0.183 0.607711
0.1831 0.608232
0.1832 0.6085
0.1833 0.608161
0.1834 0.608338
0.1835 0.608997
0.1836 0.609455
0.1837 0.609712
0.1838 0.609806
0.1839 0.610014
0.184 0.610098
0.1841 0.610332
0.1842 0.610528
0.1843 0.61038
0.1844 0.610569
0.1845 0.610777
0.1846 0.611061
0.1847 0.61138
0.1848 0.611402
0.1849 0.611809
0.185 0.61221
0.1851 0.612259
0.1852 0.612828
0.1853 0.613254
0.1854 0.613758
0.1855 0.614134
0.1856 0.614551
0.1857 0.614991
0.1858 0.615462
0.1859 0.615403
0.186 0.615553
0.1861 0.616176
0.1862 0.615974
0.1863 0.616497
0.1864 0.616919
0.1865 0.616914
0.1866 0.616971
0.1867 0.617333
0.1868 0.617308
0.1869 0.617819
0.187 0.617608
0.1871 0.617991
0.1872 0.618457
0.1873 0.61834
0.1874 0.619014
0.1875 0.619358
0.1876 0.619884
0.1877 0.62038
0.1878 0.62081
0.1879 0.620736
0.188 0.62125
0.1881 0.621657
0.1882 0.622083
0.1883 0.622201
0.1884 0.62236
0.1885 0.622701
0.1886 0.623217
0.1887 0.623612
0.1888 0.623615
0.1889 0.623685
0.189 0.624391
0.1891 0.624723
0.1892 0.625088
0.1893 0.625458
0.1894 0.625424
0.1895 0.625336
0.1896 0.625284
0.1897 0.625677
0.1898 0.625948
0.1899 0.626185
0.19 0.626592
0.1901 0.627399
0.1902 0.627311
0.1903 0.627835
0.1904 0.628101
0.1905 0.628338
0.1906 0.628232
0.1907 0.62866
0.1908 0.629218
0.1909 0.62956
0.191 0.629763
0.1911 0.630027
0.1912 0.630579
0.1913 0.631055
0.1914 0.631181
0.1915 0.631725
0.1916 0.631681
0.1917 0.631939
0.1918 0.632298
0.1919 0.632805
0.192 0.632955
0.1921 0.633181
0.1922 0.63379
0.1923 0.634324
0.1924 0.63479
0.1925 0.635513
0.1926 0.635953
0.1927 0.636245
0.1928 0.636588
0.1929 0.636832
0.193 0.63686
0.1931 0.637216
0.1932 0.637586
0.1933 0.637972
0.1934 0.638725
0.1935 0.639162
0.1936 0.639575
0.1937 0.639972
0.1938 0.640467
0.1939 0.640773
0.194 0.640778
0.1941 0.640638
0.1942 0.640746
0.1943 0.64119
0.1944 0.641386
0.1945 0.64157
0.1946 0.641527
0.1947 0.641667
0.1948 0.641701
0.1949 0.642066
0.195 0.642254
0.1951 0.642552
0.1952 0.642759
0.1953 0.643124
0.1954 0.643071
0.1955 0.643508
0.1956 0.643432
0.1957 0.64402
0.1958 0.644455
0.1959 0.645087
0.196 0.645495
0.1961 0.646037
0.1962 0.646131
0.1963 0.646352
0.1964 0.646549
0.1965 0.646423
0.1966 0.646899
0.1967 0.647617
0.1968 0.648188
0.1969 0.648339
0.197 0.648736
0.1971 0.648621
0.1972 0.649096
0.1973 0.64896
0.1974 0.64887
0.1975 0.649653
0.1976 0.650189
0.1977 0.650282
0.1978 0.650626
0.1979 0.650594
0.198 0.650883
0.1981 0.651135
0.1982 0.651772
0.1983 0.652069
0.1984 0.652468
0.1985 0.652967
0.1986 0.653354
0.1987 0.653545
0.1988 0.653975
0.1989 0.65426
0.199 0.654503
0.1991 0.654654
0.1992 0.654715
0.1993 0.654437
0.1994 0.654655
0.1995 0.655053
0.1996 0.655096
0.1997 0.655487
0.1998 0.655807
0.1999 0.656229
0.2 0.656421
0.2001 0.65637
0.2002 0.656712
0.2003 0.656958
0.2004 0.656961
0.2005 0.657556
0.2006 0.657417
0.2007 0.657383
0.2008 0.657548
0.2009 0.658139
0.201 0.658877
0.2011 0.659017
0.2012 0.659258
0.2013 0.659729
0.2014 0.660024
0.2015 0.660604
0.2016 0.661001
0.2017 0.661323
0.2018 0.661534
0.2019 0.662264
0.202 0.662716
0.2021 0.662964
0.2022 0.663464
0.2023 0.664077
0.2024 0.66454
0.2025 0.664823
0.2026 0.664878
0.2027 0.664903
0.2028 0.665417
0.2029 0.66574
0.203 0.666412
0.2031 0.666506
0.2032 0.666966
0.2033 0.66728
0.2034 0.667796
0.2035 0.667948
0.2036 0.668475
0.2037 0.669304
0.2038 0.669624
0.2039 0.669766
0.204 0.670083
0.2041 0.669889
0.2042 0.669717
0.2043 0.669709
0.2044 0.670186
0.2045 0.670351
0.2046 0.670699
0.2047 0.670893
0.2048 0.671314
0.2049 0.671401
0.205 0.671663
0.2051 0.672045
0.2052 0.672489
0.2053 0.67303
0.2054 0.673203
0.2055 0.673542
0.2056 0.673789
0.2057 0.674393
0.2058 0.67446
0.2059 0.674773
0.206 0.674755
0.2061 0.675089
0.2062 0.675348
0.2063 0.675866
0.2064 0.675768
0.2065 0.676241
0.2066 0.676631
0.2067 0.677188
0.2068 0.677806
0.2069 0.678208
0.207 0.678727
0.2071 0.679185
0.2072 0.679284
0.2073 0.679331
0.2074 0.679818
0.2075 0.680363
0.2076 0.680672
0.2077 0.68095
0.2078 0.681763
0.2079 0.682127
0.208 0.682531
0.2081 0.683049
0.2082 0.683074
0.2083 0.683404
0.2084 0.68348
0.2085 0.68358
0.2086 0.684119
0.2087 0.6843
0.2088 0.685007
0.2089 0.685208
0.209 0.685549
0.2091 0.685965
0.2092 0.686368
0.2093 0.687077
0.2094 0.687895
0.2095 0.688283
0.2096 0.688749
0.2097 0.68916
0.2098 0.68923
0.2099 0.68914
0.21 0.68958
0.2101 0.689861
0.2102 0.69009
0.2103 0.690613
0.2104 0.690972
0.2105 0.691066
0.2106 0.691633
0.2107 0.691871
0.2108 0.692234
0.2109 0.692471
0.211 0.692514
0.2111 0.692829
0.2112 0.693389
0.2113 0.693436
0.2114 0.694089
0.2115 0.69432
0.2116 0.694525
0.2117 0.69499
0.2118 0.695516
0.2119 0.696014
0.212 0.696049
0.2121 0.696052
0.2122 0.696941
0.2123 0.697306
0.2124 0.697602
0.2125 0.698042
0.2126 0.698629
0.2127 0.699147
0.2128 0.699337
0.2129 0.699321
0.213 0.699316
0.2131 0.699668
0.2132 0.699929
0.2133 0.700911
0.2134 0.700909
0.2135 0.70102
0.2136 0.701118
0.2137 0.701005
0.2138 0.701065
0.2139 0.701439
0.214 0.701638
0.2141 0.702096
0.2142 0.70271
0.2143 0.70266
0.2144 0.702774
0.2145 0.703016
0.2146 0.703055
0.2147 0.703653
0.2148 0.704424
0.2149 0.70462
0.215 0.704679
0.2151 0.705301
0.2152 0.705116
0.2153 0.705776
0.2154 0.705766
0.2155 0.706187
0.2156 0.706166
0.2157 0.706565
0.2158 0.706832
0.2159 0.70711
0.216 0.70743
0.2161 0.707745
0.2162 0.708458
0.2163 0.708967
0.2164 0.709177
0.2165 0.709405
0.2166 0.709811
0.2167 0.710149
0.2168 0.710279
0.2169 0.710382
0.217 0.710513
0.2171 0.711334
0.2172 0.711698
0.2173 0.711707
0.2174 0.71188
0.2175 0.712348
0.2176 0.712935
0.2177 0.713093
0.2178 0.713332
0.2179 0.713854
0.218 0.714005
0.2181 0.714386
0.2182 0.714654
0.2183 0.714954
0.2184 0.715114
0.2185 0.715633
0.2186 0.71613
0.2187 0.716327
0.2188 0.716326
0.2189 0.716777
0.219 0.717336
0.2191 0.717156
0.2192 0.717636
0.2193 0.71765
0.2194 0.717933
0.2195 0.718502
0.2196 0.718805
0.2197 0.71935
0.2198 0.71942
0.2199 0.719893
0.22 0.719862
0.2201 0.719979
0.2202 0.72027
0.2203 0.720349
0.2204 0.721034
0.2205 0.721394
0.2206 0.721328
0.2207 0.721944
0.2208 0.722004
0.2209 0.722203
0.221 0.722426
0.2211 0.723042
0.2212 0.723109
0.2213 0.723511
0.2214 0.723605
0.2215 0.723975
0.2216 0.723589
0.2217 0.723733
0.2218 0.724227
0.2219 0.724426
0.222 0.724806
0.2221 0.725412
0.2222 0.725843
0.2223 0.725968
0.2224 0.726556
0.2225 0.726846
0.2226 0.727588
0.2227 0.728236
0.2228 0.728213
0.2229 0.728618
0.223 0.728721
0.2231 0.729384
0.2232 0.729545
0.2233 0.730202
0.2234 0.730652
0.2235 0.730715
0.2236 0.730765
0.2237 0.731285
0.2238 0.73111
0.2239 0.731427
0.224 0.731362
0.2241 0.731515
0.2242 0.731974
0.2243 0.732156
0.2244 0.732467
0.2245 0.732656
0.2246 0.733172
0.2247 0.733067
0.2248 0.733755
0.2249 0.733973
0.225 0.734394
0.2251 0.734858
0.2252 0.734955
0.2253 0.734962
0.2254 0.735282
0.2255 0.735649
0.2256 0.735909
0.2257 0.736047
0.2258 0.736035
0.2259 0.736219
0.226 0.736456
0.2261 0.736578
0.2262 0.736621
0.2263 0.737115
0.2264 0.737047
0.2265 0.7377
0.2266 0.738184
0.2267 0.738715
0.2268 0.738642
0.2269 0.739284
0.227 0.73965
0.2271 0.740101
0.2272 0.740336
0.2273 0.74084
0.2274 0.741006
0.2275 0.741246
0.2276 0.741776
0.2277 0.742
0.2278 0.742143
0.2279 0.742314
0.228 0.742865
0.2281 0.743102
0.2282 0.743142
0.2283 0.743718
0.2284 0.744048
0.2285 0.744095
0.2286 0.744454
0.2287 0.744735
0.2288 0.74481
0.2289 0.74519
0.229 0.745221
0.2291 0.745522
0.2292 0.745968
0.2293 0.746215
0.2294 0.746562
0.2295 0.746812
0.2296 0.747048
0.2297 0.747628
0.2298 0.747487
0.2299 0.747828
0.23 0.748175
0.2301 0.748108
0.2302 0.748627
0.2303 0.749102
0.2304 0.749307
0.2305 0.749562
0.2306 0.749766
0.2307 0.749784
0.2308 0.750472
0.2309 0.75075
0.231 0.751067
0.2311 0.751587
0.2312 0.751521
0.2313 0.751335
0.2314 0.751995
0.2315 0.752381
0.2316 0.752759
0.2317 0.752913
0.2318 0.752802
0.2319 0.753247
0.232 0.753571
0.2321 0.753788
0.2322 0.753978
0.2323 0.754306
0.2324 0.754835
0.2325 0.75517
0.2326 0.75524
0.2327 0.755024
0.2328 0.755184
0.2329 0.755092
0.233 0.755645
0.2331 0.75584
0.2332 0.756163
0.2333 0.756763
0.2334 0.756678
0.2335 0.756681
0.2336 0.757071
0.2337 0.75751
0.2338 0.757502
0.2339 0.758046
0.234 0.758573
0.2341 0.75876
0.2342 0.759288
0.2343 0.759907
0.2344 0.759969
0.2345 0.760141
0.2346 0.760529
0.2347 0.761041
0.2348 0.761463
0.2349 0.761715
0.235 0.762026
0.2351 0.762055
0.2352 0.762298
0.2353 0.762714
0.2354 0.762983
0.2355 0.763578
0.2356 0.76406
0.2357 0.764848
0.2358 0.765101
0.2359 0.765602
0.236 0.766313
0.2361 0.766709
0.2362 0.767425
0.2363 0.767772
0.2364 0.768425
0.2365 0.768979
0.2366 0.769277
0.2367 0.769668
0.2368 0.769674
0.2369 0.77029
0.237 0.770635
0.2371 0.770941
0.2372 0.771381
0.2373 0.771802
0.2374 0.772163
0.2375 0.77244
0.2376 0.77286
0.2377 0.773479
0.2378 0.774019
0.2379 0.774426
0.238 0.774879
0.2381 0.775511
0.2382 0.775843
0.2383 0.77621
0.2384 0.776547
0.2385 0.776599
0.2386 0.776978
0.2387 0.777386
0.2388 0.778042
0.2389 0.778188
0.239 0.778072
0.2391 0.778108
0.2392 0.778482
0.2393 0.779055
0.2394 0.779368
0.2395 0.780078
0.2396 0.78058
0.2397 0.781097
0.2398 0.781372
0.2399 0.781362
0.24 0.781806
0.2401 0.782149
0.2402 0.78242
0.2403 0.783203
0.2404 0.783824
0.2405 0.784117
0.2406 0.784282
0.2407 0.784885
0.2408 0.78471
0.2409 0.785097
0.241 0.785529
0.2411 0.786026
0.2412 0.786356
0.2413 0.786704
0.2414 0.787073
0.2415 0.787188
0.2416 0.787169
0.2417 0.787748
0.2418 0.788286
0.2419 0.78881
0.242 0.788679
0.2421 0.789048
0.2422 0.789454
0.2423 0.789699
0.2424 0.790161
0.2425 0.790332
0.2426 0.791086
0.2427 0.791579
0.2428 0.791861
0.2429 0.792125
0.243 0.792983
0.2431 0.793322
0.2432 0.793953
0.2433 0.79409
0.2434 0.794427
0.2435 0.794494
0.2436 0.794368
0.2437 0.794997
0.2438 0.795306
0.2439 0.795573
0.244 0.795856
0.2441 0.796164
0.2442 0.796758
0.2443 0.796815
0.2444 0.796784
0.2445 0.797431
0.2446 0.797717
0.2447 0.798108
0.2448 0.798282
0.2449 0.798348
0.245 0.798554
0.2451 0.798992
0.2452 0.799397
0.2453 0.799977
0.2454 0.800688
0.2455 0.80082
0.2456 0.801382
0.2457 0.801888
0.2458 0.802253
0.2459 0.802524
0.246 0.802919
0.2461 0.80348
0.2462 0.803849
0.2463 0.804294
0.2464 0.804542
0.2465 0.80426
0.2466 0.805168
0.2467 0.805667
0.2468 0.806102
0.2469 0.806382
0.247 0.806519
0.2471 0.806937
0.2472 0.806932
0.2473 0.807274
0.2474 0.807614
0.2475 0.80768
0.2476 0.808275
0.2477 0.808792
0.2478 0.809413
0.2479 0.809976
0.248 0.809933
0.2481 0.810576
0.2482 0.810963
0.2483 0.811053
0.2484 0.811238
0.2485 0.811384
0.2486 0.811583
0.2487 0.811501
0.2488 0.811564
0.2489 0.81228
0.249 0.812271
0.2491 0.812577
0.2492 0.812807
0.2493 0.813565
0.2494 0.813725
0.2495 0.814054
0.2496 0.814621
0.2497 0.814875
0.2498 0.814886
0.2499 0.815199
0.25 0.815289
0.2501 0.81538
0.2502 0.815638
0.2503 0.816007
0.2504 0.816152
0.2505 0.816752
0.2506 0.816687
0.2507 0.816926
0.2508 0.817442
0.2509 0.817637
0.251 0.818089
0.2511 0.818328
0.2512 0.818709
0.2513 0.818718
0.2514 0.819514
0.2515 0.81994
0.2516 0.819875
0.2517 0.820244
0.2518 0.820645
0.2519 0.821445
0.252 0.821664
0.2521 0.821284
0.2522 0.82139
0.2523 0.821677
0.2524 0.821755
0.2525 0.821642
0.2526 0.822119
0.2527 0.822407
0.2528 0.822248
0.2529 0.822154
0.253 0.822795
0.2531 0.823094
0.2532 0.823068
0.2533 0.823082
0.2534 0.823078
0.2535 0.823144
0.2536 0.82336
0.2537 0.8237
0.2538 0.823863
0.2539 0.824035
0.254 0.824239
0.2541 0.824909
0.2542 0.825594
0.2543 0.825979
0.2544 0.826325
0.2545 0.826216
0.2546 0.826425
0.2547 0.826221
0.2548 0.826641
0.2549 0.827183
0.255 0.827093
0.2551 0.8273
0.2552 0.82689
0.2553 0.826991
0.2554 0.827358
0.2555 0.827936
0.2556 0.828346
0.2557 0.82867
0.2558 0.828469
0.2559 0.828731
0.256 0.829227
0.2561 0.829433
0.2562 0.829891
0.2563 0.830427
0.2564 0.830589
0.2565 0.830932
0.2566 0.831454
0.2567 0.831568
0.2568 0.831623
0.2569 0.831467
0.257 0.831728
0.2571 0.832092
0.2572 0.831957
0.2573 0.832243
0.2574 0.832629
0.2575 0.832756
0.2576 0.832892
0.2577 0.832594
0.2578 0.832757
0.2579 0.832585
0.258 0.832901
0.2581 0.833111
0.2582 0.833254
0.2583 0.833815
0.2584 0.83374
0.2585 0.833958
0.2586 0.834443
0.2587 0.834479
0.2588 0.834783
0.2589 0.835103
0.259 0.835607
0.2591 0.835776
0.2592 0.836483
0.2593 0.836888
0.2594 0.837045
0.2595 0.83724
0.2596 0.837408
0.2597 0.837121
0.2598 0.837387
0.2599 0.837953
0.26 0.838573
0.2601 0.838968
0.2602 0.839451
0.2603 0.840147
0.2604 0.840293
0.2605 0.840401
0.2606 0.84075
0.2607 0.841121
0.2608 0.841106
0.2609 0.841601
0.261 0.842015
0.2611 0.842455
0.2612 0.842298
0.2613 0.842931
0.2614 0.843249
0.2615 0.843951
0.2616 0.84472
0.2617 0.845116
0.2618 0.845225
0.2619 0.845245
0.262 0.845453
0.2621 0.845453
0.2622 0.84581
0.2623 0.846148
0.2624 0.846724
0.2625 0.847329
0.2626 0.847579
0.2627 0.847832
0.2628 0.847921
0.2629 0.847993
0.263 0.848514
0.2631 0.848696
0.2632 0.848938
0.2633 0.84907
0.2634 0.849136
0.2635 0.848906
0.2636 0.849182
0.2637 0.849612
0.2638 0.850334
0.2639 0.850301
0.264 0.850536
0.2641 0.850637
0.2642 0.850979
0.2643 0.851501
0.2644 0.851989
0.2645 0.852206
0.2646 0.852378
0.2647 0.852684
0.2648 0.853044
0.2649 0.853251
0.265 0.853647
0.2651 0.853569
0.2652 0.853899
0.2653 0.854422
0.2654 0.854876
0.2655 0.855473
0.2656 0.85593
0.2657 0.856453
0.2658 0.856893
0.2659 0.857363
0.266 0.85756
0.2661 0.858179
0.2662 0.858241
0.2663 0.858397
0.2664 0.858668
0.2665 0.859013
0.2666 0.859389
0.2667 0.859364
0.2668 0.859476
0.2669 0.859417
0.267 0.859449
0.2671 0.859996
0.2672 0.860335
0.2673 0.86051
0.2674 0.861404
0.2675 0.861931
0.2676 0.8618
0.2677 0.861899
0.2678 0.861737
0.2679 0.86228
0.268 0.862557
0.2681 0.863281
0.2682 0.863559
0.2683 0.863538
0.2684 0.864362
0.2685 0.864555
0.2686 0.864604
0.2687 0.864899
0.2688 0.865037
0.2689 0.865405
0.269 0.866087
0.2691 0.866418
0.2692 0.866898
0.2693 0.866346
0.2694 0.866151
0.2695 0.866588
0.2696 0.866927
0.2697 0.867022
0.2698 0.867461
0.2699 0.867653
0.27 0.868056
0.2701 0.86868
0.2702 0.868955
0.2703 0.868925
0.2704 0.869045
0.2705 0.86964
0.2706 0.869584
0.2707 0.870755
0.2708 0.871168
0.2709 0.871726
0.271 0.871691
0.2711 0.871967
0.2712 0.872458
0.2713 0.87246
0.2714 0.87252
0.2715 0.872995
0.2716 0.873564
0.2717 0.873845
0.2718 0.874225
0.2719 0.874229
0.272 0.874265
0.2721 0.87448
0.2722 0.875333
0.2723 0.875652
0.2724 0.875895
0.2725 0.876166
0.2726 0.876394
0.2727 0.875903
0.2728 0.876284
0.2729 0.876677
0.273 0.876844
0.2731 0.877235
0.2732 0.877551
0.2733 0.878213
0.2734 0.878567
0.2735 0.879079
0.2736 0.87927
0.2737 0.879831
0.2738 0.88025
0.2739 0.880477
0.274 0.881174
0.2741 0.881072
0.2742 0.881415
0.2743 0.881699
0.2744 0.88235
0.2745 0.88247
0.2746 0.883153
0.2747 0.883235
0.2748 0.883425
0.2749 0.88423
0.275 0.885144
0.2751 0.88522
0.2752 0.885348
0.2753 0.886031
0.2754 0.886648
0.2755 0.886711
0.2756 0.887519
0.2757 0.887516
0.2758 0.887542
0.2759 0.887738
0.276 0.888243
0.2761 0.8887
0.2762 0.889783
0.2763 0.889649
0.2764 0.889915
0.2765 0.890372
0.2766 0.891234
0.2767 0.891463
0.2768 0.891917
0.2769 0.89239
0.277 0.892628
0.2771 0.892654
0.2772 0.89257
0.2773 0.892876
0.2774 0.892979
0.2775 0.893258
0.2776 0.89376
0.2777 0.894307
0.2778 0.894674
0.2779 0.894879
0.278 0.895239
0.2781 0.895501
0.2782 0.895678
0.2783 0.895916
0.2784 0.896424
0.2785 0.897179
0.2786 0.897184
0.2787 0.897456
0.2788 0.898131
0.2789 0.898424
0.279 0.898926
0.2791 0.899321
0.2792 0.899597
0.2793 0.899531
0.2794 0.900021
0.2795 0.900473
0.2796 0.90057
0.2797 0.901064
0.2798 0.901397
0.2799 0.901947
0.28 0.902087
0.2801 0.902346
0.2802 0.902357
0.2803 0.902343
0.2804 0.902657
0.2805 0.902707
0.2806 0.902927
0.2807 0.903387
0.2808 0.903705
0.2809 0.90396
0.281 0.904233
0.2811 0.905017
0.2812 0.905439
0.2813 0.906218
0.2814 0.906647
0.2815 0.906632
0.2816 0.906565
0.2817 0.906704
0.2818 0.907011
0.2819 0.907321
0.282 0.907883
0.2821 0.907921
0.2822 0.908054
0.2823 0.908673
0.2824 0.90896
0.2825 0.909185
0.2826 0.909178
0.2827 0.90929
0.2828 0.909573
0.2829 0.909814
0.283 0.910031
0.2831 0.910193
0.2832 0.910225
0.2833 0.910693
0.2834 0.91102
0.2835 0.911469
0.2836 0.911528
0.2837 0.91202
0.2838 0.911807
0.2839 0.911671
0.284 0.911535
0.2841 0.911412
0.2842 0.911765
0.2843 0.912508
0.2844 0.912939
0.2845 0.913025
0.2846 0.912727
0.2847 0.913722
0.2848 0.913922
0.2849 0.914506
0.285 0.914988
0.2851 0.915386
0.2852 0.9157
0.2853 0.916241
0.2854 0.916172
0.2855 0.91628
0.2856 0.916852
0.2857 0.9176
0.2858 0.918041
0.2859 0.918177
0.286 0.918397
0.2861 0.918847
0.2862 0.919475
0.2863 0.919542
0.2864 0.919848
0.2865 0.920766
0.2866 0.921077
0.2867 0.921051
0.2868 0.921383
0.2869 0.921472
0.287 0.92183
0.2871 0.922018
0.2872 0.921993
0.2873 0.92239
0.2874 0.922107
0.2875 0.922854
0.2876 0.922876
0.2877 0.923041
0.2878 0.923553
0.2879 0.924121
0.288 0.924079
0.2881 0.924382
0.2882 0.924372
0.2883 0.924388
0.2884 0.924655
0.2885 0.924918
0.2886 0.925097
0.2887 0.925164
0.2888 0.925616
0.2889 0.925877
0.289 0.926347
0.2891 0.926602
0.2892 0.927257
0.2893 0.927641
0.2894 0.928053
0.2895 0.92776
0.2896 0.927734
0.2897 0.928042
0.2898 0.928437
0.2899 0.928535
0.29 0.928765
0.2901 0.929221
0.2902 0.929545
0.2903 0.929951
0.2904 0.930132
0.2905 0.93069
0.2906 0.93072
0.2907 0.930829
0.2908 0.931567
0.2909 0.931703
0.291 0.931869
0.2911 0.932029
0.2912 0.932585
0.2913 0.933185
0.2914 0.932938
0.2915 0.932904
0.2916 0.932658
0.2917 0.932587
0.2918 0.933258
0.2919 0.933748
0.292 0.933754
0.2921 0.933679
0.2922 0.934353
0.2923 0.93483
0.2924 0.934969
0.2925 0.935153
0.2926 0.936127
0.2927 0.936437
0.2928 0.93648
0.2929 0.936404
0.293 0.937017
0.2931 0.937165
0.2932 0.937525
0.2933 0.937899
0.2934 0.938361
0.2935 0.938766
0.2936 0.939114
0.2937 0.939349
0.2938 0.939655
0.2939 0.939625
0.294 0.939891
0.2941 0.940545
0.2942 0.940625
0.2943 0.940857
0.2944 0.941097
0.2945 0.941629
0.2946 0.941967
0.2947 0.942005
0.2948 0.942215
0.2949 0.94292
0.295 0.943043
0.2951 0.943426
0.2952 0.943818
0.2953 0.944269
0.2954 0.944676
0.2955 0.944864
0.2956 0.945067
0.2957 0.945022
0.2958 0.944436
0.2959 0.944749
0.296 0.945107
0.2961 0.944836
0.2962 0.944869
0.2963 0.945333
0.2964 0.946436
0.2965 0.946759
0.2966 0.947786
0.2967 0.947949
0.2968 0.948536
0.2969 0.948761
0.297 0.94863
0.2971 0.949013
0.2972 0.949635
0.2973 0.949874
0.2974 0.950176
0.2975 0.949568
0.2976 0.949716
0.2977 0.950104
0.2978 0.950569
0.2979 0.950463
0.298 0.950781
0.2981 0.951606
0.2982 0.95189
0.2983 0.952336
0.2984 0.953175
0.2985 0.953373
0.2986 0.953535
0.2987 0.95407
0.2988 0.954438
0.2989 0.9546
0.299 0.955189
0.2991 0.955669
0.2992 0.956102
0.2993 0.956578
0.2994 0.956437
0.2995 0.956025
0.2996 0.956601
0.2997 0.956943
0.2998 0.95715
0.2999 0.957318
0.3 0.957219
0.3001 0.957437
0.3002 0.957285
0.3003 0.957714
0.3004 0.957971
0.3005 0.957878
0.3006 0.957557
0.3007 0.957627
0.3008 0.958097
0.3009 0.958199
0.301 0.958945
0.3011 0.959475
0.3012 0.959418
0.3013 0.95982
0.3014 0.959864
0.3015 0.960316
0.3016 0.960606
0.3017 0.960921
0.3018 0.960723
0.3019 0.960944
0.302 0.960602
0.3021 0.9608
0.3022 0.961015
0.3023 0.961035
0.3024 0.961568
0.3025 0.962311
0.3026 0.962893
0.3027 0.963114
0.3028 0.96324
0.3029 0.963647
0.303 0.964253
0.3031 0.964419
0.3032 0.965297
0.3033 0.965185
0.3034 0.965686
0.3035 0.965988
0.3036 0.966024
0.3037 0.966003
0.3038 0.965933
0.3039 0.966502
0.304 0.966879
0.3041 0.966768
0.3042 0.96697
0.3043 0.967105
0.3044 0.967964
0.3045 0.968144
0.3046 0.968222
0.3047 0.968636
0.3048 0.969046
0.3049 0.96974
0.305 0.969804
0.3051 0.970097
0.3052 0.970475
0.3053 0.970876
0.3054 0.97089
0.3055 0.971214
0.3056 0.971906
0.3057 0.971765
0.3058 0.97233
0.3059 0.97263
0.306 0.972712
0.3061 0.972914
0.3062 0.973114
0.3063 0.973586
0.3064 0.974112
0.3065 0.974177
0.3066 0.974558
0.3067 0.974692
0.3068 0.974832
0.3069 0.974779
0.307 0.975019
0.3071 0.975235
0.3072 0.975517
0.3073 0.97546
0.3074 0.975659
0.3075 0.976024
0.3076 0.976877
0.3077 0.977234
0.3078 0.977521
0.3079 0.977593
0.308 0.978192
0.3081 0.978262
0.3082 0.97896
0.3083 0.978965
0.3084 0.978586
0.3085 0.978944
0.3086 0.979192
0.3087 0.979378
0.3088 0.979873
0.3089 0.979947
0.309 0.980172
0.3091 0.980469
0.3092 0.980877
0.3093 0.981181
0.3094 0.981487
0.3095 0.981457
0.3096 0.98151
0.3097 0.981889
0.3098 0.982439
0.3099 0.982321
0.31 0.982944
0.3101 0.982856
0.3102 0.983113
0.3103 0.98365
0.3104 0.983903
0.3105 0.984145
0.3106 0.984526
0.3107 0.984455
0.3108 0.984635
0.3109 0.985388
0.311 0.985441
0.3111 0.985656
0.3112 0.985998
0.3113 0.985882
0.3114 0.986013
0.3115 0.986764
0.3116 0.987186
0.3117 0.987039
0.3118 0.987615
0.3119 0.987706
0.312 0.988116
0.3121 0.987846
0.3122 0.988135
0.3123 0.988583
0.3124 0.988945
0.3125 0.988927
0.3126 0.989322
0.3127 0.989811
0.3128 0.989918
0.3129 0.990112
0.313 0.989907
0.3131 0.990319
0.3132 0.990616
0.3133 0.990951
0.3134 0.991209
0.3135 0.991844
0.3136 0.991893
0.3137 0.992371
0.3138 0.992298
0.3139 0.992042
0.314 0.991936
0.3141 0.992618
0.3142 0.992948
0.3143 0.993382
0.3144 0.993348
0.3145 0.993649
0.3146 0.99358
0.3147 0.993546
0.3148 0.993545
0.3149 0.99418
0.315 0.994645
0.3151 0.995755
0.3152 0.995932
0.3153 0.996172
0.3154 0.996644
0.3155 0.997258
0.3156 0.997013
0.3157 0.996838
0.3158 0.996744
0.3159 0.9972
0.316 0.998079
0.3161 0.998137
0.3162 0.998572
0.3163 0.999112
0.3164 0.999276
0.3165 0.99964
0.3166 1.00028
0.3167 1.00086
0.3168 1.00087
0.3169 1.0014
0.317 1.0015
0.3171 1.00172
0.3172 1.00227
0.3173 1.00234
0.3174 1.00259
0.3175 1.00329
0.3176 1.00379
0.3177 1.00394
0.3178 1.00436
0.3179 1.00442
0.318 1.00482
0.3181 1.00497
0.3182 1.00526
0.3183 1.00605
0.3184 1.0064
0.3185 1.00662
0.3186 1.00691
0.3187 1.00739
0.3188 1.00742
0.3189 1.00762
0.319 1.00834
0.3191 1.00892
0.3192 1.00949
0.3193 1.00977
0.3194 1.00996
0.3195 1.01034
0.3196 1.01033
0.3197 1.01044
0.3198 1.01087
0.3199 1.01112
0.32 1.01112
0.3201 1.01158
0.3202 1.01202
0.3203 1.01242
0.3204 1.0124
0.3205 1.01301
0.3206 1.01344
0.3207 1.01325
0.3208 1.01384
0.3209 1.01418
0.321 1.01453
0.3211 1.01472
0.3212 1.01517
0.3213 1.01559
0.3214 1.0161
0.3215 1.01603
0.3216 1.01646
0.3217 1.01653
0.3218 1.01705
0.3219 1.01722
0.322 1.01756
0.3221 1.01726
0.3222 1.01759
0.3223 1.01766
0.3224 1.01784
0.3225 1.01802
0.3226 1.01847
0.3227 1.01854
0.3228 1.01888
0.3229 1.01977
0.323 1.02033
0.3231 1.02043
0.3232 1.02029
0.3233 1.02112
0.3234 1.02121
0.3235 1.02143
0.3236 1.02121
0.3237 1.02113
0.3238 1.02144
0.3239 1.02173
0.324 1.02224
0.3241 1.02202
0.3242 1.0226
0.3243 1.02329
0.3244 1.02369
0.3245 1.02399
0.3246 1.02463
0.3247 1.02449
0.3248 1.02498
0.3249 1.02534
0.325 1.02569
0.3251 1.02595
0.3252 1.02629
0.3253 1.02673
0.3254 1.02741
0.3255 1.02791
0.3256 1.02833
0.3257 1.02812
0.3258 1.02797
0.3259 1.02842
0.326 1.02875
0.3261 1.02874
0.3262 1.029
0.3263 1.02944
0.3264 1.02984
0.3265 1.03008
0.3266 1.03086
0.3267 1.03114
0.3268 1.0317
0.3269 1.03189
0.327 1.0325
0.3271 1.03306
0.3272 1.03345
0.3273 1.03372
0.3274 1.03433
0.3275 1.03475
0.3276 1.03529
0.3277 1.03537
0.3278 1.03601
0.3279 1.03617
0.328 1.03669
0.3281 1.03687
0.3282 1.03708
0.3283 1.03712
0.3284 1.03716
0.3285 1.03769
0.3286 1.03797
0.3287 1.03826
0.3288 1.03848
0.3289 1.03835
0.329 1.03814
0.3291 1.03814
0.3292 1.03843
0.3293 1.03875
0.3294 1.03925
0.3295 1.03948
0.3296 1.03936
0.3297 1.03928
0.3298 1.03988
0.3299 1.04023
0.33 1.04075
0.3301 1.04145
0.3302 1.04186
0.3303 1.04226
0.3304 1.04299
0.3305 1.04288
0.3306 1.04289
0.3307 1.0426
0.3308 1.04298
0.3309 1.04364
0.331 1.04328
0.3311 1.04367
0.3312 1.04398
0.3313 1.04486
0.3314 1.04511
0.3315 1.04548
0.3316 1.04557
0.3317 1.04581
0.3318 1.04591
0.3319 1.04659
0.332 1.04713
0.3321 1.04741
0.3322 1.04811
0.3323 1.04842
0.3324 1.04874
0.3325 1.04948
0.3326 1.0498
0.3327 1.04961
0.3328 1.04949
0.3329 1.04999
0.333 1.05044
0.3331 1.05039
0.3332 1.05093
0.3333 1.0512
0.3334 1.05184
0.3335 1.05199
0.3336 1.05241
0.3337 1.05238
0.3338 1.05263
0.3339 1.05294
0.334 1.05345
0.3341 1.05387
0.3342 1.05397
0.3343 1.05438
0.3344 1.05447
0.3345 1.05496
0.3346 1.05521
0.3347 1.05584
0.3348 1.05676
0.3349 1.05629
0.335 1.05645
0.3351 1.05645
0.3352 1.0565
0.3353 1.05662
0.3354 1.05702
0.3355 1.05734
0.3356 1.05755
0.3357 1.05793
0.3358 1.0584
0.3359 1.05798
0.336 1.05806
0.3361 1.058
0.3362 1.05852
0.3363 1.05915
0.3364 1.05972
0.3365 1.05982
0.3366 1.05998
0.3367 1.0607
0.3368 1.06122
0.3369 1.06173
0.337 1.06254
0.3371 1.06264
0.3372 1.06239
0.3373 1.0626
0.3374 1.06355
0.3375 1.06399
0.3376 1.06453
0.3377 1.06463
0.3378 1.06547
0.3379 1.06544
0.338 1.06552
0.3381 1.06589
0.3382 1.0663
0.3383 1.06654
0.3384 1.06671
0.3385 1.06659
0.3386 1.06641
0.3387 1.06701
0.3388 1.06685
0.3389 1.06708
0.339 1.0678
0.3391 1.06805
0.3392 1.06819
0.3393 1.06783
0.3394 1.06807
0.3395 1.06856
0.3396 1.06849
0.3397 1.06872
0.3398 1.06939
0.3399 1.06929
0.34 1.06957
0.3401 1.06979
0.3402 1.0697
0.3403 1.07012
0.3404 1.07036
0.3405 1.07038
0.3406 1.07047
0.3407 1.07143
0.3408 1.07154
0.3409 1.07172
0.341 1.07157
0.3411 1.07196
0.3412 1.07237
0.3413 1.07272
0.3414 1.07298
0.3415 1.0733
0.3416 1.07364
0.3417 1.07365
0.3418 1.07352
0.3419 1.07392
0.342 1.07413
0.3421 1.07435
0.3422 1.07497
0.3423 1.07512
0.3424 1.07512
0.3425 1.07563
0.3426 1.07581
0.3427 1.07599
0.3428 1.07597
0.3429 1.07616
0.343 1.07682
0.3431 1.07756
0.3432 1.07796
0.3433 1.07851
0.3434 1.07905
0.3435 1.07944
0.3436 1.07942
0.3437 1.07962
0.3438 1.07993
0.3439 1.08074
0.344 1.08108
0.3441 1.0816
0.3442 1.08215
0.3443 1.08199
0.3444 1.08257
0.3445 1.08279
0.3446 1.08312
0.3447 1.0838
0.3448 1.08412
0.3449 1.08466
0.345 1.08432
0.3451 1.08505
0.3452 1.08525
0.3453 1.0855
0.3454 1.08602
0.3455 1.08626
0.3456 1.08674
0.3457 1.08699
0.3458 1.08693
0.3459 1.08699
0.346 1.08744
0.3461 1.08765
0.3462 1.0874
0.3463 1.08796
0.3464 1.08787
0.3465 1.08797
0.3466 1.08817
0.3467 1.08845
0.3468 1.0888
0.3469 1.08866
0.347 1.08916
0.3471 1.08953
0.3472 1.09009
0.3473 1.09059
0.3474 1.09109
0.3475 1.09136
0.3476 1.09167
0.3477 1.09197
0.3478 1.09263
0.3479 1.0933
0.348 1.0934
0.3481 1.09367
0.3482 1.09467
0.3483 1.09552
0.3484 1.09572
0.3485 1.09588
0.3486 1.09615
0.3487 1.09619
0.3488 1.0965
0.3489 1.0966
0.349 1.09717
0.3491 1.09724
0.3492 1.0975
0.3493 1.09757
0.3494 1.09731
0.3495 1.09744
0.3496 1.09786
0.3497 1.09808
0.3498 1.09775
0.3499 1.09759
0.35 1.09725
0.3501 1.09724
0.3502 1.09776
0.3503 1.09808
0.3504 1.09902
0.3505 1.09918
0.3506 1.09897
0.3507 1.09943
0.3508 1.09956
0.3509 1.1002
0.351 1.10099
0.3511 1.10149
0.3512 1.1016
0.3513 1.10164
0.3514 1.10216
0.3515 1.10292
0.3516 1.10337
0.3517 1.10416
0.3518 1.10479
0.3519 1.10541
0.352 1.10626
0.3521 1.10632
0.3522 1.10699
0.3523 1.10737
0.3524 1.10779
0.3525 1.10786
0.3526 1.10815
0.3527 1.10822
0.3528 1.10911
0.3529 1.10911
0.353 1.10974
0.3531 1.11011
0.3532 1.11065
0.3533 1.11106
0.3534 1.11142
0.3535 1.11191
0.3536 1.11252
0.3537 1.11273
0.3538 1.1131
0.3539 1.11318
0.354 1.11326
0.3541 1.11349
0.3542 1.11396
0.3543 1.11429
0.3544 1.11451
0.3545 1.11558
0.3546 1.11631
0.3547 1.11639
0.3548 1.11625
0.3549 1.11664
0.355 1.117
0.3551 1.11799
0.3552 1.11824
0.3553 1.11859
0.3554 1.11911
0.3555 1.11913
0.3556 1.11962
0.3557 1.11936
0.3558 1.11952
0.3559 1.11944
0.356 1.11959
0.3561 1.11935
0.3562 1.1204
0.3563 1.12095
0.3564 1.12083
0.3565 1.12171
0.3566 1.12211
0.3567 1.12222
0.3568 1.12203
0.3569 1.12274
0.357 1.12249
0.3571 1.12236
0.3572 1.12305
0.3573 1.12362
0.3574 1.12407
0.3575 1.12403
0.3576 1.12398
0.3577 1.12468
0.3578 1.12503
0.3579 1.12576
0.358 1.12561
0.3581 1.12565
0.3582 1.12574
0.3583 1.12583
0.3584 1.12612
0.3585 1.12604
0.3586 1.12627
0.3587 1.12672
0.3588 1.12657
0.3589 1.12696
0.359 1.12713
0.3591 1.12748
0.3592 1.12738
0.3593 1.12807
0.3594 1.12878
0.3595 1.12896
0.3596 1.12951
0.3597 1.12976
0.3598 1.13003
0.3599 1.13026
0.36 1.13041
0.3601 1.13057
0.3602 1.13152
0.3603 1.13195
0.3604 1.13198
0.3605 1.13221
0.3606 1.13216
0.3607 1.13235
0.3608 1.13333
0.3609 1.13336
0.361 1.13411
0.3611 1.13503
0.3612 1.13492
0.3613 1.1354
0.3614 1.13578
0.3615 1.13601
0.3616 1.13633
0.3617 1.13654
0.3618 1.13699
0.3619 1.13727
0.362 1.1377
0.3621 1.13833
0.3622 1.13841
0.3623 1.1384
0.3624 1.13896
0.3625 1.13914
0.3626 1.13967
0.3627 1.13986
0.3628 1.14007
0.3629 1.13998
0.363 1.13991
0.3631 1.14035
0.3632 1.14083
0.3633 1.14075
0.3634 1.14097
0.3635 1.14142
0.3636 1.14229
0.3637 1.1426
0.3638 1.14256
0.3639 1.1429
0.364 1.14333
0.3641 1.14362
0.3642 1.14417
0.3643 1.14473
0.3644 1.14487
0.3645 1.14565
0.3646 1.14592
0.3647 1.14611
0.3648 1.14645
0.3649 1.14687
0.365 1.14701
0.3651 1.1471
0.3652 1.14785
0.3653 1.14791
0.3654 1.14835
0.3655 1.14907
0.3656 1.14938
0.3657 1.15033
0.3658 1.15115
0.3659 1.1516
0.366 1.15189
0.3661 1.15283
0.3662 1.15298
0.3663 1.15414
0.3664 1.15447
0.3665 1.15407
0.3666 1.1545
0.3667 1.15469
0.3668 1.15543
0.3669 1.15628
0.367 1.157
0.3671 1.15737
0.3672 1.15791
0.3673 1.1577
0.3674 1.15777
0.3675 1.15798
0.3676 1.15875
0.3677 1.15917
0.3678 1.15921
0.3679 1.15947
0.368 1.15984
0.3681 1.15982
0.3682 1.1601
0.3683 1.16083
0.3684 1.16104
0.3685 1.16102
0.3686 1.16074
0.3687 1.16089
0.3688 1.16147
0.3689 1.1619
0.369 1.16275
0.3691 1.1632
0.3692 1.16329
0.3693 1.16344
0.3694 1.16385
0.3695 1.1641
0.3696 1.16461
0.3697 1.16482
0.3698 1.16468
0.3699 1.16505
0.37 1.16508
0.3701 1.16548
0.3702 1.16604
0.3703 1.16675
0.3704 1.16701
0.3705 1.16789
0.3706 1.16844
0.3707 1.16887
0.3708 1.16908
0.3709 1.16847
0.371 1.1692
0.3711 1.16902
0.3712 1.16981
0.3713 1.17035
0.3714 1.17108
0.3715 1.17187
0.3716 1.17183
0.3717 1.1724
0.3718 1.17244
0.3719 1.17251
0.372 1.17269
0.3721 1.17279
0.3722 1.17402
0.3723 1.17388
0.3724 1.17423
0.3725 1.17459
0.3726 1.17477
0.3727 1.17474
0.3728 1.17503
0.3729 1.17441
0.373 1.17487
0.3731 1.17474
0.3732 1.17546
0.3733 1.17611
0.3734 1.17655
0.3735 1.17658
0.3736 1.1769
0.3737 1.17722
0.3738 1.17712
0.3739 1.17738
0.374 1.17758
0.3741 1.1781
0.3742 1.17841
0.3743 1.17892
0.3744 1.17916
0.3745 1.17921
0.3746 1.17941
0.3747 1.17995
0.3748 1.18041
0.3749 1.18076
0.375 1.18096
0.3751 1.18143
0.3752 1.1816
0.3753 1.1818
0.3754 1.18207
0.3755 1.18256
0.3756 1.18243
0.3757 1.18298
0.3758 1.18306
0.3759 1.18309
0.376 1.18306
0.3761 1.18339
0.3762 1.18349
0.3763 1.18378
0.3764 1.18397
0.3765 1.18433
0.3766 1.18438
0.3767 1.18443
0.3768 1.18473
0.3769 1.18534
0.377 1.18607
0.3771 1.18604
0.3772 1.18623
0.3773 1.1861
0.3774 1.18648
0.3775 1.18647
0.3776 1.18643
0.3777 1.18666
0.3778 1.18682
0.3779 1.18708
0.378 1.18771
0.3781 1.18815
0.3782 1.18792
0.3783 1.1879
0.3784 1.18902
0.3785 1.18935
0.3786 1.19006
0.3787 1.19056
0.3788 1.19074
0.3789 1.19157
0.379 1.19171
0.3791 1.19211
0.3792 1.19246
0.3793 1.19248
0.3794 1.193
0.3795 1.19316
0.3796 1.19372
0.3797 1.19402
0.3798 1.19489
0.3799 1.19551
0.38 1.19572
0.3801 1.19607
0.3802 1.19646
0.3803 1.19667
0.3804 1.19666
0.3805 1.19701
0.3806 1.19697
0.3807 1.19717
0.3808 1.19714
0.3809 1.19738
0.381 1.19812
0.3811 1.19853
0.3812 1.19874
0.3813 1.19951
0.3814 1.20001
0.3815 1.20006
0.3816 1.19997
0.3817 1.2006
0.3818 1.20131
0.3819 1.20138
0.382 1.20154
0.3821 1.20232
0.3822 1.20263
0.3823 1.20301
0.3824 1.20328
0.3825 1.20376
0.3826 1.20404
0.3827 1.20424
0.3828 1.20425
0.3829 1.20423
0.383 1.2044
0.3831 1.20451
0.3832 1.20511
0.3833 1.20514
0.3834 1.20517
0.3835 1.20568
0.3836 1.20543
0.3837 1.20571
0.3838 1.20604
0.3839 1.20614
0.384 1.20697
0.3841 1.2072
0.3842 1.20796
0.3843 1.20854
0.3844 1.20887
0.3845 1.20896
0.3846 1.20969
0.3847 1.20968
0.3848 1.20956
0.3849 1.21003
0.385 1.21034
0.3851 1.2107
0.3852 1.2109
0.3853 1.21128
0.3854 1.21172
0.3855 1.21188
0.3856 1.21198
0.3857 1.21188
0.3858 1.21196
0.3859 1.21256
0.386 1.21271
0.3861 1.21307
0.3862 1.21366
0.3863 1.21401
0.3864 1.2146
0.3865 1.21459
0.3866 1.21527
0.3867 1.21546
0.3868 1.21613
0.3869 1.21658
0.387 1.21729
0.3871 1.2175
0.3872 1.21741
0.3873 1.21784
0.3874 1.21814
0.3875 1.2187
0.3876 1.21887
0.3877 1.21914
0.3878 1.21956
0.3879 1.21985
0.388 1.21985
0.3881 1.22047
0.3882 1.22079
0.3883 1.22094
0.3884 1.22094
0.3885 1.22101
0.3886 1.22152
0.3887 1.22197
0.3888 1.22287
0.3889 1.22336
0.389 1.224
0.3891 1.22437
0.3892 1.22488
0.3893 1.225
0.3894 1.22555
0.3895 1.22598
0.3896 1.22665
0.3897 1.22659
0.3898 1.22661
0.3899 1.22644
0.39 1.22656
0.3901 1.22668
0.3902 1.22726
0.3903 1.2277
0.3904 1.22783
0.3905 1.22808
0.3906 1.22873
0.3907 1.22894
0.3908 1.2295
0.3909 1.22972
0.391 1.22942
0.3911 1.22993
0.3912 1.23055
0.3913 1.23089
0.3914 1.23125
0.3915 1.23106
0.3916 1.23164
0.3917 1.2323
0.3918 1.23327
0.3919 1.23329
0.392 1.23345
0.3921 1.23368
0.3922 1.23392
0.3923 1.23381
0.3924 1.23393
0.3925 1.2337
0.3926 1.23374
0.3927 1.23444
0.3928 1.23429
0.3929 1.23464
0.393 1.23538
0.3931 1.2361
0.3932 1.23628
0.3933 1.23653
0.3934 1.2369
0.3935 1.23723
0.3936 1.23741
0.3937 1.2373
0.3938 1.23762
0.3939 1.23837
0.394 1.23813
0.3941 1.23881
0.3942 1.23948
0.3943 1.23955
0.3944 1.2403
0.3945 1.24048
0.3946 1.24082
0.3947 1.24088
0.3948 1.24136
0.3949 1.24163
0.395 1.24194
0.3951 1.24181
0.3952 1.24223
0.3953 1.24244
0.3954 1.24316
0.3955 1.2439
0.3956 1.24513
0.3957 1.24521
0.3958 1.24553
0.3959 1.24613
0.396 1.2473
0.3961 1.24741
0.3962 1.2472
0.3963 1.24747
0.3964 1.24706
0.3965 1.24705
0.3966 1.24712
0.3967 1.24729
0.3968 1.2473
0.3969 1.24786
0.397 1.24809
0.3971 1.24807
0.3972 1.24886
0.3973 1.24847
0.3974 1.24856
0.3975 1.24898
0.3976 1.24985
0.3977 1.24977
0.3978 1.24984
0.3979 1.25024
0.398 1.25053
0.3981 1.25097
0.3982 1.25107
0.3983 1.25121
0.3984 1.25144
0.3985 1.2517
0.3986 1.25228
0.3987 1.25231
0.3988 1.25249
0.3989 1.25343
0.399 1.25388
0.3991 1.25404
0.3992 1.25461
0.3993 1.25452
0.3994 1.25469
0.3995 1.25456
0.3996 1.2547
0.3997 1.25528
0.3998 1.25595
0.3999 1.25584
0.4 1.25603
0.4001 1.25662
0.4002 1.25774
0.4003 1.25848
0.4004 1.25856
0.4005 1.25939
0.4006 1.25966
0.4007 1.26019
0.4008 1.2601
0.4009 1.2601
0.401 1.26069
0.4011 1.26012
0.4012 1.26026
0.4013 1.26038
0.4014 1.26014
0.4015 1.26079
0.4016 1.26131
0.4017 1.26119
0.4018 1.26191
0.4019 1.26184
0.402 1.26244
0.4021 1.26263
0.4022 1.26262
0.4023 1.26262
0.4024 1.26264
0.4025 1.26342
0.4026 1.26356
0.4027 1.264
0.4028 1.26407
0.4029 1.26423
0.403 1.26431
0.4031 1.26434
0.4032 1.26459
0.4033 1.26558
0.4034 1.26566
0.4035 1.26581
0.4036 1.26652
0.4037 1.26664
0.4038 1.26747
0.4039 1.26819
0.404 1.26863
0.4041 1.26851
0.4042 1.26857
0.4043 1.2689
0.4044 1.26916
0.4045 1.26936
0.4046 1.26951
0.4047 1.26945
0.4048 1.26992
0.4049 1.27013
0.405 1.27105
0.4051 1.27135
0.4052 1.27114
0.4053 1.27097
0.4054 1.2712
0.4055 1.27097
0.4056 1.27126
0.4057 1.27184
0.4058 1.27168
0.4059 1.27142
0.406 1.27176
0.4061 1.27267
0.4062 1.27235
0.4063 1.27229
0.4064 1.27251
0.4065 1.27258
0.4066 1.273
0.4067 1.27319
0.4068 1.27351
0.4069 1.27414
0.407 1.27417
0.4071 1.27447
0.4072 1.27474
0.4073 1.27517
0.4074 1.27522
0.4075 1.27564
0.4076 1.27532
0.4077 1.27552
0.4078 1.27594
0.4079 1.27636
0.408 1.27655
0.4081 1.27698
0.4082 1.27709
0.4083 1.27748
0.4084 1.27769
0.4085 1.27849
0.4086 1.27844
0.4087 1.27895
0.4088 1.27883
0.4089 1.279
0.409 1.27878
0.4091 1.27922
0.4092 1.27972
0.4093 1.28053
0.4094 1.28073
0.4095 1.28112
0.4096 1.28141
0.4097 1.28176
0.4098 1.28205
0.4099 1.28242
0.41 1.28231
0.4101 1.2822
0.4102 1.28273
0.4103 1.2827
0.4104 1.28243
0.4105 1.28349
0.4106 1.28378
0.4107 1.2843
0.4108 1.28474
0.4109 1.28497
0.411 1.28536
0.4111 1.28501
0.4112 1.28531
0.4113 1.2858
0.4114 1.28625
0.4115 1.28654
0.4116 1.28634
0.4117 1.28672
0.4118 1.28687
0.4119 1.28728
0.412 1.28721
0.4121 1.28705
0.4122 1.28799
0.4123 1.28781
0.4124 1.28799
0.4125 1.28794
0.4126 1.28853
0.4127 1.28909
0.4128 1.2898
0.4129 1.29042
0.413 1.29003
0.4131 1.29023
0.4132 1.28996
0.4133 1.29013
0.4134 1.29026
0.4135 1.29039
0.4136 1.29089
0.4137 1.291
0.4138 1.29085
0.4139 1.29115
0.414 1.29202
0.4141 1.29274
0.4142 1.29329
0.4143 1.29376
0.4144 1.29474
0.4145 1.295
0.4146 1.29528
0.4147 1.2955
0.4148 1.2959
0.4149 1.2958
0.415 1.29587
0.4151 1.29646
0.4152 1.29679
0.4153 1.29645
0.4154 1.29643
0.4155 1.29661
0.4156 1.29672
0.4157 1.29713
0.4158 1.29694
0.4159 1.29715
0.416 1.29746
0.4161 1.29752
0.4162 1.29783
0.4163 1.29805
0.4164 1.29845
0.4165 1.29864
0.4166 1.2988
0.4167 1.29852
0.4168 1.29906
0.4169 1.29922
0.417 1.29942
0.4171 1.29943
0.4172 1.2999
0.4173 1.30054
0.4174 1.30027
0.4175 1.30023
0.4176 1.30044
0.4177 1.30073
0.4178 1.30141
0.4179 1.30199
0.418 1.30267
0.4181 1.30257
0.4182 1.30327
0.4183 1.30341
0.4184 1.30351
0.4185 1.30389
0.4186 1.3044
0.4187 1.3049
0.4188 1.30522
0.4189 1.30537
0.419 1.30643
0.4191 1.30695
0.4192 1.3072
0.4193 1.30732
0.4194 1.30712
0.4195 1.307
0.4196 1.30733
0.4197 1.30736
0.4198 1.3083
0.4199 1.30866
0.42 1.30889
0.4201 1.30898
0.4202 1.31022
0.4203 1.3107
0.4204 1.31134
0.4205 1.31245
0.4206 1.31306
0.4207 1.31372
0.4208 1.31423
0.4209 1.31446
0.421 1.3142
0.4211 1.31493
0.4212 1.31528
0.4213 1.31556
0.4214 1.31579
0.4215 1.31555
0.4216 1.31577
0.4217 1.31565
0.4218 1.31657
0.4219 1.31679
0.422 1.31709
0.4221 1.31745
0.4222 1.31762
0.4223 1.31809
0.4224 1.31846
0.4225 1.31881
0.4226 1.31919
0.4227 1.31962
0.4228 1.32012
0.4229 1.32007
0.423 1.32105
0.4231 1.32116
0.4232 1.32193
0.4233 1.32275
0.4234 1.32282
0.4235 1.32379
0.4236 1.32375
0.4237 1.32347
0.4238 1.32381
0.4239 1.32401
0.424 1.32381
0.4241 1.32416
0.4242 1.32495
0.4243 1.32533
0.4244 1.32528
0.4245 1.32538
0.4246 1.32595
0.4247 1.32566
0.4248 1.3261
0.4249 1.32662
0.425 1.32678
0.4251 1.32725
0.4252 1.32791
0.4253 1.32829
0.4254 1.32885
0.4255 1.32915
0.4256 1.3296
0.4257 1.32969
0.4258 1.32982
0.4259 1.32988
0.426 1.33002
0.4261 1.33085
0.4262 1.33069
0.4263 1.33102
0.4264 1.3316
0.4265 1.3319
0.4266 1.33183
0.4267 1.33164
0.4268 1.3316
0.4269 1.33176
0.427 1.3325
0.4271 1.33276
0.4272 1.33313
0.4273 1.33331
0.4274 1.3337
0.4275 1.3336
0.4276 1.33359
0.4277 1.33359
0.4278 1.33389
0.4279 1.33432
0.428 1.33396
0.4281 1.334
0.4282 1.33431
0.4283 1.33473
0.4284 1.33452
0.4285 1.33459
0.4286 1.33567
0.4287 1.33624
0.4288 1.33722
0.4289 1.33753
0.429 1.33773
0.4291 1.33808
0.4292 1.3388
0.4293 1.33943
0.4294 1.33966
0.4295 1.34012
0.4296 1.33975
0.4297 1.33976
0.4298 1.34015
0.4299 1.34043
0.43 1.3406
0.4301 1.34113
0.4302 1.34155
0.4303 1.34211
0.4304 1.34251
0.4305 1.34322
0.4306 1.34333
0.4307 1.34321
0.4308 1.34312
0.4309 1.34341
0.431 1.3443
0.4311 1.34433
0.4312 1.34433
0.4313 1.34468
0.4314 1.34512
0.4315 1.34563
0.4316 1.34578
0.4317 1.34636
0.4318 1.34651
0.4319 1.3463
0.432 1.34622
0.4321 1.34696
0.4322 1.3475
0.4323 1.34739
0.4324 1.3475
0.4325 1.34757
0.4326 1.34782
0.4327 1.34792
0.4328 1.34848
0.4329 1.34868
0.433 1.34901
0.4331 1.34909
0.4332 1.34934
0.4333 1.34991
0.4334 1.35052
0.4335 1.35089
0.4336 1.3515
0.4337 1.3515
0.4338 1.35183
0.4339 1.35201
0.434 1.35223
0.4341 1.35264
0.4342 1.35313
0.4343 1.3535
0.4344 1.35387
0.4345 1.35415
0.4346 1.35406
0.4347 1.35428
0.4348 1.35448
0.4349 1.35514
0.435 1.35587
0.4351 1.356
0.4352 1.35675
0.4353 1.35686
0.4354 1.35709
0.4355 1.35748
0.4356 1.35771
0.4357 1.35829
0.4358 1.35824
0.4359 1.35844
0.436 1.35901
0.4361 1.3591
0.4362 1.35898
0.4363 1.35963
0.4364 1.35971
0.4365 1.3599
0.4366 1.36034
0.4367 1.36058
0.4368 1.36099
0.4369 1.3614
0.437 1.36196
0.4371 1.36215
0.4372 1.36257
0.4373 1.36305
0.4374 1.36365
0.4375 1.364
0.4376 1.3641
0.4377 1.36476
0.4378 1.36547
0.4379 1.3657
0.438 1.36581
0.4381 1.36609
0.4382 1.36596
0.4383 1.36623
0.4384 1.36653
0.4385 1.36638
0.4386 1.36636
0.4387 1.36665
0.4388 1.3669
0.4389 1.36659
0.439 1.36714
0.4391 1.36743
0.4392 1.36757
0.4393 1.36777
0.4394 1.36742
0.4395 1.36798
0.4396 1.36836
0.4397 1.36885
0.4398 1.36942
0.4399 1.37025
0.44 1.37056
0.4401 1.37061
0.4402 1.37087
0.4403 1.37081
0.4404 1.3718
0.4405 1.37186
0.4406 1.37212
0.4407 1.37233
0.4408 1.37241
0.4409 1.37285
0.441 1.37342
0.4411 1.37441
0.4412 1.37493
0.4413 1.37533
0.4414 1.37576
0.4415 1.376
0.4416 1.37585
0.4417 1.37655
0.4418 1.37655
0.4419 1.37678
0.442 1.37744
0.4421 1.37702
0.4422 1.37761
0.4423 1.37816
0.4424 1.37879
0.4425 1.3793
0.4426 1.37963
0.4427 1.38001
0.4428 1.38029
0.4429 1.38118
0.443 1.38209
0.4431 1.38254
0.4432 1.38279
0.4433 1.38316
0.4434 1.38377
0.4435 1.38389
0.4436 1.3841
0.4437 1.38437
0.4438 1.38516
0.4439 1.38568
0.444 1.38636
0.4441 1.38637
0.4442 1.38726
0.4443 1.38735
0.4444 1.38751
0.4445 1.38781
0.4446 1.38775
0.4447 1.3884
0.4448 1.38895
0.4449 1.38942
0.445 1.3898
0.4451 1.38989
0.4452 1.38952
0.4453 1.38958
0.4454 1.39013
0.4455 1.39013
0.4456 1.39044
0.4457 1.39077
0.4458 1.3911
0.4459 1.39158
0.446 1.39179
0.4461 1.39206
0.4462 1.39283
0.4463 1.39356
0.4464 1.39357
0.4465 1.39396
0.4466 1.39437
0.4467 1.39427
0.4468 1.39383
0.4469 1.39427
0.447 1.39405
0.4471 1.39496
0.4472 1.395
0.4473 1.39516
0.4474 1.39532
0.4475 1.39575
0.4476 1.39569
0.4477 1.39585
0.4478 1.39595
0.4479 1.39627
0.448 1.39604
0.4481 1.39595
0.4482 1.39592
0.4483 1.3966
0.4484 1.39618
0.4485 1.39651
0.4486 1.3969
0.4487 1.39753
0.4488 1.39805
0.4489 1.39871
0.449 1.39886
0.4491 1.39936
0.4492 1.39981
0.4493 1.39953
0.4494 1.40009
0.4495 1.40023
0.4496 1.40035
0.4497 1.40035
0.4498 1.40062
0.4499 1.40105
0.45 1.4012
0.4501 1.40187
0.4502 1.40193
0.4503 1.40217
0.4504 1.4023
0.4505 1.40205
0.4506 1.40208
0.4507 1.40179
0.4508 1.40191
0.4509 1.40234
0.451 1.4024
0.4511 1.40264
0.4512 1.40316
0.4513 1.40346
0.4514 1.40429
0.4515 1.40419
0.4516 1.40453
0.4517 1.40434
0.4518 1.40502
0.4519 1.40527
0.452 1.40583
0.4521 1.4066
0.4522 1.40647
0.4523 1.40597
0.4524 1.40614
0.4525 1.40627
0.4526 1.40646
0.4527 1.40636
0.4528 1.40656
0.4529 1.407
0.453 1.4072
0.4531 1.40723
0.4532 1.40756
0.4533 1.40791
0.4534 1.40782
0.4535 1.40826
0.4536 1.40853
0.4537 1.40902
0.4538 1.40929
0.4539 1.40976
0.454 1.40983
0.4541 1.41024
0.4542 1.41105
0.4543 1.41135
0.4544 1.4117
0.4545 1.41248
0.4546 1.4124
0.4547 1.41258
0.4548 1.41366
0.4549 1.4136
0.455 1.41338
0.4551 1.41344
0.4552 1.41361
0.4553 1.41421
0.4554 1.41436
0.4555 1.41431
0.4556 1.41442
0.4557 1.41416
0.4558 1.41498
0.4559 1.41478
0.456 1.41496
0.4561 1.41513
0.4562 1.4153
0.4563 1.41607
0.4564 1.41573
0.4565 1.41617
0.4566 1.41634
0.4567 1.41746
0.4568 1.41764
0.4569 1.41756
0.457 1.41791
0.4571 1.41845
0.4572 1.41838
0.4573 1.4183
0.4574 1.41855
0.4575 1.41865
0.4576 1.41918
0.4577 1.41945
0.4578 1.41929
0.4579 1.42013
0.458 1.42043
0.4581 1.42046
0.4582 1.42091
0.4583 1.42179
0.4584 1.42198
0.4585 1.42194
0.4586 1.42238
0.4587 1.42242
0.4588 1.42237
0.4589 1.4232
0.459 1.42342
0.4591 1.4236
0.4592 1.42412
0.4593 1.42417
0.4594 1.42413
0.4595 1.42425
0.4596 1.42472
0.4597 1.42504
0.4598 1.42543
0.4599 1.42558
0.46 1.42551
0.4601 1.42614
0.4602 1.42661
0.4603 1.42677
0.4604 1.42775
0.4605 1.42836
0.4606 1.42825
0.4607 1.4283
0.4608 1.42831
0.4609 1.42867
0.461 1.42927
0.4611 1.42922
0.4612 1.42975
0.4613 1.43008
0.4614 1.43033
0.4615 1.43121
0.4616 1.43102
0.4617 1.43091
0.4618 1.4309
0.4619 1.43145
0.462 1.43223
0.4621 1.43176
0.4622 1.43222
0.4623 1.43319
0.4624 1.43391
0.4625 1.43463
0.4626 1.43571
0.4627 1.43581
0.4628 1.43565
0.4629 1.43574
0.463 1.43619
0.4631 1.43627
0.4632 1.43696
0.4633 1.437
0.4634 1.43704
0.4635 1.4372
0.4636 1.43756
0.4637 1.43791
0.4638 1.43803
0.4639 1.43847
0.464 1.4382
0.4641 1.43887
0.4642 1.43944
0.4643 1.43981
0.4644 1.44058
0.4645 1.44065
0.4646 1.44152
0.4647 1.44138
0.4648 1.4416
0.4649 1.44201
0.465 1.44184
0.4651 1.44204
0.4652 1.44209
0.4653 1.44227
0.4654 1.44229
0.4655 1.44276
0.4656 1.44289
0.4657 1.44278
0.4658 1.44262
0.4659 1.44303
0.466 1.44308
0.4661 1.44419
0.4662 1.44445
0.4663 1.44509
0.4664 1.44546
0.4665 1.44572
0.4666 1.44572
0.4667 1.4459
0.4668 1.44644
0.4669 1.44654
0.467 1.44639
0.4671 1.44669
0.4672 1.44732
0.4673 1.44757
0.4674 1.44819
0.4675 1.44872
0.4676 1.44918
0.4677 1.44939
0.4678 1.44909
0.4679 1.44984
0.468 1.4504
0.4681 1.45079
0.4682 1.45119
0.4683 1.45127
0.4684 1.4512
0.4685 1.45155
0.4686 1.45172
0.4687 1.45238
0.4688 1.45295
0.4689 1.45355
0.469 1.45388
0.4691 1.45394
0.4692 1.45412
0.4693 1.45412
0.4694 1.4541
0.4695 1.45434
0.4696 1.45507
0.4697 1.45556
0.4698 1.45622
0.4699 1.45672
0.47 1.45735
0.4701 1.45731
0.4702 1.45778
0.4703 1.45812
0.4704 1.45893
0.4705 1.45869
0.4706 1.45859
0.4707 1.45897
0.4708 1.45929
0.4709 1.45947
0.471 1.45953
0.4711 1.46021
0.4712 1.46073
0.4713 1.46114
0.4714 1.46098
0.4715 1.46152
0.4716 1.46164
0.4717 1.46197
0.4718 1.46216
0.4719 1.46246
0.472 1.46267
0.4721 1.46295
0.4722 1.46278
0.4723 1.46259
0.4724 1.46244
0.4725 1.46287
0.4726 1.46258
0.4727 1.46323
0.4728 1.46398
0.4729 1.46392
0.473 1.4642
0.4731 1.46462
0.4732 1.46442
0.4733 1.46412
0.4734 1.4644
0.4735 1.46473
0.4736 1.46477
0.4737 1.46488
0.4738 1.46543
0.4739 1.46586
0.474 1.4657
0.4741 1.46611
0.4742 1.46672
0.4743 1.46698
0.4744 1.46704
0.4745 1.46749
0.4746 1.46783
0.4747 1.46843
0.4748 1.46854
0.4749 1.46901
0.475 1.46961
0.4751 1.46998
0.4752 1.47044
0.4753 1.47114
0.4754 1.47165
0.4755 1.47148
0.4756 1.47182
0.4757 1.47231
0.4758 1.47267
0.4759 1.47343
0.476 1.47344
0.4761 1.4739
0.4762 1.47419
0.4763 1.47467
0.4764 1.47504
0.4765 1.47564
0.4766 1.47597
0.4767 1.4764
0.4768 1.47642
0.4769 1.47674
0.477 1.47689
0.4771 1.47718
0.4772 1.47728
0.4773 1.47764
0.4774 1.47793
0.4775 1.47811
0.4776 1.47854
0.4777 1.47939
0.4778 1.47889
0.4779 1.47954
0.478 1.48034
0.4781 1.48035
0.4782 1.48104
0.4783 1.48133
0.4784 1.48137
0.4785 1.48216
0.4786 1.48239
0.4787 1.48252
0.4788 1.48332
0.4789 1.48329
0.479 1.48288
0.4791 1.48285
0.4792 1.48287
0.4793 1.48345
0.4794 1.48343
0.4795 1.484
0.4796 1.48432
0.4797 1.48406
0.4798 1.484
0.4799 1.48471
0.48 1.48574
0.4801 1.48579
0.4802 1.48654
0.4803 1.48704
0.4804 1.48741
0.4805 1.48797
0.4806 1.48799
0.4807 1.48845
0.4808 1.48836
0.4809 1.48867
0.481 1.48876
0.4811 1.48909
0.4812 1.48956
0.4813 1.48958
0.4814 1.48979
0.4815 1.49012
0.4816 1.49041
0.4817 1.49029
0.4818 1.49072
0.4819 1.49136
0.482 1.49153
0.4821 1.49176
0.4822 1.49265
0.4823 1.49326
0.4824 1.49364
0.4825 1.4938
0.4826 1.49412
0.4827 1.49476
0.4828 1.4948
0.4829 1.49526
0.483 1.49552
0.4831 1.49556
0.4832 1.49591
0.4833 1.49609
0.4834 1.49624
0.4835 1.49631
0.4836 1.49692
0.4837 1.49746
0.4838 1.49782
0.4839 1.49803
0.484 1.4984
0.4841 1.49862
0.4842 1.49945
0.4843 1.50018
0.4844 1.50034
0.4845 1.50014
0.4846 1.4998
0.4847 1.50009
0.4848 1.50028
0.4849 1.50051
0.485 1.50057
0.4851 1.50111
0.4852 1.50159
0.4853 1.5016
0.4854 1.50147
0.4855 1.50212
0.4856 1.50335
0.4857 1.50462
0.4858 1.50451
0.4859 1.50462
0.486 1.50492
0.4861 1.50501
0.4862 1.50526
0.4863 1.50509
0.4864 1.50551
0.4865 1.50564
0.4866 1.50596
0.4867 1.50647
0.4868 1.50677
0.4869 1.5069
0.487 1.50714
0.4871 1.50778
0.4872 1.50813
0.4873 1.50843
0.4874 1.5082
0.4875 1.50771
0.4876 1.50809
0.4877 1.50755
0.4878 1.50787
0.4879 1.508
0.488 1.50826
0.4881 1.50822
0.4882 1.50831
0.4883 1.5084
0.4884 1.50833
0.4885 1.50849
0.4886 1.5079
0.4887 1.50861
0.4888 1.50891
0.4889 1.50897
0.489 1.50942
0.4891 1.51031
0.4892 1.51099
0.4893 1.5113
0.4894 1.51172
0.4895 1.51215
0.4896 1.51169
0.4897 1.51161
0.4898 1.51216
0.4899 1.51245
0.49 1.51267
0.4901 1.51285
0.4902 1.51243
0.4903 1.51302
0.4904 1.51335
0.4905 1.51406
0.4906 1.5148
0.4907 1.51537
0.4908 1.51565
0.4909 1.5159
0.491 1.51598
