0 0
0.0001 0.000399489
0.0002 0.000800648
0.0003 0.0012053
0.0004 0.00159776
0.0005 0.00197915
0.0006 0.00236552
0.0007 0.00275457
0.0008 0.00315954
0.0009 0.0035531
0.001 0.00396161
0.0011 0.00432607
0.0012 0.00471308
0.0013 0.00512072
0.0014 0.00554247
0.0015 0.0059442
0.0016 0.00636329
0.0017 0.00676931
0.0018 0.00716085
0.0019 0.00757191
0.002 0.00799075
0.0021 0.00843275
0.0022 0.00882575
0.0023 0.00920147
0.0024 0.00961178
0.0025 0.0100053
0.0026 0.0104095
0.0027 0.0107914
0.0028 0.0111419
0.0029 0.0115111
0.003 0.011831
0.0031 0.0122396
0.0032 0.0126451
0.0033 0.0130833
0.0034 0.0135178
0.0035 0.0139457
0.0036 0.0143668
0.0037 0.014765
0.0038 0.0151349
0.0039 0.0156133
0.004 0.0160636
0.0041 0.0164923
0.0042 0.0169217
0.0043 0.0173177
0.0044 0.0177065
0.0045 0.018117
0.0046 0.0185547
0.0047 0.0189309
0.0048 0.0193512
0.0049 0.019807
0.005 0.0202433
0.0051 0.0205803
0.0052 0.0209651
0.0053 0.0213446
0.0054 0.0217566
0.0055 0.0221173
0.0056 0.0225236
0.0057 0.0229317
0.0058 0.0232938
0.0059 0.023726
0.006 0.0240927
0.0061 0.0244284
0.0062 0.0248287
0.0063 0.0252168
0.0064 0.0256217
0.0065 0.0259721
0.0066 0.0264954
0.0067 0.0269347
0.0068 0.0273747
0.0069 0.0277427
0.007 0.0282094
0.0071 0.0285905
0.0072 0.0290687
0.0073 0.0295164
0.0074 0.0299261
0.0075 0.0302673
0.0076 0.0307326
0.0077 0.0311671
0.0078 0.0316979
0.0079 0.0320615
0.008 0.0325567
0.0081 0.032907
0.0082 0.0334087
0.0083 0.0338812
0.0084 0.0342879
0.0085 0.0346935
0.0086 0.0350369
0.0087 0.0353472
0.0088 0.0357022
0.0089 0.0361673
0.009 0.0365918
0.0091 0.0370016
0.0092 0.0374401
0.0093 0.0378432
0.0094 0.0381882
0.0095 0.0385484
0.0096 0.0389481
0.0097 0.0393457
0.0098 0.0397335
0.0099 0.0401447
0.01 0.0405732
0.0101 0.0410077
0.0102 0.0414709
0.0103 0.0418749
0.0104 0.0422456
0.0105 0.0427524
0.0106 0.0430871
0.0107 0.0433856
0.0108 0.0437588
0.0109 0.0442677
0.011 0.0446639
0.0111 0.045033
0.0112 0.0454693
0.0113 0.0458408
0.0114 0.046304
0.0115 0.0466481
0.0116 0.0471272
0.0117 0.0476089
0.0118 0.0480513
0.0119 0.0483946
0.012 0.0488346
0.0121 0.0491791
0.0122 0.049636
0.0123 0.0500886
0.0124 0.0505637
0.0125 0.0509954
0.0126 0.0513628
0.0127 0.05173
0.0128 0.0522099
0.0129 0.052566
0.013 0.0529855
0.0131 0.0533605
0.0132 0.0537063
0.0133 0.0540089
0.0134 0.0544817
0.0135 0.0548846
0.0136 0.0551476
0.0137 0.0555579
0.0138 0.0558668
0.0139 0.0562575
0.014 0.0567178
0.0141 0.0570313
0.0142 0.0574351
0.0143 0.0577774
0.0144 0.0581313
0.0145 0.0585946
0.0146 0.0589075
0.0147 0.0592752
0.0148 0.0595931
0.0149 0.0599333
0.015 0.0602133
0.0151 0.060642
0.0152 0.0610387
0.0153 0.0613898
0.0154 0.0617035
0.0155 0.0620012
0.0156 0.0624117
0.0157 0.0628211
0.0158 0.0631521
0.0159 0.0635062
0.016 0.0638873
0.0161 0.0642908
0.0162 0.0646744
0.0163 0.0651938
0.0164 0.0655813
0.0165 0.0659204
0.0166 0.0663166
0.0167 0.0667119
0.0168 0.0670301
0.0169 0.0672352
0.017 0.0676878
0.0171 0.0680685
0.0172 0.0684366
0.0173 0.0687658
0.0174 0.0690671
0.0175 0.0694367
0.0176 0.0697422
0.0177 0.0701383
0.0178 0.070594
0.0179 0.0710235
0.018 0.0712958
0.0181 0.0716842
0.0182 0.0720664
0.0183 0.0724979
0.0184 0.0728987
0.0185 0.0733648
0.0186 0.073754
0.0187 0.0741223
0.0188 0.0745896
0.0189 0.0750849
0.019 0.0755886
0.0191 0.0760469
0.0192 0.0765368
0.0193 0.0768701
0.0194 0.0772015
0.0195 0.0776097
0.0196 0.0780687
0.0197 0.0784687
0.0198 0.0789581
0.0199 0.0793557
0.02 0.07977
0.0201 0.0800624
0.0202 0.0804605
0.0203 0.0808745
0.0204 0.0813693
0.0205 0.0816615
0.0206 0.0821148
0.0207 0.0826612
0.0208 0.0830193
0.0209 0.0835051
0.021 0.0838184
0.0211 0.0841098
0.0212 0.084546
0.0213 0.0850273
0.0214 0.0854548
0.0215 0.0858904
0.0216 0.0861676
0.0217 0.0864624
0.0218 0.0868396
0.0219 0.0872403
0.022 0.0876484
0.0221 0.0881433
0.0222 0.0884734
0.0223 0.0886833
0.0224 0.0890534
0.0225 0.0894169
0.0226 0.0897982
0.0227 0.0901242
0.0228 0.0904102
0.0229 0.090678
0.023 0.0910561
0.0231 0.0912188
0.0232 0.0915291
0.0233 0.0918206
0.0234 0.0923087
0.0235 0.0927012
0.0236 0.0931687
0.0237 0.093575
0.0238 0.0938954
0.0239 0.0942228
0.024 0.0947443
0.0241 0.0951743
0.0242 0.0954227
0.0243 0.095724
0.0244 0.0960003
0.0245 0.0964243
0.0246 0.096799
0.0247 0.0971348
0.0248 0.0974357
0.0249 0.0978546
0.025 0.0981563
0.0251 0.0985338
0.0252 0.0989605
0.0253 0.0992054
0.0254 0.0996101
0.0255 0.0999461
0.0256 0.100286
0.0257 0.100728
0.0258 0.101211
0.0259 0.101552
0.026 0.101795
0.0261 0.102055
0.0262 0.102391
0.0263 0.102734
0.0264 0.103179
0.0265 0.103614
0.0266 0.103962
0.0267 0.104395
0.0268 0.104736
0.0269 0.105136
0.027 0.105475
0.0271 0.105673
0.0272 0.105958
0.0273 0.106434
0.0274 0.106747
0.0275 0.107075
0.0276 0.107511
0.0277 0.107873
0.0278 0.108396
0.0279 0.108658
0.028 0.109096
0.0281 0.109506
0.0282 0.109869
0.0283 0.110305
0.0284 0.110943
0.0285 0.111456
0.0286 0.111776
0.0287 0.112173
0.0288 0.112467
0.0289 0.112787
0.029 0.113267
0.0291 0.113583
0.0292 0.113842
0.0293 0.114081
0.0294 0.114483
0.0295 0.11503
0.0296 0.115355
0.0297 0.115739
0.0298 0.116095
0.0299 0.116384
0.03 0.116757
0.0301 0.117188
0.0302 0.117406
0.0303 0.117813
0.0304 0.117918
0.0305 0.118224
0.0306 0.118587
0.0307 0.118827
0.0308 0.119283
0.0309 0.119558
0.031 0.119933
0.0311 0.119985
0.0312 0.120313
0.0313 0.120626
0.0314 0.121009
0.0315 0.12126
0.0316 0.121738
0.0317 0.122195
0.0318 0.122477
0.0319 0.122806
0.032 0.123024
0.0321 0.123399
0.0322 0.123542
0.0323 0.123917
0.0324 0.124238
0.0325 0.12473
0.0326 0.124917
0.0327 0.125335
0.0328 0.125856
0.0329 0.126272
0.033 0.12693
0.0331 0.127409
0.0332 0.12776
0.0333 0.128083
0.0334 0.128327
0.0335 0.128628
0.0336 0.129058
0.0337 0.129472
0.0338 0.129696
0.0339 0.13024
0.034 0.130527
0.0341 0.130948
0.0342 0.131306
0.0343 0.131655
0.0344 0.131971
0.0345 0.132312
0.0346 0.132825
0.0347 0.13308
0.0348 0.133648
0.0349 0.134072
0.035 0.134335
0.0351 0.134673
0.0352 0.134886
0.0353 0.135225
0.0354 0.135553
0.0355 0.135988
0.0356 0.136168
0.0357 0.136429
0.0358 0.136719
0.0359 0.137167
0.036 0.137461
0.0361 0.137885
0.0362 0.138329
0.0363 0.138715
0.0364 0.13905
0.0365 0.139334
0.0366 0.139698
0.0367 0.139871
0.0368 0.140355
0.0369 0.140581
0.037 0.14102
0.0371 0.141318
0.0372 0.141547
0.0373 0.141868
0.0374 0.142117
0.0375 0.142429
0.0376 0.142852
0.0377 0.143172
0.0378 0.143495
0.0379 0.143847
0.038 0.144152
0.0381 0.144491
0.0382 0.144713
0.0383 0.14502
0.0384 0.145372
0.0385 0.145591
0.0386 0.145881
0.0387 0.146272
0.0388 0.146645
0.0389 0.146909
0.039 0.147011
0.0391 0.147513
0.0392 0.147866
0.0393 0.148139
0.0394 0.148568
0.0395 0.148931
0.0396 0.149483
0.0397 0.149707
0.0398 0.150152
0.0399 0.150493
0.04 0.150784
0.0401 0.151227
0.0402 0.15157
0.0403 0.15199
0.0404 0.1525
0.0405 0.152864
0.0406 0.15312
0.0407 0.153428
0.0408 0.153695
0.0409 0.153897
0.041 0.154042
0.0411 0.1545
0.0412 0.154873
0.0413 0.155181
0.0414 0.155659
0.0415 0.156023
0.0416 0.156259
0.0417 0.156756
0.0418 0.157017
0.0419 0.157423
0.042 0.157742
0.0421 0.158064
0.0422 0.158506
0.0423 0.158643
0.0424 0.158872
0.0425 0.159331
0.0426 0.159591
0.0427 0.159924
0.0428 0.160265
0.0429 0.160437
0.043 0.16064
0.0431 0.161129
0.0432 0.161403
0.0433 0.16163
0.0434 0.161973
0.0435 0.162208
0.0436 0.162764
0.0437 0.163126
0.0438 0.163535
0.0439 0.163879
0.044 0.164223
0.0441 0.164737
0.0442 0.165064
0.0443 0.165075
0.0444 0.165551
0.0445 0.165949
0.0446 0.166374
0.0447 0.166757
0.0448 0.166989
0.0449 0.167605
0.045 0.167739
0.0451 0.167944
0.0452 0.168236
0.0453 0.168682
0.0454 0.168896
0.0455 0.16927
0.0456 0.169639
0.0457 0.169887
0.0458 0.170258
0.0459 0.170725
0.046 0.170998
0.0461 0.171536
0.0462 0.171869
0.0463 0.172208
0.0464 0.172484
0.0465 0.173076
0.0466 0.173539
0.0467 0.173941
0.0468 0.174147
0.0469 0.174333
0.047 0.174762
0.0471 0.175157
0.0472 0.175424
0.0473 0.175872
0.0474 0.176085
0.0475 0.176466
0.0476 0.176869
0.0477 0.177058
0.0478 0.177558
0.0479 0.178047
0.048 0.178434
0.0481 0.178719
0.0482 0.179188
0.0483 0.179413
0.0484 0.179602
0.0485 0.179948
0.0486 0.180236
0.0487 0.180339
0.0488 0.180675
0.0489 0.180934
0.049 0.181275
0.0491 0.181593
0.0492 0.182085
0.0493 0.182229
0.0494 0.182686
0.0495 0.18325
0.0496 0.18357
0.0497 0.183623
0.0498 0.183984
0.0499 0.184501
0.05 0.184558
0.0501 0.184959
0.0502 0.185247
0.0503 0.185448
0.0504 0.185893
0.0505 0.186471
0.0506 0.186896
0.0507 0.187165
0.0508 0.187698
0.0509 0.188088
0.051 0.188581
0.0511 0.188943
0.0512 0.189453
0.0513 0.189735
0.0514 0.190263
0.0515 0.190587
0.0516 0.190914
0.0517 0.191028
0.0518 0.191443
0.0519 0.19178
0.052 0.191922
0.0521 0.192343
0.0522 0.192889
0.0523 0.193339
0.0524 0.193736
0.0525 0.19391
0.0526 0.1944
0.0527 0.194656
0.0528 0.194873
0.0529 0.195088
0.053 0.195389
0.0531 0.195875
0.0532 0.196066
0.0533 0.196519
0.0534 0.196874
0.0535 0.197385
0.0536 0.197572
0.0537 0.197909
0.0538 0.19803
0.0539 0.198401
0.054 0.198504
0.0541 0.198812
0.0542 0.199409
0.0543 0.199781
0.0544 0.200072
0.0545 0.200605
0.0546 0.201096
0.0547 0.201376
0.0548 0.201584
0.0549 0.201984
0.055 0.202325
0.0551 0.202348
0.0552 0.202668
0.0553 0.203168
0.0554 0.203432
0.0555 0.203607
0.0556 0.203966
0.0557 0.204385
0.0558 0.204719
0.0559 0.205039
0.056 0.205223
0.0561 0.205509
0.0562 0.205847
0.0563 0.206303
0.0564 0.206724
0.0565 0.206958
0.0566 0.20716
0.0567 0.20754
0.0568 0.207598
0.0569 0.208137
0.057 0.20845
0.0571 0.208756
0.0572 0.209041
0.0573 0.209412
0.0574 0.209764
0.0575 0.210063
0.0576 0.210411
0.0577 0.210739
0.0578 0.21107
0.0579 0.21127
0.058 0.211841
0.0581 0.212144
0.0582 0.212641
0.0583 0.213147
0.0584 0.213291
0.0585 0.213582
0.0586 0.213948
0.0587 0.214264
0.0588 0.214544
0.0589 0.21482
0.059 0.215175
0.0591 0.215545
0.0592 0.216047
0.0593 0.216288
0.0594 0.216454
0.0595 0.216689
0.0596 0.217217
0.0597 0.21736
0.0598 0.217742
0.0599 0.217909
0.06 0.218039
0.0601 0.218279
0.0602 0.218547
0.0603 0.218784
0.0604 0.218867
0.0605 0.219158
0.0606 0.219705
0.0607 0.220053
0.0608 0.220181
0.0609 0.220594
0.061 0.220879
0.0611 0.221391
0.0612 0.221693
0.0613 0.222188
0.0614 0.222495
0.0615 0.222822
0.0616 0.223236
0.0617 0.223711
0.0618 0.223816
0.0619 0.224244
0.062 0.22466
0.0621 0.225175
0.0622 0.225352
0.0623 0.225926
0.0624 0.226275
0.0625 0.226578
0.0626 0.226944
0.0627 0.227198
0.0628 0.227623
0.0629 0.227782
0.063 0.228237
0.0631 0.228354
0.0632 0.228722
0.0633 0.228764
0.0634 0.229089
0.0635 0.229309
0.0636 0.229315
0.0637 0.229609
0.0638 0.230113
0.0639 0.230265
0.064 0.230527
0.0641 0.230878
0.0642 0.231291
0.0643 0.231617
0.0644 0.231709
0.0645 0.232202
0.0646 0.232607
0.0647 0.232946
0.0648 0.233406
0.0649 0.233967
0.065 0.234292
0.0651 0.23458
0.0652 0.234972
0.0653 0.235281
0.0654 0.235213
0.0655 0.235477
0.0656 0.235883
0.0657 0.236266
0.0658 0.236491
0.0659 0.236829
0.066 0.237019
0.0661 0.237404
0.0662 0.237944
0.0663 0.238113
0.0664 0.238462
0.0665 0.238662
0.0666 0.239038
0.0667 0.239358
0.0668 0.239961
0.0669 0.240267
0.067 0.240629
0.0671 0.241116
0.0672 0.241673
0.0673 0.241907
0.0674 0.242351
0.0675 0.24278
0.0676 0.242935
0.0677 0.2431
0.0678 0.243622
0.0679 0.244251
0.068 0.244708
0.0681 0.244877
0.0682 0.245475
0.0683 0.245734
0.0684 0.24632
0.0685 0.246527
0.0686 0.246691
0.0687 0.246977
0.0688 0.247557
0.0689 0.24787
0.069 0.248235
0.0691 0.248758
0.0692 0.249133
0.0693 0.249591
0.0694 0.249987
0.0695 0.250555
0.0696 0.250987
0.0697 0.251259
0.0698 0.2512
0.0699 0.25144
0.07 0.251827
0.0701 0.252137
0.0702 0.252687
0.0703 0.253028
0.0704 0.25321
0.0705 0.25346
0.0706 0.253621
0.0707 0.25371
0.0708 0.254152
0.0709 0.254555
0.071 0.254744
0.0711 0.255094
0.0712 0.255351
0.0713 0.255563
0.0714 0.255969
0.0715 0.25639
0.0716 0.256803
0.0717 0.257113
0.0718 0.257524
0.0719 0.257836
0.072 0.258091
0.0721 0.258306
0.0722 0.25871
0.0723 0.259132
0.0724 0.259251
0.0725 0.259699
0.0726 0.260078
0.0727 0.260497
0.0728 0.260691
0.0729 0.260998
0.073 0.261379
0.0731 0.26148
0.0732 0.261871
0.0733 0.26208
0.0734 0.262727
0.0735 0.262862
0.0736 0.263021
0.0737 0.263444
0.0738 0.263728
0.0739 0.264277
0.074 0.264559
0.0741 0.264948
0.0742 0.265569
0.0743 0.265828
0.0744 0.266184
0.0745 0.266803
0.0746 0.267212
0.0747 0.267496
0.0748 0.267777
0.0749 0.268007
0.075 0.268524
0.0751 0.268612
0.0752 0.269147
0.0753 0.269537
0.0754 0.269925
0.0755 0.270227
0.0756 0.270821
0.0757 0.27117
0.0758 0.271328
0.0759 0.271461
0.076 0.271679
0.0761 0.272195
0.0762 0.272553
0.0763 0.27281
0.0764 0.27331
0.0765 0.273583
0.0766 0.273862
0.0767 0.274134
0.0768 0.274593
0.0769 0.274916
0.077 0.275329
0.0771 0.275754
0.0772 0.276005
0.0773 0.276115
0.0774 0.276397
0.0775 0.276821
0.0776 0.277245
0.0777 0.277428
0.0778 0.277791
0.0779 0.278053
0.078 0.278387
0.0781 0.279105
0.0782 0.279487
0.0783 0.279667
0.0784 0.279796
0.0785 0.280101
0.0786 0.280239
0.0787 0.280781
0.0788 0.281142
0.0789 0.281767
0.079 0.282006
0.0791 0.28221
0.0792 0.282547
0.0793 0.28263
0.0794 0.283077
0.0795 0.283334
0.0796 0.2836
0.0797 0.284238
0.0798 0.28455
0.0799 0.284929
0.08 0.285297
0.0801 0.285597
0.0802 0.2856
0.0803 0.28595
0.0804 0.286289
0.0805 0.286559
0.0806 0.286806
0.0807 0.287235
0.0808 0.287491
0.0809 0.287789
0.081 0.28814
0.0811 0.288492
0.0812 0.288997
0.0813 0.289309
0.0814 0.289583
0.0815 0.289883
0.0816 0.290409
0.0817 0.290707
0.0818 0.291251
0.0819 0.291469
0.082 0.291664
0.0821 0.291996
0.0822 0.292482
0.0823 0.293123
0.0824 0.293567
0.0825 0.293971
0.0826 0.294132
0.0827 0.29438
0.0828 0.294761
0.0829 0.295151
0.083 0.295498
0.0831 0.295791
0.0832 0.296336
0.0833 0.29666
0.0834 0.297073
0.0835 0.297338
0.0836 0.297323
0.0837 0.297819
0.0838 0.29794
0.0839 0.298535
0.084 0.298566
0.0841 0.298769
0.0842 0.29932
0.0843 0.299504
0.0844 0.299867
0.0845 0.300196
0.0846 0.300549
0.0847 0.300897
0.0848 0.301252
0.0849 0.301497
0.085 0.301744
0.0851 0.302229
0.0852 0.302427
0.0853 0.30258
0.0854 0.30264
0.0855 0.302782
0.0856 0.302956
0.0857 0.302941
0.0858 0.303415
0.0859 0.303899
0.086 0.304108
0.0861 0.304412
0.0862 0.304631
0.0863 0.305254
0.0864 0.305706
0.0865 0.30627
0.0866 0.30675
0.0867 0.307144
0.0868 0.307677
0.0869 0.308105
0.087 0.30835
0.0871 0.308613
0.0872 0.308959
0.0873 0.309286
0.0874 0.309766
0.0875 0.310195
0.0876 0.310198
0.0877 0.310538
0.0878 0.310849
0.0879 0.311236
0.088 0.311934
0.0881 0.312318
0.0882 0.312786
0.0883 0.313016
0.0884 0.313364
0.0885 0.313607
0.0886 0.314036
0.0887 0.314315
0.0888 0.31482
0.0889 0.315021
0.089 0.315347
0.0891 0.316015
0.0892 0.316288
0.0893 0.316661
0.0894 0.316894
0.0895 0.31737
0.0896 0.317761
0.0897 0.318043
0.0898 0.318149
0.0899 0.318589
0.09 0.319009
0.0901 0.3194
0.0902 0.320071
0.0903 0.320572
0.0904 0.320924
0.0905 0.321041
0.0906 0.321463
0.0907 0.321753
0.0908 0.321847
0.0909 0.322115
0.091 0.322399
0.0911 0.322528
0.0912 0.322828
0.0913 0.323074
0.0914 0.323324
0.0915 0.323588
0.0916 0.323604
0.0917 0.324013
0.0918 0.324484
0.0919 0.324696
0.092 0.32503
0.0921 0.325343
0.0922 0.32564
0.0923 0.325754
0.0924 0.326354
0.0925 0.326758
0.0926 0.327166
0.0927 0.327734
0.0928 0.327942
0.0929 0.328531
0.093 0.32856
0.0931 0.328839
0.0932 0.329361
0.0933 0.32952
0.0934 0.329912
0.0935 0.330248
0.0936 0.330676
0.0937 0.331186
0.0938 0.331548
0.0939 0.332152
0.094 0.332524
0.0941 0.332996
0.0942 0.333505
0.0943 0.333781
0.0944 0.33446
0.0945 0.334742
0.0946 0.334771
0.0947 0.334748
0.0948 0.335207
0.0949 0.33546
0.095 0.33572
0.0951 0.335885
0.0952 0.336343
0.0953 0.336623
0.0954 0.337033
0.0955 0.337485
0.0956 0.337791
0.0957 0.33791
0.0958 0.338122
0.0959 0.338212
0.096 0.338484
0.0961 0.338763
0.0962 0.339075
0.0963 0.339287
0.0964 0.339601
0.0965 0.340085
0.0966 0.340455
0.0967 0.340802
0.0968 0.341183
0.0969 0.341356
0.097 0.341515
0.0971 0.341906
0.0972 0.342239
0.0973 0.34241
0.0974 0.342737
0.0975 0.343265
0.0976 0.343316
0.0977 0.343599
0.0978 0.34356
0.0979 0.343907
0.098 0.344269
0.0981 0.34465
0.0982 0.345021
0.0983 0.345358
0.0984 0.345311
0.0985 0.345341
0.0986 0.345828
0.0987 0.34626
0.0988 0.346423
0.0989 0.346599
0.099 0.346883
0.0991 0.347192
0.0992 0.347425
0.0993 0.347664
0.0994 0.34803
0.0995 0.348529
0.0996 0.348811
0.0997 0.349161
0.0998 0.349817
0.0999 0.349837
0.1 0.350322
0.1001 0.350812
0.1002 0.351137
0.1003 0.351609
0.1004 0.352075
0.1005 0.352356
0.1006 0.352673
0.1007 0.353216
0.1008 0.353231
0.1009 0.353518
0.101 0.353976
0.1011 0.354426
0.1012 0.354876
0.1013 0.355324
0.1014 0.355816
0.1015 0.356205
0.1016 0.356598
0.1017 0.356993
0.1018 0.357404
0.1019 0.357909
0.102 0.358288
0.1021 0.358518
0.1022 0.358563
0.1023 0.35891
0.1024 0.359205
0.1025 0.359551
0.1026 0.36007
0.1027 0.360399
0.1028 0.360831
0.1029 0.361368
0.103 0.361719
0.1031 0.362465
0.1032 0.362849
0.1033 0.363339
0.1034 0.363656
0.1035 0.363751
0.1036 0.364136
0.1037 0.364152
0.1038 0.364183
0.1039 0.364713
0.104 0.365111
0.1041 0.365644
0.1042 0.365888
0.1043 0.366262
0.1044 0.366645
0.1045 0.366876
0.1046 0.367067
0.1047 0.367186
0.1048 0.367446
0.1049 0.367818
0.105 0.367953
0.1051 0.368122
0.1052 0.368495
0.1053 0.368211
0.1054 0.368502
0.1055 0.369024
0.1056 0.369523
0.1057 0.369627
0.1058 0.36996
0.1059 0.37021
0.106 0.370361
0.1061 0.370802
0.1062 0.371044
0.1063 0.371429
0.1064 0.371735
0.1065 0.371566
0.1066 0.371768
0.1067 0.372041
0.1068 0.372126
0.1069 0.372436
0.107 0.372629
0.1071 0.373473
0.1072 0.373581
0.1073 0.373954
0.1074 0.374309
0.1075 0.374425
0.1076 0.374736
0.1077 0.374997
0.1078 0.375063
0.1079 0.375433
0.108 0.375791
0.1081 0.376086
0.1082 0.376543
0.1083 0.376844
0.1084 0.37741
0.1085 0.377953
0.1086 0.378563
0.1087 0.378896
0.1088 0.379367
0.1089 0.380021
0.109 0.380596
0.1091 0.381117
0.1092 0.38146
0.1093 0.381968
0.1094 0.38207
0.1095 0.38224
0.1096 0.382883
0.1097 0.382912
0.1098 0.383207
0.1099 0.383516
0.11 0.383973
0.1101 0.384305
0.1102 0.384629
0.1103 0.38506
0.1104 0.385478
0.1105 0.385746
0.1106 0.385945
0.1107 0.386005
0.1108 0.386254
0.1109 0.386604
0.111 0.38679
0.1111 0.387033
0.1112 0.387286
0.1113 0.387636
0.1114 0.388038
0.1115 0.388525
0.1116 0.38885
0.1117 0.389207
0.1118 0.389405
0.1119 0.389892
0.112 0.390385
0.1121 0.391185
0.1122 0.391768
0.1123 0.392107
0.1124 0.392541
0.1125 0.392684
0.1126 0.393041
0.1127 0.393402
0.1128 0.393639
0.1129 0.393964
0.113 0.394332
0.1131 0.394732
0.1132 0.395095
0.1133 0.395278
0.1134 0.395541
0.1135 0.395975
0.1136 0.396305
0.1137 0.396694
0.1138 0.397096
0.1139 0.397472
0.114 0.398075
0.1141 0.398472
0.1142 0.398743
0.1143 0.399028
0.1144 0.399507
0.1145 0.399778
0.1146 0.400139
0.1147 0.400586
0.1148 0.400728
0.1149 0.400789
0.115 0.401349
0.1151 0.401862
0.1152 0.402088
0.1153 0.402433
0.1154 0.402808
0.1155 0.403154
0.1156 0.403514
0.1157 0.403419
0.1158 0.403638
0.1159 0.403622
0.116 0.403605
0.1161 0.403727
0.1162 0.403862
0.1163 0.404386
0.1164 0.404993
0.1165 0.405427
0.1166 0.405659
0.1167 0.405832
0.1168 0.406216
0.1169 0.406339
0.117 0.406554
0.1171 0.406907
0.1172 0.407234
0.1173 0.407733
0.1174 0.407899
0.1175 0.408283
0.1176 0.408697
0.1177 0.408724
0.1178 0.408866
0.1179 0.409127
0.118 0.409524
0.1181 0.409752
0.1182 0.409841
0.1183 0.410094
0.1184 0.41023
0.1185 0.410443
0.1186 0.410867
0.1187 0.411332
0.1188 0.411661
0.1189 0.41193
0.119 0.412341
0.1191 0.412489
0.1192 0.41297
0.1193 0.413533
0.1194 0.413681
0.1195 0.414244
0.1196 0.414653
0.1197 0.415207
0.1198 0.415697
0.1199 0.415993
0.12 0.415954
0.1201 0.416369
0.1202 0.416407
0.1203 0.416662
0.1204 0.41679
0.1205 0.417452
0.1206 0.417822
0.1207 0.418355
0.1208 0.418765
0.1209 0.418896
0.121 0.41941
0.1211 0.419543
0.1212 0.41981
0.1213 0.420226
0.1214 0.420477
0.1215 0.420692
0.1216 0.420986
0.1217 0.421447
0.1218 0.421861
0.1219 0.422102
0.122 0.422309
0.1221 0.422992
0.1222 0.423108
0.1223 0.42375
0.1224 0.424146
0.1225 0.424825
0.1226 0.425143
0.1227 0.425236
0.1228 0.425645
0.1229 0.425792
0.123 0.426052
0.1231 0.42658
0.1232 0.42641
0.1233 0.426605
0.1234 0.426877
0.1235 0.42736
0.1236 0.427357
0.1237 0.427732
0.1238 0.428031
0.1239 0.428231
0.124 0.428256
0.1241 0.428526
0.1242 0.428893
0.1243 0.429232
0.1244 0.429641
0.1245 0.430435
0.1246 0.430768
0.1247 0.431277
0.1248 0.431326
0.1249 0.431766
0.125 0.431919
0.1251 0.432098
0.1252 0.432315
0.1253 0.432676
0.1254 0.433145
0.1255 0.433154
0.1256 0.433585
0.1257 0.433873
0.1258 0.434194
0.1259 0.434441
0.126 0.434688
0.1261 0.434688
0.1262 0.435035
0.1263 0.435005
0.1264 0.435379
0.1265 0.435558
0.1266 0.435941
0.1267 0.436506
0.1268 0.437022
0.1269 0.437251
0.127 0.437256
0.1271 0.437651
0.1272 0.438203
0.1273 0.438442
0.1274 0.439087
0.1275 0.439925
0.1276 0.439946
0.1277 0.440136
0.1278 0.440676
0.1279 0.440959
0.128 0.441308
0.1281 0.441575
0.1282 0.441915
0.1283 0.442237
0.1284 0.44243
0.1285 0.442781
0.1286 0.442793
0.1287 0.442912
0.1288 0.442868
0.1289 0.443318
0.129 0.443815
0.1291 0.444357
0.1292 0.444507
0.1293 0.44499
0.1294 0.44536
0.1295 0.44541
0.1296 0.445788
0.1297 0.446157
0.1298 0.446548
0.1299 0.446825
0.13 0.446888
0.1301 0.447136
0.1302 0.44741
0.1303 0.447794
0.1304 0.447982
0.1305 0.44859
0.1306 0.448806
0.1307 0.449374
0.1308 0.449559
0.1309 0.449869
0.131 0.450085
0.1311 0.450651
0.1312 0.450945
0.1313 0.451081
0.1314 0.451136
0.1315 0.45142
0.1316 0.45176
0.1317 0.452261
0.1318 0.452358
0.1319 0.452566
0.132 0.452943
0.1321 0.453283
0.1322 0.453669
0.1323 0.454138
0.1324 0.454247
0.1325 0.454991
0.1326 0.455516
0.1327 0.455921
0.1328 0.456469
0.1329 0.456924
0.133 0.457083
0.1331 0.457305
0.1332 0.457639
0.1333 0.457808
0.1334 0.457454
0.1335 0.45745
0.1336 0.457903
0.1337 0.458193
0.1338 0.458599
0.1339 0.459292
0.134 0.45935
0.1341 0.459783
0.1342 0.460126
0.1343 0.460527
0.1344 0.460685
0.1345 0.461224
0.1346 0.461361
0.1347 0.461634
0.1348 0.461839
0.1349 0.46233
0.135 0.462572
0.1351 0.462849
0.1352 0.462937
0.1353 0.463027
0.1354 0.463103
0.1355 0.46357
0.1356 0.464037
0.1357 0.464706
0.1358 0.46484
0.1359 0.465149
0.136 0.465344
0.1361 0.465867
0.1362 0.466307
0.1363 0.466841
0.1364 0.467332
0.1365 0.467566
0.1366 0.46772
0.1367 0.467949
0.1368 0.468206
0.1369 0.468265
0.137 0.46843
0.1371 0.468516
0.1372 0.468821
0.1373 0.469194
0.1374 0.469768
0.1375 0.470094
0.1376 0.470195
0.1377 0.470727
0.1378 0.47077
0.1379 0.471256
0.138 0.471972
0.1381 0.471855
0.1382 0.472256
0.1383 0.472295
0.1384 0.47293
0.1385 0.473262
0.1386 0.473567
0.1387 0.473976
0.1388 0.474251
0.1389 0.474499
0.139 0.47497
0.1391 0.475096
0.1392 0.475031
0.1393 0.475084
0.1394 0.475444
0.1395 0.475837
0.1396 0.475949
0.1397 0.476565
0.1398 0.47685
0.1399 0.47686
0.14 0.476899
0.1401 0.477154
0.1402 0.477281
0.1403 0.477516
0.1404 0.477494
0.1405 0.477879
0.1406 0.478234
0.1407 0.478513
0.1408 0.478845
0.1409 0.479325
0.141 0.479827
0.1411 0.480483
0.1412 0.48099
0.1413 0.48095
0.1414 0.481424
0.1415 0.481859
0.1416 0.481873
0.1417 0.482022
0.1418 0.482066
0.1419 0.48224
0.142 0.482565
0.1421 0.483184
0.1422 0.483315
0.1423 0.483729
0.1424 0.483819
0.1425 0.484123
0.1426 0.484503
0.1427 0.485031
0.1428 0.485514
0.1429 0.485497
0.143 0.485761
0.1431 0.485866
0.1432 0.486238
0.1433 0.486906
0.1434 0.487176
0.1435 0.487567
0.1436 0.48786
0.1437 0.487971
0.1438 0.487913
0.1439 0.48837
0.144 0.488495
0.1441 0.488811
0.1442 0.489025
0.1443 0.489407
0.1444 0.48984
0.1445 0.490315
0.1446 0.490495
0.1447 0.491006
0.1448 0.491121
0.1449 0.491551
0.145 0.491814
0.1451 0.492344
0.1452 0.492762
0.1453 0.492959
0.1454 0.493202
0.1455 0.493889
0.1456 0.494061
0.1457 0.494427
0.1458 0.494752
0.1459 0.494907
0.146 0.49526
0.1461 0.495394
0.1462 0.495613
0.1463 0.495875
0.1464 0.496487
0.1465 0.496859
0.1466 0.497448
0.1467 0.497753
0.1468 0.498227
0.1469 0.498703
0.147 0.499004
0.1471 0.49937
0.1472 0.499454
0.1473 0.499742
0.1474 0.49997
0.1475 0.50019
0.1476 0.500226
0.1477 0.500652
0.1478 0.501268
0.1479 0.501946
0.148 0.502462
0.1481 0.502486
0.1482 0.502518
0.1483 0.502883
0.1484 0.503422
0.1485 0.503643
0.1486 0.503843
0.1487 0.503882
0.1488 0.504194
0.1489 0.504364
0.149 0.504648
0.1491 0.504789
0.1492 0.50519
0.1493 0.505426
0.1494 0.505837
0.1495 0.50589
0.1496 0.506285
0.1497 0.506508
0.1498 0.506881
0.1499 0.507257
0.15 0.507474
0.1501 0.507697
0.1502 0.508222
0.1503 0.508809
0.1504 0.509254
0.1505 0.509677
0.1506 0.509759
0.1507 0.509967
0.1508 0.510068
0.1509 0.51048
0.151 0.510762
0.1511 0.511654
0.1512 0.511731
0.1513 0.512056
0.1514 0.512508
0.1515 0.512656
0.1516 0.51291
0.1517 0.5131
0.1518 0.513317
0.1519 0.513652
0.152 0.51415
0.1521 0.5147
0.1522 0.514969
0.1523 0.515642
0.1524 0.516296
0.1525 0.516461
0.1526 0.517154
0.1527 0.517406
0.1528 0.517943
0.1529 0.51852
0.153 0.518644
0.1531 0.518619
0.1532 0.519261
0.1533 0.51956
0.1534 0.519893
0.1535 0.519955
0.1536 0.520762
0.1537 0.520871
0.1538 0.52068
0.1539 0.520729
0.154 0.52102
0.1541 0.521421
0.1542 0.521773
0.1543 0.52183
0.1544 0.522396
0.1545 0.522594
0.1546 0.522699
0.1547 0.522818
0.1548 0.522985
0.1549 0.523001
0.155 0.523326
0.1551 0.523691
0.1552 0.524022
0.1553 0.524344
0.1554 0.524755
0.1555 0.525364
0.1556 0.525588
0.1557 0.525733
0.1558 0.526045
0.1559 0.526454
0.156 0.526714
0.1561 0.527024
0.1562 0.527478
0.1563 0.527863
0.1564 0.528182
0.1565 0.528467
0.1566 0.528835
0.1567 0.529147
0.1568 0.529341
0.1569 0.529941
0.157 0.529694
0.1571 0.53023
0.1572 0.530612
0.1573 0.530948
0.1574 0.531111
0.1575 0.531114
0.1576 0.531412
0.1577 0.53179
0.1578 0.532469
0.1579 0.532758
0.158 0.533456
0.1581 0.533928
0.1582 0.53441
0.1583 0.534778
0.1584 0.535249
0.1585 0.535772
0.1586 0.535996
0.1587 0.536162
0.1588 0.536455
0.1589 0.537061
0.159 0.537371
0.1591 0.537621
0.1592 0.53812
0.1593 0.538572
0.1594 0.538667
0.1595 0.538907
0.1596 0.539154
0.1597 0.53932
0.1598 0.539652
0.1599 0.539861
0.16 0.540059
0.1601 0.540119
0.1602 0.540326
0.1603 0.540655
0.1604 0.54131
0.1605 0.541833
0.1606 0.54235
0.1607 0.54265
0.1608 0.543052
0.1609 0.543328
0.161 0.543615
0.1611 0.543879
0.1612 0.544008
0.1613 0.5445
0.1614 0.545097
0.1615 0.545157
0.1616 0.545428
0.1617 0.545684
0.1618 0.545798
0.1619 0.545537
0.162 0.546231
0.1621 0.546464
0.1622 0.54645
0.1623 0.547223
0.1624 0.547576
0.1625 0.54784
0.1626 0.547971
0.1627 0.548174
0.1628 0.548519
0.1629 0.548883
0.163 0.549388
0.1631 0.549894
0.1632 0.550147
0.1633 0.550653
0.1634 0.550892
0.1635 0.551342
0.1636 0.551771
0.1637 0.552105
0.1638 0.552214
0.1639 0.552663
0.164 0.552814
0.1641 0.553349
0.1642 0.5535
0.1643 0.553949
0.1644 0.55446
0.1645 0.554997
0.1646 0.555382
0.1647 0.555486
0.1648 0.556042
0.1649 0.556466
0.165 0.556877
0.1651 0.557079
0.1652 0.557336
0.1653 0.557461
0.1654 0.557725
0.1655 0.558028
0.1656 0.558379
0.1657 0.558731
0.1658 0.55915
0.1659 0.559437
0.166 0.559982
0.1661 0.559955
0.1662 0.560325
0.1663 0.560376
0.1664 0.560585
0.1665 0.560957
0.1666 0.561568
0.1667 0.561984
0.1668 0.562036
0.1669 0.562484
0.167 0.562816
0.1671 0.563405
0.1672 0.563517
0.1673 0.563778
0.1674 0.56384
0.1675 0.564287
0.1676 0.564545
0.1677 0.564644
0.1678 0.564783
0.1679 0.565103
0.168 0.565297
0.1681 0.565451
0.1682 0.565691
0.1683 0.566024
0.1684 0.566514
0.1685 0.567053
0.1686 0.567289
0.1687 0.567161
0.1688 0.567368
0.1689 0.567607
0.169 0.568359
0.1691 0.568304
0.1692 0.568602
0.1693 0.568964
0.1694 0.568874
0.1695 0.569352
0.1696 0.569864
0.1697 0.570268
0.1698 0.570086
0.1699 0.570311
0.17 0.570238
0.1701 0.570681
0.1702 0.570895
0.1703 0.571048
0.1704 0.571411
0.1705 0.571436
0.1706 0.571852
0.1707 0.572308
0.1708 0.572766
0.1709 0.573037
0.171 0.57365
0.1711 0.573988
0.1712 0.574658
0.1713 0.575104
0.1714 0.575522
0.1715 0.576127
0.1716 0.576142
0.1717 0.57624
0.1718 0.576448
0.1719 0.576644
0.172 0.576971
0.1721 0.577536
0.1722 0.57804
0.1723 0.578682
0.1724 0.578993
0.1725 0.579774
0.1726 0.580037
0.1727 0.580718
0.1728 0.581033
0.1729 0.581408
0.173 0.581582
0.1731 0.581969
0.1732 0.582323
0.1733 0.582785
0.1734 0.582813
0.1735 0.583008
0.1736 0.583293
0.1737 0.583797
0.1738 0.58378
0.1739 0.584203
0.174 0.584219
0.1741 0.584518
0.1742 0.584926
0.1743 0.585074
0.1744 0.585372
0.1745 0.585474
0.1746 0.585832
0.1747 0.585941
0.1748 0.586503
0.1749 0.586559
0.175 0.586902
0.1751 0.586992
0.1752 0.587547
0.1753 0.587672
0.1754 0.587983
0.1755 0.588428
0.1756 0.588125
0.1757 0.588585
0.1758 0.588735
0.1759 0.589017
0.176 0.589116
0.1761 0.589542
0.1762 0.589664
0.1763 0.589994
0.1764 0.590292
0.1765 0.591042
0.1766 0.59166
0.1767 0.591888
0.1768 0.591978
0.1769 0.592199
0.177 0.592706
0.1771 0.592814
0.1772 0.593406
0.1773 0.593916
0.1774 0.594341
0.1775 0.594511
0.1776 0.594581
0.1777 0.594961
0.1778 0.595043
0.1779 0.595343
0.178 0.595536
0.1781 0.595866
0.1782 0.596282
0.1783 0.596824
0.1784 0.597197
0.1785 0.597038
0.1786 0.597071
0.1787 0.59753
0.1788 0.597702
0.1789 0.597711
0.179 0.598303
0.1791 0.59851
0.1792 0.598993
0.1793 0.5991
0.1794 0.599295
0.1795 0.59939
0.1796 0.599771
0.1797 0.600045
0.1798 0.600056
0.1799 0.599958
0.18 0.600595
0.1801 0.600584
0.1802 0.600986
0.1803 0.601515
0.1804 0.601704
0.1805 0.601938
0.1806 0.602186
0.1807 0.602801
0.1808 0.602914
0.1809 0.603428
0.181 0.603758
0.1811 0.603858
0.1812 0.604153
0.1813 0.604621
0.1814 0.604831
0.1815 0.604804
0.1816 0.604938
0.1817 0.605069
0.1818 0.605218
0.1819 0.605467
0.182 0.60575
0.1821 0.60587
0.1822 0.606371
0.1823 0.606691
0.1824 0.606814
0.1825 0.607223
0.1826 0.607604
0.1827 0.607572
0.1828 0.608166
0.1829 0.60849
0.183 0.608925
0.1831 0.609076
0.1832 0.609447
0.1833 0.609642
0.1834 0.610075
0.1835 0.610298
0.1836 0.610797
0.1837 0.611487
0.1838 0.611888
0.1839 0.611961
0.184 0.612027
0.1841 0.612369
0.1842 0.612723
0.1843 0.613125
0.1844 0.613764
0.1845 0.613718
0.1846 0.613918
0.1847 0.613925
0.1848 0.614334
0.1849 0.614495
0.185 0.614864
0.1851 0.615513
0.1852 0.616024
0.1853 0.616034
0.1854 0.616462
0.1855 0.616646
0.1856 0.616818
0.1857 0.61722
0.1858 0.617713
0.1859 0.618027
0.186 0.618425
0.1861 0.618614
0.1862 0.619458
0.1863 0.619891
0.1864 0.620678
0.1865 0.621277
0.1866 0.621746
0.1867 0.622109
0.1868 0.622316
0.1869 0.622803
0.187 0.623355
0.1871 0.62356
0.1872 0.624086
0.1873 0.624467
0.1874 0.624579
0.1875 0.625034
0.1876 0.625409
0.1877 0.625701
0.1878 0.626014
0.1879 0.626217
0.188 0.626337
0.1881 0.626773
0.1882 0.627179
0.1883 0.627292
0.1884 0.627807
0.1885 0.627866
0.1886 0.62822
0.1887 0.628853
0.1888 0.629299
0.1889 0.629807
0.189 0.630016
0.1891 0.63002
0.1892 0.630031
0.1893 0.630794
0.1894 0.631046
0.1895 0.631668
0.1896 0.631778
0.1897 0.632281
0.1898 0.632739
0.1899 0.63295
0.19 0.633759
0.1901 0.634075
0.1902 0.634372
0.1903 0.634795
0.1904 0.635246
0.1905 0.635425
0.1906 0.63584
0.1907 0.636004
0.1908 0.636225
0.1909 0.636426
0.191 0.636891
0.1911 0.637106
0.1912 0.637629
0.1913 0.637694
0.1914 0.638138
0.1915 0.638168
0.1916 0.63826
0.1917 0.638475
0.1918 0.638672
0.1919 0.638965
0.192 0.638937
0.1921 0.639117
0.1922 0.639337
0.1923 0.639473
0.1924 0.639806
0.1925 0.640134
0.1926 0.640596
0.1927 0.640719
0.1928 0.641064
0.1929 0.641271
0.193 0.641765
0.1931 0.642569
0.1932 0.642546
0.1933 0.642708
0.1934 0.642841
0.1935 0.643191
0.1936 0.643531
0.1937 0.644331
0.1938 0.644809
0.1939 0.645039
0.194 0.645672
0.1941 0.645898
0.1942 0.646033
0.1943 0.646508
0.1944 0.646742
0.1945 0.647166
0.1946 0.647643
0.1947 0.64803
0.1948 0.648298
0.1949 0.648623
0.195 0.64892
0.1951 0.649254
0.1952 0.650156
0.1953 0.650173
0.1954 0.65055
0.1955 0.650929
0.1956 0.651156
0.1957 0.650882
0.1958 0.65099
0.1959 0.651241
0.196 0.651215
0.1961 0.651889
0.1962 0.651987
0.1963 0.651953
0.1964 0.652294
0.1965 0.652591
0.1966 0.652609
0.1967 0.653232
0.1968 0.653604
0.1969 0.6541
0.197 0.654367
0.1971 0.65474
0.1972 0.655073
0.1973 0.65585
0.1974 0.656302
0.1975 0.656602
0.1976 0.656967
0.1977 0.657483
0.1978 0.657841
0.1979 0.658276
0.198 0.658734
0.1981 0.658885
0.1982 0.659204
0.1983 0.659397
0.1984 0.659402
0.1985 0.659628
0.1986 0.660062
0.1987 0.660111
0.1988 0.660899
0.1989 0.6613
0.199 0.661784
0.1991 0.662137
0.1992 0.662184
0.1993 0.662462
0.1994 0.662889
0.1995 0.662921
0.1996 0.663292
0.1997 0.663434
0.1998 0.66373
0.1999 0.66434
0.2 0.664954
0.2001 0.664927
0.2002 0.664967
0.2003 0.665179
0.2004 0.665034
0.2005 0.665101
0.2006 0.665095
0.2007 0.665399
0.2008 0.665411
0.2009 0.665201
0.201 0.665549
0.2011 0.665886
0.2012 0.666341
0.2013 0.666545
0.2014 0.666682
0.2015 0.666851
0.2016 0.667483
0.2017 0.667709
0.2018 0.668054
0.2019 0.668628
0.202 0.669335
0.2021 0.669859
0.2022 0.670148
0.2023 0.670569
0.2024 0.670558
0.2025 0.670839
0.2026 0.670903
0.2027 0.671256
0.2028 0.67144
0.2029 0.671646
0.203 0.671804
0.2031 0.672248
0.2032 0.672623
0.2033 0.6728
0.2034 0.672941
0.2035 0.673123
0.2036 0.673483
0.2037 0.67394
0.2038 0.674103
0.2039 0.674817
0.204 0.675748
0.2041 0.676317
0.2042 0.676823
0.2043 0.677166
0.2044 0.677441
0.2045 0.677722
0.2046 0.677864
0.2047 0.67843
0.2048 0.678516
0.2049 0.679101
0.205 0.679347
0.2051 0.679736
0.2052 0.679859
0.2053 0.679843
0.2054 0.680065
0.2055 0.680391
0.2056 0.680516
0.2057 0.680907
0.2058 0.681263
0.2059 0.681284
0.206 0.681566
0.2061 0.681488
0.2062 0.68191
0.2063 0.682235
0.2064 0.682764
0.2065 0.682984
0.2066 0.68324
0.2067 0.683921
0.2068 0.684538
0.2069 0.685163
0.207 0.685354
0.2071 0.685516
0.2072 0.686176
0.2073 0.68603
0.2074 0.686329
0.2075 0.686659
0.2076 0.686951
0.2077 0.687251
0.2078 0.687391
0.2079 0.687794
0.208 0.68812
0.2081 0.688454
0.2082 0.688866
0.2083 0.688964
0.2084 0.689623
0.2085 0.689477
0.2086 0.689912
0.2087 0.690259
0.2088 0.690481
0.2089 0.690635
0.209 0.690193
0.2091 0.690717
0.2092 0.690779
0.2093 0.691104
0.2094 0.690982
0.2095 0.691081
0.2096 0.691412
0.2097 0.6917
0.2098 0.691784
0.2099 0.692424
0.21 0.693083
0.2101 0.693666
0.2102 0.693809
0.2103 0.693942
0.2104 0.694119
0.2105 0.694593
0.2106 0.695296
0.2107 0.695784
0.2108 0.696195
0.2109 0.696364
0.211 0.696262
0.2111 0.696845
0.2112 0.697174
0.2113 0.697927
0.2114 0.698089
0.2115 0.698366
0.2116 0.698571
0.2117 0.698927
0.2118 0.698935
0.2119 0.69982
0.212 0.700007
0.2121 0.70024
0.2122 0.700505
0.2123 0.700704
0.2124 0.701184
0.2125 0.701671
0.2126 0.701589
0.2127 0.702236
0.2128 0.702508
0.2129 0.702909
0.213 0.703328
0.2131 0.703463
0.2132 0.703659
0.2133 0.704016
0.2134 0.704639
0.2135 0.705196
0.2136 0.705153
0.2137 0.705896
0.2138 0.706419
0.2139 0.706782
0.214 0.707513
0.2141 0.707625
0.2142 0.70758
0.2143 0.708149
0.2144 0.708393
0.2145 0.708649
0.2146 0.708822
0.2147 0.709258
0.2148 0.709693
0.2149 0.710066
0.215 0.71017
0.2151 0.710781
0.2152 0.711242
0.2153 0.711799
0.2154 0.712416
0.2155 0.713412
0.2156 0.71333
0.2157 0.713689
0.2158 0.713651
0.2159 0.713973
0.216 0.714264
0.2161 0.714533
0.2162 0.714716
0.2163 0.714707
0.2164 0.715264
0.2165 0.715589
0.2166 0.715753
0.2167 0.715869
0.2168 0.71634
0.2169 0.716654
0.217 0.716998
0.2171 0.717652
0.2172 0.718334
0.2173 0.71848
0.2174 0.718794
0.2175 0.718883
0.2176 0.719219
0.2177 0.719579
0.2178 0.719985
0.2179 0.720053
0.218 0.720397
0.2181 0.720181
0.2182 0.720042
0.2183 0.720826
0.2184 0.720893
0.2185 0.721105
0.2186 0.721113
0.2187 0.721355
0.2188 0.721443
0.2189 0.721667
0.219 0.722117
0.2191 0.722334
0.2192 0.722867
0.2193 0.72282
0.2194 0.723321
0.2195 0.723392
0.2196 0.723564
0.2197 0.724107
0.2198 0.724088
0.2199 0.724421
0.22 0.724032
0.2201 0.724136
0.2202 0.723998
0.2203 0.723987
0.2204 0.724366
0.2205 0.724827
0.2206 0.725699
0.2207 0.725768
0.2208 0.726052
0.2209 0.726329
0.221 0.726485
0.2211 0.726814
0.2212 0.726659
0.2213 0.727636
0.2214 0.728058
0.2215 0.728408
0.2216 0.728999
0.2217 0.729367
0.2218 0.729685
0.2219 0.729935
0.222 0.730365
0.2221 0.730739
0.2222 0.730663
0.2223 0.730984
0.2224 0.731198
0.2225 0.731309
0.2226 0.732116
0.2227 0.732553
0.2228 0.732496
0.2229 0.732498
0.223 0.732906
0.2231 0.733006
0.2232 0.733098
0.2233 0.733752
0.2234 0.733909
0.2235 0.734123
0.2236 0.734822
0.2237 0.735387
0.2238 0.735563
0.2239 0.735645
0.224 0.735939
0.2241 0.73615
0.2242 0.736273
0.2243 0.736764
0.2244 0.736983
0.2245 0.736839
0.2246 0.73678
0.2247 0.736961
0.2248 0.73751
0.2249 0.737443
0.225 0.737796
0.2251 0.738368
0.2252 0.738665
0.2253 0.739214
0.2254 0.73962
0.2255 0.740116
0.2256 0.740858
0.2257 0.741696
0.2258 0.742341
0.2259 0.742878
0.226 0.743117
0.2261 0.74328
0.2262 0.743276
0.2263 0.743328
0.2264 0.743549
0.2265 0.743926
0.2266 0.744477
0.2267 0.744862
0.2268 0.744979
0.2269 0.745666
0.227 0.745881
0.2271 0.745848
0.2272 0.746142
0.2273 0.746457
0.2274 0.746355
0.2275 0.746885
0.2276 0.746994
0.2277 0.747378
0.2278 0.747986
0.2279 0.748193
0.228 0.748107
0.2281 0.748546
0.2282 0.749054
0.2283 0.749424
0.2284 0.749176
0.2285 0.749128
0.2286 0.74937
0.2287 0.749793
0.2288 0.749859
0.2289 0.750273
0.229 0.750628
0.2291 0.750587
0.2292 0.750877
0.2293 0.750819
0.2294 0.750947
0.2295 0.750895
0.2296 0.751512
0.2297 0.751887
0.2298 0.752186
0.2299 0.752729
0.23 0.753172
0.2301 0.753541
0.2302 0.754048
0.2303 0.754529
0.2304 0.754687
0.2305 0.75466
0.2306 0.754468
0.2307 0.75441
0.2308 0.754721
0.2309 0.755077
0.231 0.756055
0.2311 0.755971
0.2312 0.756322
0.2313 0.756343
0.2314 0.75661
0.2315 0.757028
0.2316 0.757077
0.2317 0.757248
0.2318 0.757191
0.2319 0.756905
0.232 0.757217
0.2321 0.757276
0.2322 0.75738
0.2323 0.757797
0.2324 0.758531
0.2325 0.758646
0.2326 0.759324
0.2327 0.759624
0.2328 0.759763
0.2329 0.75945
0.233 0.759923
0.2331 0.760067
0.2332 0.760452
0.2333 0.760746
0.2334 0.761186
0.2335 0.76138
0.2336 0.76176
0.2337 0.761536
0.2338 0.761654
0.2339 0.762175
0.234 0.762224
0.2341 0.762214
0.2342 0.762244
0.2343 0.762696
0.2344 0.763123
0.2345 0.763371
0.2346 0.764032
0.2347 0.763941
0.2348 0.76426
0.2349 0.764531
0.235 0.764993
0.2351 0.76549
0.2352 0.765642
0.2353 0.765731
0.2354 0.76592
0.2355 0.766047
0.2356 0.766117
0.2357 0.766693
0.2358 0.767029
0.2359 0.767596
0.236 0.76806
0.2361 0.768393
0.2362 0.768998
0.2363 0.769495
0.2364 0.769918
0.2365 0.770025
0.2366 0.770323
0.2367 0.770575
0.2368 0.771146
0.2369 0.77123
0.237 0.77186
0.2371 0.772461
0.2372 0.772114
0.2373 0.772392
0.2374 0.77238
0.2375 0.772064
0.2376 0.772242
0.2377 0.772347
0.2378 0.77295
0.2379 0.773823
0.238 0.773831
0.2381 0.774057
0.2382 0.774479
0.2383 0.774195
0.2384 0.774317
0.2385 0.774917
0.2386 0.775364
0.2387 0.775396
0.2388 0.776016
0.2389 0.776441
0.239 0.776771
0.2391 0.777087
0.2392 0.777548
0.2393 0.777558
0.2394 0.778088
0.2395 0.77824
0.2396 0.77864
0.2397 0.778967
0.2398 0.778808
0.2399 0.77897
0.24 0.779063
0.2401 0.779104
0.2402 0.779917
0.2403 0.780062
0.2404 0.780659
0.2405 0.780885
0.2406 0.780828
0.2407 0.780788
0.2408 0.780879
0.2409 0.781286
0.241 0.781726
0.2411 0.781952
0.2412 0.782261
0.2413 0.782687
0.2414 0.782969
0.2415 0.782955
0.2416 0.783518
0.2417 0.783464
0.2418 0.78398
0.2419 0.784253
0.242 0.784992
0.2421 0.785292
0.2422 0.785853
0.2423 0.786395
0.2424 0.786888
0.2425 0.787065
0.2426 0.787057
0.2427 0.787414
0.2428 0.788005
0.2429 0.788447
0.243 0.788524
0.2431 0.788317
0.2432 0.788335
0.2433 0.78884
0.2434 0.789199
0.2435 0.789845
0.2436 0.790552
0.2437 0.790839
0.2438 0.791208
0.2439 0.791586
0.244 0.791922
0.2441 0.79243
0.2442 0.79322
0.2443 0.793556
0.2444 0.794076
0.2445 0.79423
0.2446 0.794529
0.2447 0.795076
0.2448 0.795164
0.2449 0.795063
0.245 0.795354
0.2451 0.795674
0.2452 0.796486
0.2453 0.796624
0.2454 0.796828
0.2455 0.797493
0.2456 0.797936
0.2457 0.798219
0.2458 0.798374
0.2459 0.798521
0.246 0.798896
0.2461 0.798473
0.2462 0.798982
0.2463 0.799133
0.2464 0.799155
0.2465 0.799107
0.2466 0.799675
0.2467 0.7999
0.2468 0.799769
0.2469 0.800149
0.247 0.800019
0.2471 0.800079
0.2472 0.800314
0.2473 0.800231
0.2474 0.80036
0.2475 0.800942
0.2476 0.80125
0.2477 0.801226
0.2478 0.801096
0.2479 0.801656
0.248 0.802175
0.2481 0.802497
0.2482 0.803193
0.2483 0.803504
0.2484 0.804252
0.2485 0.804785
0.2486 0.805275
0.2487 0.805492
0.2488 0.805559
0.2489 0.805756
0.249 0.806355
0.2491 0.806461
0.2492 0.80693
0.2493 0.807185
0.2494 0.807752
0.2495 0.807643
0.2496 0.807476
0.2497 0.807783
0.2498 0.808097
0.2499 0.808196
0.25 0.808628
0.2501 0.808986
0.2502 0.809357
0.2503 0.809826
0.2504 0.810252
0.2505 0.810478
0.2506 0.810877
0.2507 0.810804
0.2508 0.811164
0.2509 0.811269
0.251 0.812094
0.2511 0.812094
0.2512 0.812486
0.2513 0.812714
0.2514 0.813104
0.2515 0.813291
0.2516 0.813343
0.2517 0.813833
0.2518 0.814252
0.2519 0.814728
0.252 0.81503
0.2521 0.815429
0.2522 0.814979
0.2523 0.81529
0.2524 0.815656
0.2525 0.815394
0.2526 0.815773
0.2527 0.816312
0.2528 0.816501
0.2529 0.816877
0.253 0.817326
0.2531 0.817534
0.2532 0.81779
0.2533 0.818262
0.2534 0.818633
0.2535 0.81914
0.2536 0.819634
0.2537 0.819797
0.2538 0.820312
0.2539 0.820596
0.254 0.820909
0.2541 0.821211
0.2542 0.821293
0.2543 0.821576
0.2544 0.82234
0.2545 0.822489
0.2546 0.822708
0.2547 0.822354
0.2548 0.822767
0.2549 0.822652
0.255 0.822811
0.2551 0.823148
0.2552 0.823603
0.2553 0.823621
0.2554 0.824049
0.2555 0.824109
0.2556 0.823833
0.2557 0.824305
0.2558 0.824977
0.2559 0.825215
0.256 0.82552
0.2561 0.826042
0.2562 0.826558
0.2563 0.826941
0.2564 0.827098
0.2565 0.827496
0.2566 0.82794
0.2567 0.827964
0.2568 0.828626
0.2569 0.829335
0.257 0.82975
0.2571 0.830148
0.2572 0.830209
0.2573 0.830559
0.2574 0.830599
0.2575 0.83111
0.2576 0.831712
0.2577 0.832033
0.2578 0.832763
0.2579 0.83298
0.258 0.833355
0.2581 0.834045
0.2582 0.834277
0.2583 0.834464
0.2584 0.834617
0.2585 0.835132
0.2586 0.834982
0.2587 0.835291
0.2588 0.835678
0.2589 0.83607
0.259 0.835864
0.2591 0.836502
0.2592 0.837234
0.2593 0.837478
0.2594 0.837632
0.2595 0.838157
0.2596 0.838054
0.2597 0.838428
0.2598 0.838563
0.2599 0.838945
0.26 0.838667
0.2601 0.838682
0.2602 0.838518
0.2603 0.83885
0.2604 0.839012
0.2605 0.839163
0.2606 0.839319
0.2607 0.839883
0.2608 0.839631
0.2609 0.840098
0.261 0.840681
0.2611 0.840851
0.2612 0.841288
0.2613 0.841416
0.2614 0.842321
0.2615 0.842576
0.2616 0.842904
0.2617 0.843355
0.2618 0.843756
0.2619 0.844406
0.262 0.844687
0.2621 0.845501
0.2622 0.845992
0.2623 0.846388
0.2624 0.846574
0.2625 0.846841
0.2626 0.847507
0.2627 0.847685
0.2628 0.847869
0.2629 0.848119
0.263 0.848468
0.2631 0.848423
0.2632 0.848995
0.2633 0.848979
0.2634 0.84919
0.2635 0.849732
0.2636 0.850689
0.2637 0.850945
0.2638 0.851246
0.2639 0.851338
0.264 0.851937
0.2641 0.852341
0.2642 0.852453
0.2643 0.853131
0.2644 0.85341
0.2645 0.85326
0.2646 0.853501
0.2647 0.853571
0.2648 0.853627
0.2649 0.853829
0.265 0.853748
0.2651 0.853521
0.2652 0.853708
0.2653 0.853815
0.2654 0.854143
0.2655 0.854695
0.2656 0.8552
0.2657 0.855554
0.2658 0.855959
0.2659 0.856536
0.266 0.857005
0.2661 0.857189
0.2662 0.857441
0.2663 0.857719
0.2664 0.857841
0.2665 0.858027
0.2666 0.858089
0.2667 0.858354
0.2668 0.858056
0.2669 0.858729
0.267 0.859032
0.2671 0.859219
0.2672 0.859356
0.2673 0.859535
0.2674 0.859674
0.2675 0.860198
0.2676 0.860236
0.2677 0.860064
0.2678 0.860374
0.2679 0.860428
0.268 0.860449
0.2681 0.860613
0.2682 0.861117
0.2683 0.861498
0.2684 0.861308
0.2685 0.861083
0.2686 0.86141
0.2687 0.86181
0.2688 0.861648
0.2689 0.862139
0.269 0.862304
0.2691 0.862938
0.2692 0.86313
0.2693 0.863311
0.2694 0.863409
0.2695 0.86391
0.2696 0.864061
0.2697 0.86442
0.2698 0.864827
0.2699 0.865123
0.27 0.865227
0.2701 0.865716
0.2702 0.865944
0.2703 0.866051
0.2704 0.86632
0.2705 0.866462
0.2706 0.866943
0.2707 0.867339
0.2708 0.868016
0.2709 0.868391
0.271 0.868558
0.2711 0.868173
0.2712 0.868235
0.2713 0.868707
0.2714 0.868874
0.2715 0.868944
0.2716 0.869124
0.2717 0.869248
0.2718 0.869504
0.2719 0.870089
0.272 0.870277
0.2721 0.870174
0.2722 0.870152
0.2723 0.870201
0.2724 0.870398
0.2725 0.870082
0.2726 0.870523
0.2727 0.870855
0.2728 0.870988
0.2729 0.871064
0.273 0.871861
0.2731 0.872073
0.2732 0.872546
0.2733 0.873174
0.2734 0.873667
0.2735 0.874323
0.2736 0.87457
0.2737 0.87494
0.2738 0.875035
0.2739 0.875356
0.274 0.875632
0.2741 0.875949
0.2742 0.876045
0.2743 0.875828
0.2744 0.876089
0.2745 0.876712
0.2746 0.876613
0.2747 0.876482
0.2748 0.876856
0.2749 0.87737
0.275 0.877527
0.2751 0.877884
0.2752 0.878484
0.2753 0.878913
0.2754 0.879247
0.2755 0.879874
0.2756 0.880173
0.2757 0.880527
0.2758 0.88078
0.2759 0.880722
0.276 0.881374
0.2761 0.881496
0.2762 0.881588
0.2763 0.882122
0.2764 0.882212
0.2765 0.882585
0.2766 0.882904
0.2767 0.883206
0.2768 0.88362
0.2769 0.884119
0.277 0.884367
0.2771 0.884981
0.2772 0.885783
0.2773 0.886154
0.2774 0.886319
0.2775 0.886311
0.2776 0.886443
0.2777 0.88692
0.2778 0.886949
0.2779 0.887292
0.278 0.888021
0.2781 0.888386
0.2782 0.888916
0.2783 0.889586
0.2784 0.890107
0.2785 0.89012
0.2786 0.890265
0.2787 0.89071
0.2788 0.890653
0.2789 0.890775
0.279 0.890904
0.2791 0.891155
0.2792 0.891878
0.2793 0.892298
0.2794 0.892041
0.2795 0.892638
0.2796 0.89274
0.2797 0.893211
0.2798 0.893131
0.2799 0.893654
0.28 0.893928
0.2801 0.894643
0.2802 0.89509
0.2803 0.895066
0.2804 0.895262
0.2805 0.895332
0.2806 0.895385
0.2807 0.895631
0.2808 0.895465
0.2809 0.895928
0.281 0.896504
0.2811 0.897125
0.2812 0.897357
0.2813 0.897057
0.2814 0.897522
0.2815 0.897706
0.2816 0.897807
0.2817 0.898514
0.2818 0.899218
0.2819 0.899351
0.282 0.899803
0.2821 0.900182
0.2822 0.900709
0.2823 0.900944
0.2824 0.900959
0.2825 0.901638
0.2826 0.902343
0.2827 0.903097
0.2828 0.90335
0.2829 0.903351
0.283 0.903903
0.2831 0.904199
0.2832 0.904351
0.2833 0.904827
0.2834 0.905541
0.2835 0.905906
0.2836 0.906318
0.2837 0.907111
0.2838 0.907101
0.2839 0.907321
0.284 0.90753
0.2841 0.907621
0.2842 0.907516
0.2843 0.907615
0.2844 0.907611
0.2845 0.908157
0.2846 0.908353
0.2847 0.908905
0.2848 0.909448
0.2849 0.909899
0.285 0.909901
0.2851 0.910299
0.2852 0.910252
0.2853 0.909948
0.2854 0.910336
0.2855 0.910311
0.2856 0.910636
0.2857 0.910544
0.2858 0.910246
0.2859 0.910617
0.286 0.910842
0.2861 0.910973
0.2862 0.910439
0.2863 0.910992
0.2864 0.911839
0.2865 0.911997
0.2866 0.911998
0.2867 0.91218
0.2868 0.912646
0.2869 0.913129
0.287 0.913694
0.2871 0.914307
0.2872 0.914504
0.2873 0.914935
0.2874 0.915318
0.2875 0.915695
0.2876 0.91603
0.2877 0.916388
0.2878 0.916472
0.2879 0.916908
0.288 0.917043
0.2881 0.917071
0.2882 0.917036
0.2883 0.917302
0.2884 0.917565
0.2885 0.917551
0.2886 0.918046
0.2887 0.918471
0.2888 0.918907
0.2889 0.919348
0.289 0.919809
0.2891 0.920259
0.2892 0.920782
0.2893 0.921316
0.2894 0.92104
0.2895 0.921099
0.2896 0.921458
0.2897 0.922513
0.2898 0.922966
0.2899 0.923131
0.29 0.923698
0.2901 0.923923
0.2902 0.923985
0.2903 0.924345
0.2904 0.9245
0.2905 0.924535
0.2906 0.924697
0.2907 0.924737
0.2908 0.924781
0.2909 0.925688
0.291 0.926117
0.2911 0.926531
0.2912 0.927164
0.2913 0.927385
0.2914 0.927592
0.2915 0.928563
0.2916 0.929016
0.2917 0.929375
0.2918 0.929574
0.2919 0.929808
0.292 0.929958
0.2921 0.929827
0.2922 0.929585
0.2923 0.930241
0.2924 0.930628
0.2925 0.930849
0.2926 0.931206
0.2927 0.930954
0.2928 0.931114
0.2929 0.931372
0.293 0.931718
0.2931 0.932281
0.2932 0.93236
0.2933 0.932978
0.2934 0.933292
0.2935 0.93356
0.2936 0.933949
0.2937 0.934439
0.2938 0.934693
0.2939 0.935023
0.294 0.935546
0.2941 0.935891
0.2942 0.936493
0.2943 0.936501
0.2944 0.936761
0.2945 0.937207
0.2946 0.937717
0.2947 0.938159
0.2948 0.938499
0.2949 0.938416
0.295 0.938735
0.2951 0.939113
0.2952 0.93917
0.2953 0.939934
0.2954 0.940066
0.2955 0.94009
0.2956 0.940586
0.2957 0.940774
0.2958 0.94142
0.2959 0.942035
0.296 0.942274
0.2961 0.942571
0.2962 0.943027
0.2963 0.943087
0.2964 0.943153
0.2965 0.94343
0.2966 0.943847
0.2967 0.943941
0.2968 0.944267
0.2969 0.944317
0.297 0.944569
0.2971 0.945103
0.2972 0.945393
0.2973 0.945398
0.2974 0.945332
0.2975 0.94581
0.2976 0.946135
0.2977 0.946431
0.2978 0.946739
0.2979 0.946951
0.298 0.94739
0.2981 0.947642
0.2982 0.948084
0.2983 0.948205
0.2984 0.948633
0.2985 0.949192
0.2986 0.949215
0.2987 0.949715
0.2988 0.95072
0.2989 0.95078
0.299 0.950882
0.2991 0.95109
0.2992 0.951207
0.2993 0.951929
0.2994 0.952336
0.2995 0.952783
0.2996 0.953456
0.2997 0.953633
0.2998 0.953951
0.2999 0.954212
0.3 0.954549
0.3001 0.954953
0.3002 0.955116
0.3003 0.955535
0.3004 0.955454
0.3005 0.956001
0.3006 0.956099
0.3007 0.956189
0.3008 0.956154
0.3009 0.956386
0.301 0.956618
0.3011 0.957332
0.3012 0.95763
0.3013 0.958353
0.3014 0.958918
0.3015 0.959061
0.3016 0.959404
0.3017 0.95973
0.3018 0.959892
0.3019 0.960647
0.302 0.960907
0.3021 0.961223
0.3022 0.96183
0.3023 0.962016
0.3024 0.962596
0.3025 0.962837
0.3026 0.963727
0.3027 0.964279
0.3028 0.963985
0.3029 0.96441
0.303 0.964622
0.3031 0.964674
0.3032 0.964617
0.3033 0.964403
0.3034 0.96483
0.3035 0.965451
0.3036 0.965854
0.3037 0.966334
0.3038 0.966562
0.3039 0.967029
0.304 0.967537
0.3041 0.96865
0.3042 0.968729
0.3043 0.96918
0.3044 0.969598
0.3045 0.969933
0.3046 0.969051
0.3047 0.969831
0.3048 0.971075
0.3049 0.971129
0.305 0.971421
0.3051 0.971574
0.3052 0.972086
0.3053 0.972229
0.3054 0.972412
0.3055 0.972671
0.3056 0.972845
0.3057 0.973159
0.3058 0.973461
0.3059 0.97375
0.306 0.974446
0.3061 0.97464
0.3062 0.974579
0.3063 0.974694
0.3064 0.974823
0.3065 0.975207
0.3066 0.975387
0.3067 0.975636
0.3068 0.975808
0.3069 0.976443
0.307 0.97632
0.3071 0.977042
0.3072 0.977252
0.3073 0.977477
0.3074 0.977904
0.3075 0.978873
0.3076 0.979555
0.3077 0.980203
0.3078 0.980359
0.3079 0.980584
0.308 0.981066
0.3081 0.98142
0.3082 0.981696
0.3083 0.982037
0.3084 0.982572
0.3085 0.982694
0.3086 0.982748
0.3087 0.983311
0.3088 0.983869
0.3089 0.983837
0.309 0.984643
0.3091 0.984855
0.3092 0.985001
0.3093 0.985761
0.3094 0.986145
0.3095 0.985881
0.3096 0.986263
0.3097 0.987195
0.3098 0.987052
0.3099 0.987591
0.31 0.988277
0.3101 0.988948
0.3102 0.989849
0.3103 0.99024
0.3104 0.990459
0.3105 0.990644
0.3106 0.991003
0.3107 0.990971
0.3108 0.991434
0.3109 0.991662
0.311 0.991849
0.3111 0.992199
0.3112 0.992546
0.3113 0.99248
0.3114 0.993137
0.3115 0.99304
0.3116 0.993462
0.3117 0.993729
0.3118 0.993908
0.3119 0.993956
0.312 0.99439
0.3121 0.994399
0.3122 0.994793
0.3123 0.99552
0.3124 0.995594
0.3125 0.995465
0.3126 0.995817
0.3127 0.996055
0.3128 0.996437
0.3129 0.996813
0.313 0.997248
0.3131 0.99779
0.3132 0.998492
0.3133 0.998921
0.3134 0.999529
0.3135 0.999711
0.3136 0.99959
0.3137 0.999772
0.3138 0.999737
0.3139 1.00012
0.314 1.00019
0.3141 1.00029
0.3142 1.00035
0.3143 1.00062
0.3144 1.00104
0.3145 1.00101
0.3146 1.00108
0.3147 1.00101
0.3148 1.00147
0.3149 1.00181
0.315 1.00194
0.3151 1.00211
0.3152 1.00286
0.3153 1.00305
0.3154 1.00372
0.3155 1.00363
0.3156 1.00338
0.3157 1.00325
0.3158 1.00365
0.3159 1.00432
0.316 1.00459
0.3161 1.00508
0.3162 1.00524
0.3163 1.00584
0.3164 1.00624
0.3165 1.00682
0.3166 1.00751
0.3167 1.00809
0.3168 1.00855
0.3169 1.00899
0.317 1.00912
0.3171 1.00966
0.3172 1.00982
0.3173 1.01014
0.3174 1.01037
0.3175 1.01096
0.3176 1.01143
0.3177 1.01111
0.3178 1.01166
0.3179 1.01205
0.318 1.01211
0.3181 1.01304
0.3182 1.01265
0.3183 1.01321
0.3184 1.01346
0.3185 1.01439
0.3186 1.01479
0.3187 1.01491
0.3188 1.01495
0.3189 1.0148
0.319 1.01524
0.3191 1.01523
0.3192 1.01572
0.3193 1.01565
0.3194 1.01617
0.3195 1.01654
0.3196 1.01669
0.3197 1.01712
0.3198 1.01742
0.3199 1.01744
0.32 1.01806
0.3201 1.01794
0.3202 1.01803
0.3203 1.01828
0.3204 1.01817
0.3205 1.01806
0.3206 1.01828
0.3207 1.019
0.3208 1.019
0.3209 1.01976
0.321 1.02002
0.3211 1.02037
0.3212 1.02043
0.3213 1.02076
0.3214 1.02111
0.3215 1.02132
0.3216 1.0218
0.3217 1.02179
0.3218 1.02202
0.3219 1.02248
0.322 1.02258
0.3221 1.02324
0.3222 1.0236
0.3223 1.02377
0.3224 1.02441
0.3225 1.02393
0.3226 1.0244
0.3227 1.02445
0.3228 1.02447
0.3229 1.0248
0.323 1.02545
0.3231 1.02564
0.3232 1.02591
0.3233 1.02645
0.3234 1.02693
0.3235 1.02745
0.3236 1.02789
0.3237 1.02781
0.3238 1.028
0.3239 1.02851
0.324 1.02899
0.3241 1.02892
0.3242 1.0293
0.3243 1.02922
0.3244 1.0295
0.3245 1.02963
0.3246 1.03018
0.3247 1.03017
0.3248 1.03024
0.3249 1.0304
0.325 1.03073
0.3251 1.0311
0.3252 1.03131
0.3253 1.03146
0.3254 1.03227
0.3255 1.03284
0.3256 1.03308
0.3257 1.03401
0.3258 1.03466
0.3259 1.03526
0.326 1.03613
0.3261 1.0365
0.3262 1.03646
0.3263 1.03699
0.3264 1.03713
0.3265 1.03757
0.3266 1.03819
0.3267 1.03864
0.3268 1.03899
0.3269 1.03901
0.327 1.03901
0.3271 1.03906
0.3272 1.03931
0.3273 1.03988
0.3274 1.0401
0.3275 1.04031
0.3276 1.04085
0.3277 1.04091
0.3278 1.04188
0.3279 1.04211
0.328 1.04193
0.3281 1.04261
0.3282 1.04269
0.3283 1.04275
0.3284 1.04315
0.3285 1.04298
0.3286 1.04331
0.3287 1.04361
0.3288 1.0441
0.3289 1.04478
0.329 1.04551
0.3291 1.04579
0.3292 1.04594
0.3293 1.04628
0.3294 1.04731
0.3295 1.04739
0.3296 1.04762
0.3297 1.04825
0.3298 1.04851
0.3299 1.04904
0.33 1.04992
0.3301 1.05066
0.3302 1.05079
0.3303 1.05075
0.3304 1.05086
0.3305 1.05095
0.3306 1.05122
0.3307 1.05167
0.3308 1.05226
0.3309 1.05242
0.331 1.05229
0.3311 1.05197
0.3312 1.05215
0.3313 1.05191
0.3314 1.05225
0.3315 1.05288
0.3316 1.05303
0.3317 1.05307
0.3318 1.05294
0.3319 1.05316
0.332 1.05362
0.3321 1.05408
0.3322 1.05478
0.3323 1.05511
0.3324 1.05593
0.3325 1.05609
0.3326 1.05597
0.3327 1.05585
0.3328 1.05654
0.3329 1.05661
0.333 1.05706
0.3331 1.05735
0.3332 1.0573
0.3333 1.05752
0.3334 1.05771
0.3335 1.05804
0.3336 1.05832
0.3337 1.05841
0.3338 1.05886
0.3339 1.05875
0.334 1.05877
0.3341 1.05929
0.3342 1.05985
0.3343 1.0605
0.3344 1.06063
0.3345 1.06079
0.3346 1.06108
0.3347 1.06065
0.3348 1.06091
0.3349 1.06153
0.335 1.0619
0.3351 1.06218
0.3352 1.06248
0.3353 1.06268
0.3354 1.06326
0.3355 1.06348
0.3356 1.06369
0.3357 1.06451
0.3358 1.06468
0.3359 1.06527
0.336 1.06585
0.3361 1.06623
0.3362 1.06646
0.3363 1.06656
0.3364 1.06679
0.3365 1.06739
0.3366 1.06793
0.3367 1.06789
0.3368 1.06834
0.3369 1.06878
0.337 1.06896
0.3371 1.06909
0.3372 1.06924
0.3373 1.06924
0.3374 1.06945
0.3375 1.06966
0.3376 1.07011
0.3377 1.07039
0.3378 1.07045
0.3379 1.0704
0.338 1.0709
0.3381 1.07162
0.3382 1.07209
0.3383 1.07262
0.3384 1.07297
0.3385 1.07307
0.3386 1.07303
0.3387 1.07349
0.3388 1.07386
0.3389 1.07383
0.339 1.07476
0.3391 1.07536
0.3392 1.0754
0.3393 1.07507
0.3394 1.0756
0.3395 1.07518
0.3396 1.0756
0.3397 1.07598
0.3398 1.07653
0.3399 1.0767
0.34 1.07703
0.3401 1.07754
0.3402 1.07821
0.3403 1.0784
0.3404 1.07895
0.3405 1.07917
0.3406 1.07972
0.3407 1.07956
0.3408 1.07971
0.3409 1.07975
0.341 1.08014
0.3411 1.08004
0.3412 1.08057
0.3413 1.08092
0.3414 1.08193
0.3415 1.08238
0.3416 1.08251
0.3417 1.08288
0.3418 1.08341
0.3419 1.08318
0.342 1.08334
0.3421 1.0835
0.3422 1.08363
0.3423 1.08406
0.3424 1.08396
0.3425 1.08406
0.3426 1.08453
0.3427 1.08459
0.3428 1.08466
0.3429 1.08526
0.343 1.08544
0.3431 1.08564
0.3432 1.08541
0.3433 1.08573
0.3434 1.08639
0.3435 1.08648
0.3436 1.08689
0.3437 1.08706
0.3438 1.08728
0.3439 1.08741
0.344 1.08725
0.3441 1.0871
0.3442 1.08702
0.3443 1.08697
0.3444 1.08697
0.3445 1.087
0.3446 1.08729
0.3447 1.08714
0.3448 1.08731
0.3449 1.08779
0.345 1.08762
0.3451 1.0879
0.3452 1.08783
0.3453 1.08833
0.3454 1.08846
0.3455 1.08851
0.3456 1.08862
0.3457 1.08852
0.3458 1.08879
0.3459 1.08883
0.346 1.08918
0.3461 1.08918
0.3462 1.08964
0.3463 1.08997
0.3464 1.09036
0.3465 1.09044
0.3466 1.09079
0.3467 1.09101
0.3468 1.0914
0.3469 1.0922
0.347 1.09272
0.3471 1.09286
0.3472 1.09303
0.3473 1.09333
0.3474 1.09356
0.3475 1.09402
0.3476 1.09425
0.3477 1.09413
0.3478 1.09432
0.3479 1.09468
0.348 1.09574
0.3481 1.09634
0.3482 1.09674
0.3483 1.09684
0.3484 1.09722
0.3485 1.09743
0.3486 1.09807
0.3487 1.09795
0.3488 1.09821
0.3489 1.09868
0.349 1.09887
0.3491 1.09906
0.3492 1.09927
0.3493 1.09955
0.3494 1.09945
0.3495 1.09975
0.3496 1.09965
0.3497 1.09959
0.3498 1.09983
0.3499 1.09996
0.35 1.10043
0.3501 1.10102
0.3502 1.10171
0.3503 1.10229
0.3504 1.10246
0.3505 1.1029
0.3506 1.10296
0.3507 1.10314
0.3508 1.10319
0.3509 1.10343
0.351 1.10364
0.3511 1.10377
0.3512 1.10398
0.3513 1.10471
0.3514 1.10506
0.3515 1.10531
0.3516 1.10548
0.3517 1.10586
0.3518 1.10616
0.3519 1.10597
0.352 1.10653
0.3521 1.10699
0.3522 1.10679
0.3523 1.10745
0.3524 1.10795
0.3525 1.10813
0.3526 1.10859
0.3527 1.10873
0.3528 1.10907
0.3529 1.10902
0.353 1.10888
0.3531 1.10943
0.3532 1.10937
0.3533 1.10988
0.3534 1.1102
0.3535 1.11058
0.3536 1.11019
0.3537 1.11082
0.3538 1.11081
0.3539 1.11097
0.354 1.11106
0.3541 1.11152
0.3542 1.1118
0.3543 1.11237
0.3544 1.11245
0.3545 1.11289
0.3546 1.11315
0.3547 1.11312
0.3548 1.11357
0.3549 1.11394
0.355 1.11405
0.3551 1.11399
0.3552 1.11449
0.3553 1.11449
0.3554 1.11501
0.3555 1.1154
0.3556 1.11567
0.3557 1.11604
0.3558 1.11637
0.3559 1.11659
0.356 1.11715
0.3561 1.11722
0.3562 1.1173
0.3563 1.11753
0.3564 1.11791
0.3565 1.1178
0.3566 1.11832
0.3567 1.11873
0.3568 1.11869
0.3569 1.1196
0.357 1.1196
0.3571 1.12001
0.3572 1.1206
0.3573 1.12142
0.3574 1.12189
0.3575 1.12246
0.3576 1.12265
0.3577 1.12314
0.3578 1.12342
0.3579 1.12328
0.358 1.12383
0.3581 1.12435
0.3582 1.12455
0.3583 1.12467
0.3584 1.1246
0.3585 1.12508
0.3586 1.12554
0.3587 1.12591
0.3588 1.12652
0.3589 1.12667
0.359 1.12686
0.3591 1.1272
0.3592 1.12752
0.3593 1.1284
0.3594 1.12853
0.3595 1.1284
0.3596 1.12879
0.3597 1.12842
0.3598 1.12815
0.3599 1.12798
0.36 1.12845
0.3601 1.12903
0.3602 1.12991
0.3603 1.13024
0.3604 1.13042
0.3605 1.13142
0.3606 1.13139
0.3607 1.13161
0.3608 1.13205
0.3609 1.13236
0.361 1.13279
0.3611 1.13358
0.3612 1.13454
0.3613 1.13478
0.3614 1.13519
0.3615 1.13523
0.3616 1.1356
0.3617 1.13654
0.3618 1.13675
0.3619 1.13686
0.362 1.13722
0.3621 1.13796
0.3622 1.13836
0.3623 1.13836
0.3624 1.13883
0.3625 1.13906
0.3626 1.13948
0.3627 1.1399
0.3628 1.14016
0.3629 1.14057
0.363 1.1404
0.3631 1.14109
0.3632 1.1415
0.3633 1.14148
0.3634 1.14254
0.3635 1.143
0.3636 1.14364
0.3637 1.14408
0.3638 1.14473
0.3639 1.1449
0.364 1.14513
0.3641 1.14525
0.3642 1.14532
0.3643 1.14587
0.3644 1.14614
0.3645 1.14644
0.3646 1.14699
0.3647 1.14731
0.3648 1.14726
0.3649 1.14779
0.365 1.14778
0.3651 1.14772
0.3652 1.14783
0.3653 1.14801
0.3654 1.14833
0.3655 1.14824
0.3656 1.1488
0.3657 1.14947
0.3658 1.1496
0.3659 1.15006
0.366 1.15043
0.3661 1.15052
0.3662 1.15093
0.3663 1.1516
0.3664 1.1516
0.3665 1.15197
0.3666 1.15236
0.3667 1.152
0.3668 1.15203
0.3669 1.15211
0.367 1.15258
0.3671 1.15277
0.3672 1.15324
0.3673 1.15371
0.3674 1.15371
0.3675 1.1541
0.3676 1.15508
0.3677 1.15551
0.3678 1.15621
0.3679 1.15721
0.368 1.15799
0.3681 1.15832
0.3682 1.15857
0.3683 1.15873
0.3684 1.15934
0.3685 1.15948
0.3686 1.15969
0.3687 1.16046
0.3688 1.1609
0.3689 1.16166
0.369 1.16226
0.3691 1.16253
0.3692 1.16224
0.3693 1.16337
0.3694 1.16394
0.3695 1.16427
0.3696 1.16512
0.3697 1.16599
0.3698 1.16668
0.3699 1.16674
0.37 1.16683
0.3701 1.16708
0.3702 1.16738
0.3703 1.16771
0.3704 1.16749
0.3705 1.16821
0.3706 1.16904
0.3707 1.16953
0.3708 1.17006
0.3709 1.17114
0.371 1.17187
0.3711 1.17207
0.3712 1.1725
0.3713 1.17283
0.3714 1.17295
0.3715 1.17288
0.3716 1.17284
0.3717 1.17311
0.3718 1.17322
0.3719 1.17391
0.372 1.17429
0.3721 1.17448
0.3722 1.17483
0.3723 1.1749
0.3724 1.17493
0.3725 1.17502
0.3726 1.17554
0.3727 1.17572
0.3728 1.17565
0.3729 1.17656
0.373 1.17716
0.3731 1.17733
0.3732 1.17772
0.3733 1.17777
0.3734 1.178
0.3735 1.17834
0.3736 1.17851
0.3737 1.17873
0.3738 1.17899
0.3739 1.17921
0.374 1.17962
0.3741 1.18054
0.3742 1.18075
0.3743 1.18137
0.3744 1.18215
0.3745 1.18257
0.3746 1.18292
0.3747 1.18312
0.3748 1.18346
0.3749 1.18393
0.375 1.18412
0.3751 1.18471
0.3752 1.1846
0.3753 1.18428
0.3754 1.18494
0.3755 1.18534
0.3756 1.18567
0.3757 1.18538
0.3758 1.1856
0.3759 1.1858
0.376 1.18571
0.3761 1.18628
0.3762 1.18634
0.3763 1.1869
0.3764 1.18739
0.3765 1.18683
0.3766 1.1871
0.3767 1.18676
0.3768 1.18746
0.3769 1.18812
0.377 1.1887
0.3771 1.18932
0.3772 1.18974
0.3773 1.19012
0.3774 1.19029
0.3775 1.19052
0.3776 1.19094
0.3777 1.19121
0.3778 1.19132
0.3779 1.19188
0.378 1.19272
0.3781 1.19311
0.3782 1.19327
0.3783 1.19353
0.3784 1.19356
0.3785 1.1937
0.3786 1.19441
0.3787 1.19474
0.3788 1.19497
0.3789 1.19564
0.379 1.19571
0.3791 1.1958
0.3792 1.19665
0.3793 1.19676
0.3794 1.19733
0.3795 1.19737
0.3796 1.1977
0.3797 1.19779
0.3798 1.19816
0.3799 1.19849
0.38 1.19897
0.3801 1.19927
0.3802 1.19958
0.3803 1.20003
0.3804 1.20088
0.3805 1.20124
0.3806 1.20162
0.3807 1.20218
0.3808 1.20281
0.3809 1.20301
0.381 1.20334
0.3811 1.20341
0.3812 1.20324
0.3813 1.20366
0.3814 1.20431
0.3815 1.20481
0.3816 1.2051
0.3817 1.20494
0.3818 1.20503
0.3819 1.20577
0.382 1.20657
0.3821 1.20676
0.3822 1.207
0.3823 1.2076
0.3824 1.20785
0.3825 1.2079
0.3826 1.20808
0.3827 1.20845
0.3828 1.20896
0.3829 1.20905
0.383 1.20975
0.3831 1.20916
0.3832 1.20904
0.3833 1.20948
0.3834 1.21003
0.3835 1.20996
0.3836 1.21023
0.3837 1.21084
0.3838 1.21103
0.3839 1.21108
0.384 1.21159
0.3841 1.21165
0.3842 1.21161
0.3843 1.21146
0.3844 1.21152
0.3845 1.21236
0.3846 1.21226
0.3847 1.21217
0.3848 1.21289
0.3849 1.21316
0.385 1.21343
0.3851 1.21314
0.3852 1.21326
0.3853 1.21377
0.3854 1.21412
0.3855 1.21498
0.3856 1.21549
0.3857 1.21541
0.3858 1.21579
0.3859 1.21579
0.386 1.21631
0.3861 1.21636
0.3862 1.2167
0.3863 1.21702
0.3864 1.2174
0.3865 1.21726
0.3866 1.21734
0.3867 1.21764
0.3868 1.21801
0.3869 1.21809
0.387 1.21792
0.3871 1.21834
0.3872 1.21882
0.3873 1.21895
0.3874 1.219
0.3875 1.21932
0.3876 1.21959
0.3877 1.21936
0.3878 1.22001
0.3879 1.22041
0.388 1.22048
0.3881 1.22091
0.3882 1.22158
0.3883 1.22204
0.3884 1.22264
0.3885 1.22279
0.3886 1.2231
0.3887 1.22339
0.3888 1.22355
0.3889 1.2241
0.389 1.22491
0.3891 1.22528
0.3892 1.22551
0.3893 1.22658
0.3894 1.22645
0.3895 1.22629
0.3896 1.2268
0.3897 1.22767
0.3898 1.22811
0.3899 1.2282
0.39 1.22864
0.3901 1.22813
0.3902 1.22807
0.3903 1.22839
0.3904 1.22831
0.3905 1.22836
0.3906 1.22805
0.3907 1.22818
0.3908 1.22876
0.3909 1.22907
0.391 1.2292
0.3911 1.22945
0.3912 1.22993
0.3913 1.23011
0.3914 1.2304
0.3915 1.23024
0.3916 1.23044
0.3917 1.23119
0.3918 1.23168
0.3919 1.23198
0.392 1.23197
0.3921 1.2324
0.3922 1.23254
0.3923 1.23334
0.3924 1.23378
0.3925 1.23397
0.3926 1.23424
0.3927 1.23449
0.3928 1.23494
0.3929 1.23472
0.393 1.23492
0.3931 1.235
0.3932 1.23564
0.3933 1.2358
0.3934 1.23593
0.3935 1.23588
0.3936 1.23626
0.3937 1.23698
0.3938 1.23752
0.3939 1.23734
0.394 1.23809
0.3941 1.23846
0.3942 1.23871
0.3943 1.23943
0.3944 1.24006
0.3945 1.24035
0.3946 1.2409
0.3947 1.24115
0.3948 1.2412
0.3949 1.24166
0.395 1.24172
0.3951 1.24223
0.3952 1.24213
0.3953 1.24197
0.3954 1.24206
0.3955 1.24275
0.3956 1.24316
0.3957 1.24379
0.3958 1.244
0.3959 1.24447
0.396 1.24429
0.3961 1.24508
0.3962 1.2454
0.3963 1.24614
0.3964 1.24651
0.3965 1.24645
0.3966 1.24617
0.3967 1.24646
0.3968 1.24653
0.3969 1.247
0.397 1.24701
0.3971 1.24692
0.3972 1.24749
0.3973 1.24706
0.3974 1.24746
0.3975 1.24735
0.3976 1.24788
0.3977 1.24769
0.3978 1.24786
0.3979 1.24792
0.398 1.24789
0.3981 1.24762
0.3982 1.24771
0.3983 1.24786
0.3984 1.2482
0.3985 1.24861
0.3986 1.24927
0.3987 1.24956
0.3988 1.24987
0.3989 1.2505
0.399 1.25072
0.3991 1.2509
0.3992 1.25113
0.3993 1.25206
0.3994 1.25277
0.3995 1.25266
0.3996 1.25283
0.3997 1.25274
0.3998 1.25294
0.3999 1.25315
0.4 1.25294
0.4001 1.25389
0.4002 1.25437
0.4003 1.25375
0.4004 1.25388
0.4005 1.25364
0.4006 1.25418
0.4007 1.25409
0.4008 1.25452
0.4009 1.25432
0.401 1.25481
0.4011 1.25472
0.4012 1.25517
0.4013 1.25513
0.4014 1.25534
0.4015 1.25513
0.4016 1.25548
0.4017 1.25554
0.4018 1.25587
0.4019 1.25596
0.402 1.25599
0.4021 1.25613
0.4022 1.25636
0.4023 1.25655
0.4024 1.25666
0.4025 1.25665
0.4026 1.25729
0.4027 1.25749
0.4028 1.25763
0.4029 1.25756
0.403 1.25776
0.4031 1.25754
0.4032 1.25785
0.4033 1.25828
0.4034 1.25893
0.4035 1.25928
0.4036 1.25986
0.4037 1.26001
0.4038 1.25999
0.4039 1.26057
0.404 1.26091
0.4041 1.26068
0.4042 1.26106
0.4043 1.26058
0.4044 1.26099
0.4045 1.26154
0.4046 1.26248
0.4047 1.26264
0.4048 1.26235
0.4049 1.26225
0.405 1.26239
0.4051 1.2629
0.4052 1.26367
0.4053 1.26377
0.4054 1.26449
0.4055 1.26516
0.4056 1.26539
0.4057 1.26545
0.4058 1.26579
0.4059 1.26564
0.406 1.26596
0.4061 1.26657
0.4062 1.26675
0.4063 1.26736
0.4064 1.26772
0.4065 1.26801
0.4066 1.26853
0.4067 1.26869
0.4068 1.26927
0.4069 1.26942
0.407 1.26941
0.4071 1.26945
0.4072 1.27002
0.4073 1.27027
0.4074 1.27108
0.4075 1.27131
0.4076 1.27184
0.4077 1.27244
0.4078 1.27271
0.4079 1.27285
0.408 1.27295
0.4081 1.27357
0.4082 1.27347
0.4083 1.27365
0.4084 1.274
0.4085 1.27444
0.4086 1.27438
0.4087 1.27446
0.4088 1.27455
0.4089 1.27504
0.409 1.2752
0.4091 1.27535
0.4092 1.27602
0.4093 1.27603
0.4094 1.27627
0.4095 1.27657
0.4096 1.27674
0.4097 1.27726
0.4098 1.27677
0.4099 1.27706
0.41 1.2775
0.4101 1.27821
0.4102 1.27786
0.4103 1.27819
0.4104 1.27839
0.4105 1.27845
0.4106 1.27894
0.4107 1.27922
0.4108 1.2793
0.4109 1.2796
0.411 1.28007
0.4111 1.28121
0.4112 1.28199
0.4113 1.28247
0.4114 1.28276
0.4115 1.2831
0.4116 1.28349
0.4117 1.28339
0.4118 1.28421
0.4119 1.2847
0.412 1.28541
0.4121 1.28602
0.4122 1.28639
0.4123 1.28615
0.4124 1.28675
0.4125 1.28658
0.4126 1.28682
0.4127 1.2871
0.4128 1.28743
0.4129 1.28723
0.413 1.28738
0.4131 1.28767
0.4132 1.2881
0.4133 1.28851
0.4134 1.28846
0.4135 1.28902
0.4136 1.29005
0.4137 1.29005
0.4138 1.29029
0.4139 1.29131
0.414 1.29156
0.4141 1.29172
0.4142 1.29254
0.4143 1.29321
0.4144 1.29336
0.4145 1.29308
0.4146 1.29338
0.4147 1.29374
0.4148 1.29445
0.4149 1.29455
0.415 1.29441
0.4151 1.2947
0.4152 1.29455
0.4153 1.29492
0.4154 1.29557
0.4155 1.29568
0.4156 1.29614
0.4157 1.29667
0.4158 1.29693
0.4159 1.29725
0.416 1.29761
0.4161 1.29801
0.4162 1.29889
0.4163 1.29918
0.4164 1.29925
0.4165 1.29958
0.4166 1.29984
0.4167 1.30005
0.4168 1.30068
0.4169 1.30035
0.417 1.30094
0.4171 1.30096
0.4172 1.30108
0.4173 1.30138
0.4174 1.30175
0.4175 1.30239
0.4176 1.30275
0.4177 1.30321
0.4178 1.30341
0.4179 1.30416
0.418 1.30435
0.4181 1.30496
0.4182 1.305
0.4183 1.30468
0.4184 1.30493
0.4185 1.30537
0.4186 1.30552
0.4187 1.30575
0.4188 1.30559
0.4189 1.30588
0.419 1.30587
0.4191 1.30627
0.4192 1.30674
0.4193 1.30688
0.4194 1.30754
0.4195 1.30833
0.4196 1.30871
0.4197 1.30906
0.4198 1.30943
0.4199 1.30992
0.42 1.31015
0.4201 1.30964
0.4202 1.31037
0.4203 1.31065
0.4204 1.31045
0.4205 1.31045
0.4206 1.31112
0.4207 1.31174
0.4208 1.31181
0.4209 1.31163
0.421 1.3121
0.4211 1.31236
0.4212 1.31257
0.4213 1.31291
0.4214 1.31334
0.4215 1.31363
0.4216 1.3136
0.4217 1.31368
0.4218 1.31392
0.4219 1.31388
0.422 1.31411
0.4221 1.31433
0.4222 1.31518
0.4223 1.31503
0.4224 1.31549
0.4225 1.31579
0.4226 1.31625
0.4227 1.31671
0.4228 1.31671
0.4229 1.31694
0.423 1.31749
0.4231 1.31832
0.4232 1.31878
0.4233 1.31931
0.4234 1.31926
0.4235 1.31904
0.4236 1.31951
0.4237 1.31993
0.4238 1.31994
0.4239 1.31992
0.424 1.31995
0.4241 1.3201
0.4242 1.32042
0.4243 1.32081
0.4244 1.32109
0.4245 1.32127
0.4246 1.32142
0.4247 1.3214
0.4248 1.32084
0.4249 1.32143
0.425 1.32144
0.4251 1.32159
0.4252 1.32188
0.4253 1.32215
0.4254 1.3225
0.4255 1.32263
0.4256 1.3226
0.4257 1.32282
0.4258 1.32263
0.4259 1.32331
0.426 1.32356
0.4261 1.32371
0.4262 1.32422
0.4263 1.32418
0.4264 1.32437
0.4265 1.32483
0.4266 1.32521
0.4267 1.32552
0.4268 1.32579
0.4269 1.32612
0.427 1.32638
0.4271 1.32679
0.4272 1.32659
0.4273 1.32673
0.4274 1.32696
0.4275 1.32739
0.4276 1.32786
0.4277 1.32803
0.4278 1.32835
0.4279 1.32818
0.428 1.32822
0.4281 1.32801
0.4282 1.32824
0.4283 1.32823
0.4284 1.32821
0.4285 1.32855
0.4286 1.32845
0.4287 1.3286
0.4288 1.32888
0.4289 1.32943
0.429 1.33007
0.4291 1.33016
0.4292 1.33017
0.4293 1.32996
0.4294 1.33057
0.4295 1.3305
0.4296 1.33118
0.4297 1.33175
0.4298 1.33215
0.4299 1.33209
0.43 1.33257
0.4301 1.33269
0.4302 1.33278
0.4303 1.33308
0.4304 1.3333
0.4305 1.33283
0.4306 1.33371
0.4307 1.33391
0.4308 1.33419
0.4309 1.33487
0.431 1.33457
0.4311 1.33517
0.4312 1.33548
0.4313 1.33645
0.4314 1.33605
0.4315 1.33667
0.4316 1.33692
0.4317 1.33732
0.4318 1.33747
0.4319 1.33735
0.432 1.33762
0.4321 1.33781
0.4322 1.33727
0.4323 1.33716
0.4324 1.33716
0.4325 1.33755
0.4326 1.33789
0.4327 1.33785
0.4328 1.3385
0.4329 1.33908
0.433 1.3391
0.4331 1.33945
0.4332 1.33995
0.4333 1.34023
0.4334 1.34039
0.4335 1.34112
0.4336 1.34094
0.4337 1.34047
0.4338 1.34086
0.4339 1.34135
0.434 1.34203
0.4341 1.34215
0.4342 1.34218
0.4343 1.34179
0.4344 1.34216
0.4345 1.34254
0.4346 1.34295
0.4347 1.34293
0.4348 1.34321
0.4349 1.34338
0.435 1.34349
0.4351 1.34362
0.4352 1.34391
0.4353 1.34469
0.4354 1.34557
0.4355 1.34616
0.4356 1.34644
0.4357 1.3472
0.4358 1.34723
0.4359 1.34718
0.436 1.34696
0.4361 1.34681
0.4362 1.34694
0.4363 1.34699
0.4364 1.34764
0.4365 1.34818
0.4366 1.34857
0.4367 1.34847
0.4368 1.34944
0.4369 1.34976
0.437 1.35026
0.4371 1.35019
0.4372 1.35085
0.4373 1.35084
0.4374 1.35113
0.4375 1.35114
0.4376 1.35117
0.4377 1.35124
0.4378 1.35147
0.4379 1.35164
0.438 1.35189
0.4381 1.35185
0.4382 1.35156
0.4383 1.35148
0.4384 1.35167
0.4385 1.35178
0.4386 1.3516
0.4387 1.35169
0.4388 1.35233
0.4389 1.35256
0.439 1.35325
0.4391 1.35371
0.4392 1.35351
0.4393 1.35373
0.4394 1.35426
0.4395 1.3545
0.4396 1.35484
0.4397 1.35512
0.4398 1.35546
0.4399 1.35617
0.44 1.35653
0.4401 1.35708
0.4402 1.35727
0.4403 1.35729
0.4404 1.35757
0.4405 1.35767
0.4406 1.35799
0.4407 1.35868
0.4408 1.35881
0.4409 1.35922
0.441 1.35955
0.4411 1.36013
0.4412 1.36112
0.4413 1.36152
0.4414 1.36143
0.4415 1.3612
0.4416 1.36162
0.4417 1.36246
0.4418 1.36276
0.4419 1.36314
0.442 1.36367
0.4421 1.36365
0.4422 1.3639
0.4423 1.36415
0.4424 1.36449
0.4425 1.36501
0.4426 1.36494
0.4427 1.36512
0.4428 1.36582
0.4429 1.36598
0.443 1.36563
0.4431 1.36572
0.4432 1.36578
0.4433 1.3661
0.4434 1.36643
0.4435 1.36681
0.4436 1.36758
0.4437 1.36818
0.4438 1.36851
0.4439 1.36861
0.444 1.36878
0.4441 1.36908
0.4442 1.36944
0.4443 1.36992
0.4444 1.37024
0.4445 1.37053
0.4446 1.37067
0.4447 1.37109
0.4448 1.37182
0.4449 1.37186
0.445 1.37226
0.4451 1.3729
0.4452 1.37278
0.4453 1.37329
0.4454 1.37358
0.4455 1.37397
0.4456 1.37443
0.4457 1.3749
0.4458 1.37504
0.4459 1.37539
0.446 1.37574
0.4461 1.37621
0.4462 1.37632
0.4463 1.37657
0.4464 1.37764
0.4465 1.37789
0.4466 1.37846
0.4467 1.37888
0.4468 1.37934
0.4469 1.38019
0.447 1.38028
0.4471 1.38095
0.4472 1.3816
0.4473 1.38182
0.4474 1.38235
0.4475 1.38281
0.4476 1.38317
0.4477 1.38321
0.4478 1.38334
0.4479 1.38336
0.448 1.38353
0.4481 1.38397
0.4482 1.3841
0.4483 1.38452
0.4484 1.38461
0.4485 1.38466
0.4486 1.38499
0.4487 1.38501
0.4488 1.3855
0.4489 1.38589
0.449 1.38642
0.4491 1.38673
0.4492 1.38699
0.4493 1.38724
0.4494 1.38719
0.4495 1.3874
0.4496 1.38728
0.4497 1.38812
0.4498 1.38843
0.4499 1.38877
0.45 1.38872
0.4501 1.38854
0.4502 1.38899
0.4503 1.38937
0.4504 1.38941
0.4505 1.38957
0.4506 1.38935
0.4507 1.39057
0.4508 1.38979
0.4509 1.39014
0.451 1.39081
0.4511 1.39127
0.4512 1.39153
0.4513 1.39218
0.4514 1.39204
0.4515 1.3924
0.4516 1.3928
0.4517 1.39306
0.4518 1.39338
0.4519 1.39413
0.452 1.39429
0.4521 1.3947
0.4522 1.39522
0.4523 1.39503
0.4524 1.39491
0.4525 1.39513
0.4526 1.39537
0.4527 1.39593
0.4528 1.39642
0.4529 1.39671
0.453 1.39623
0.4531 1.39642
0.4532 1.39687
0.4533 1.39733
0.4534 1.39757
0.4535 1.39831
0.4536 1.39867
0.4537 1.3991
0.4538 1.39928
0.4539 1.40013
0.454 1.40024
0.4541 1.4004
0.4542 1.40023
0.4543 1.40026
0.4544 1.40044
0.4545 1.40069
0.4546 1.40112
0.4547 1.4013
0.4548 1.40218
0.4549 1.40259
0.455 1.40316
0.4551 1.40324
0.4552 1.40379
0.4553 1.40406
0.4554 1.40432
0.4555 1.40425
0.4556 1.40464
0.4557 1.40514
0.4558 1.40568
0.4559 1.40598
0.456 1.40607
0.4561 1.407
0.4562 1.40692
0.4563 1.40722
0.4564 1.40779
0.4565 1.40802
0.4566 1.40836
0.4567 1.40914
0.4568 1.4098
0.4569 1.41029
0.457 1.41052
0.4571 1.41045
0.4572 1.41096
0.4573 1.41138
0.4574 1.4121
0.4575 1.41271
0.4576 1.41301
0.4577 1.41329
0.4578 1.41375
0.4579 1.41457
0.458 1.4151
0.4581 1.41499
0.4582 1.41523
0.4583 1.4154
0.4584 1.41629
0.4585 1.41635
0.4586 1.41651
0.4587 1.41674
0.4588 1.41747
0.4589 1.4179
0.459 1.41823
0.4591 1.41851
0.4592 1.419
0.4593 1.41852
0.4594 1.41843
0.4595 1.41833
0.4596 1.41831
0.4597 1.41901
0.4598 1.41946
0.4599 1.41973
0.46 1.42002
0.4601 1.42069
0.4602 1.42114
0.4603 1.42156
0.4604 1.42146
0.4605 1.4219
0.4606 1.42239
0.4607 1.42271
0.4608 1.42276
0.4609 1.42301
0.461 1.42325
0.4611 1.42322
0.4612 1.42384
0.4613 1.42446
0.4614 1.42482
0.4615 1.42571
0.4616 1.42513
0.4617 1.42517
0.4618 1.42488
0.4619 1.42508
0.462 1.4247
0.4621 1.42495
0.4622 1.42464
0.4623 1.42515
0.4624 1.4249
0.4625 1.42593
0.4626 1.42593
0.4627 1.42587
0.4628 1.4261
0.4629 1.42614
0.463 1.42641
0.4631 1.42731
0.4632 1.42712
0.4633 1.42759
0.4634 1.42784
0.4635 1.428
0.4636 1.42829
0.4637 1.42789
0.4638 1.42796
0.4639 1.42811
0.464 1.42821
0.4641 1.42851
0.4642 1.4287
0.4643 1.42947
0.4644 1.42899
0.4645 1.42942
0.4646 1.43
0.4647 1.43048
0.4648 1.43107
0.4649 1.43112
0.465 1.43101
0.4651 1.43126
0.4652 1.43272
0.4653 1.4328
0.4654 1.43279
0.4655 1.43253
0.4656 1.43212
0.4657 1.43223
0.4658 1.4324
0.4659 1.43224
0.466 1.43235
0.4661 1.43268
0.4662 1.43248
0.4663 1.43252
0.4664 1.43256
0.4665 1.43291
0.4666 1.43293
0.4667 1.43316
0.4668 1.43337
0.4669 1.43416
0.467 1.43512
0.4671 1.43476
0.4672 1.43552
0.4673 1.43573
0.4674 1.43666
0.4675 1.43703
0.4676 1.43743
0.4677 1.43745
0.4678 1.43785
0.4679 1.43859
0.468 1.43906
0.4681 1.43973
0.4682 1.43994
0.4683 1.44097
0.4684 1.44151
0.4685 1.44147
0.4686 1.44213
0.4687 1.44286
0.4688 1.4437
0.4689 1.44387
0.469 1.44447
0.4691 1.44531
0.4692 1.44558
0.4693 1.44584
0.4694 1.44609
0.4695 1.44616
0.4696 1.44676
0.4697 1.44677
0.4698 1.44739
0.4699 1.44781
0.47 1.44829
0.4701 1.44888
0.4702 1.44965
0.4703 1.45058
0.4704 1.45049
0.4705 1.45016
0.4706 1.45045
0.4707 1.45047
0.4708 1.45053
0.4709 1.45081
0.471 1.45079
0.4711 1.45075
0.4712 1.45148
0.4713 1.45266
0.4714 1.4525
0.4715 1.45301
0.4716 1.45332
0.4717 1.45361
0.4718 1.45357
0.4719 1.45454
0.472 1.45535
0.4721 1.45544
0.4722 1.4557
0.4723 1.45639
0.4724 1.45649
0.4725 1.45668
0.4726 1.45728
0.4727 1.45741
0.4728 1.45744
0.4729 1.45707
0.473 1.45792
0.4731 1.45842
0.4732 1.45861
0.4733 1.46005
0.4734 1.46041
0.4735 1.46081
0.4736 1.46123
0.4737 1.46139
0.4738 1.46149
0.4739 1.46152
0.474 1.46218
0.4741 1.46202
0.4742 1.46229
0.4743 1.46248
0.4744 1.46277
0.4745 1.46359
0.4746 1.46352
0.4747 1.46439
0.4748 1.46518
0.4749 1.46573
0.475 1.46623
0.4751 1.4661
0.4752 1.46634
0.4753 1.46631
0.4754 1.46648
0.4755 1.46644
0.4756 1.46647
0.4757 1.46669
0.4758 1.46684
0.4759 1.46658
0.476 1.46756
0.4761 1.46811
0.4762 1.46831
0.4763 1.46836
0.4764 1.46845
0.4765 1.46932
0.4766 1.4697
0.4767 1.47036
0.4768 1.47071
0.4769 1.471
0.477 1.47095
0.4771 1.47088
0.4772 1.47117
0.4773 1.47129
0.4774 1.47144
0.4775 1.47152
0.4776 1.47179
0.4777 1.47278
0.4778 1.47269
0.4779 1.47314
0.478 1.4739
0.4781 1.4743
0.4782 1.47405
0.4783 1.47423
0.4784 1.47439
0.4785 1.47465
0.4786 1.47464
0.4787 1.47453
0.4788 1.47468
0.4789 1.47528
0.479 1.47497
0.4791 1.4751
0.4792 1.47546
0.4793 1.47561
0.4794 1.47603
0.4795 1.47695
0.4796 1.47726
0.4797 1.47786
0.4798 1.47833
0.4799 1.47839
0.48 1.47841
0.4801 1.47924
0.4802 1.47871
0.4803 1.4788
0.4804 1.47866
0.4805 1.47891
0.4806 1.47926
0.4807 1.47996
0.4808 1.47983
0.4809 1.47985
0.481 1.48085
0.4811 1.48144
0.4812 1.48128
0.4813 1.48118
0.4814 1.48176
0.4815 1.48177
0.4816 1.48241
0.4817 1.48251
0.4818 1.48288
0.4819 1.4833
0.482 1.48336
0.4821 1.48354
0.4822 1.48412
0.4823 1.48406
0.4824 1.48407
0.4825 1.48498
0.4826 1.48446
0.4827 1.48403
0.4828 1.4843
0.4829 1.48432
0.483 1.48397
0.4831 1.48336
0.4832 1.48365
0.4833 1.4842
0.4834 1.48446
0.4835 1.48487
0.4836 1.48599
0.4837 1.48577
0.4838 1.48604
0.4839 1.487
0.484 1.48658
0.4841 1.48664
0.4842 1.48699
0.4843 1.48731
0.4844 1.48771
0.4845 1.48769
0.4846 1.48802
0.4847 1.48759
0.4848 1.48792
0.4849 1.48776
0.485 1.48785
0.4851 1.4884
0.4852 1.48812
0.4853 1.48829
0.4854 1.48829
0.4855 1.48852
0.4856 1.48816
0.4857 1.48888
0.4858 1.48963
0.4859 1.48913
0.486 1.48935
0.4861 1.48917
0.4862 1.48984
0.4863 1.4905
0.4864 1.49103
0.4865 1.4909
0.4866 1.4912
0.4867 1.49088
0.4868 1.49091
0.4869 1.49121
0.487 1.49126
0.4871 1.49154
0.4872 1.49226
0.4873 1.4929
0.4874 1.49273
0.4875 1.49299
0.4876 1.493
0.4877 1.49319
0.4878 1.49319
0.4879 1.49332
0.488 1.49383
0.4881 1.49442
0.4882 1.49417
0.4883 1.49404
0.4884 1.49433
0.4885 1.49454
0.4886 1.4956
0.4887 1.49553
0.4888 1.49564
0.4889 1.49525
0.489 1.49535
0.4891 1.49535
0.4892 1.49571
0.4893 1.49676
0.4894 1.49628
0.4895 1.49687
0.4896 1.49714
0.4897 1.49724
0.4898 1.49784
0.4899 1.49814
0.49 1.49849
0.4901 1.49877
0.4902 1.49892
0.4903 1.49907
0.4904 1.49948
0.4905 1.4998
0.4906 1.50031
0.4907 1.50058
0.4908 1.50078
0.4909 1.50111
0.491 1.50173
