0 0
0.0001 0.00040099
0.0002 0.000798098
0.0003 0.00117141
0.0004 0.00157438
0.0005 0.00197461
0.0006 0.00237376
0.0007 0.00276801
0.0008 0.00316373
0.0009 0.00355573
0.001 0.00394748
0.0011 0.00437107
0.0012 0.00478787
0.0013 0.00517544
0.0014 0.00558598
0.0015 0.00596065
0.0016 0.00638499
0.0017 0.00678049
0.0018 0.00719535
0.0019 0.00761918
0.002 0.00803056
0.0021 0.00845979
0.0022 0.00882183
0.0023 0.0092236
0.0024 0.00962047
0.0025 0.0100167
0.0026 0.0104164
0.0027 0.0108174
0.0028 0.0112095
0.0029 0.0116115
0.003 0.0119911
0.0031 0.0123867
0.0032 0.0127603
0.0033 0.0131389
0.0034 0.0135865
0.0035 0.0140245
0.0036 0.0143887
0.0037 0.0147993
0.0038 0.0152139
0.0039 0.0156353
0.004 0.0160182
0.0041 0.0164431
0.0042 0.0168502
0.0043 0.0172779
0.0044 0.017708
0.0045 0.0181132
0.0046 0.0185299
0.0047 0.0188921
0.0048 0.0192139
0.0049 0.0195828
0.005 0.0199411
0.0051 0.0203524
0.0052 0.0206628
0.0053 0.0210788
0.0054 0.021478
0.0055 0.0218475
0.0056 0.022226
0.0057 0.0225584
0.0058 0.0229459
0.0059 0.0233255
0.006 0.0237836
0.0061 0.0242626
0.0062 0.0247066
0.0063 0.0250761
0.0064 0.0255077
0.0065 0.0259693
0.0066 0.0263575
0.0067 0.0267385
0.0068 0.0270643
0.0069 0.0274121
0.007 0.0277537
0.0071 0.0281055
0.0072 0.0285979
0.0073 0.0290983
0.0074 0.0294596
0.0075 0.0298175
0.0076 0.0302378
0.0077 0.0305563
0.0078 0.0309873
0.0079 0.0313994
0.008 0.031877
0.0081 0.0323346
0.0082 0.0327203
0.0083 0.033227
0.0084 0.0335766
0.0085 0.0339805
0.0086 0.0344223
0.0087 0.0348292
0.0088 0.0351761
0.0089 0.0356358
0.009 0.0360231
0.0091 0.0363586
0.0092 0.0367113
0.0093 0.0371455
0.0094 0.03751
0.0095 0.0378888
0.0096 0.0382153
0.0097 0.0385988
0.0098 0.0390932
0.0099 0.0395052
0.01 0.039942
0.0101 0.0403324
0.0102 0.0407308
0.0103 0.0411682
0.0104 0.0414775
0.0105 0.0419594
0.0106 0.0424459
0.0107 0.042795
0.0108 0.0431434
0.0109 0.0434933
0.011 0.0438568
0.0111 0.0442564
0.0112 0.0445137
0.0113 0.0448455
0.0114 0.0451898
0.0115 0.0454291
0.0116 0.0458616
0.0117 0.0463559
0.0118 0.0467647
0.0119 0.0471749
0.012 0.0475693
0.0121 0.047942
0.0122 0.0482813
0.0123 0.0487104
0.0124 0.0491065
0.0125 0.0494833
0.0126 0.0498776
0.0127 0.0502895
0.0128 0.0506913
0.0129 0.0509996
0.013 0.0514188
0.0131 0.0518967
0.0132 0.0523033
0.0133 0.0527253
0.0134 0.0531546
0.0135 0.053642
0.0136 0.0540681
0.0137 0.0544631
0.0138 0.0548045
0.0139 0.0552535
0.014 0.0555739
0.0141 0.0560223
0.0142 0.0564212
0.0143 0.0568351
0.0144 0.0571469
0.0145 0.0574897
0.0146 0.0578653
0.0147 0.0581753
0.0148 0.0585184
0.0149 0.0589524
0.015 0.0593338
0.0151 0.0597517
0.0152 0.0600473
0.0153 0.0604544
0.0154 0.0608268
0.0155 0.0611498
0.0156 0.0615252
0.0157 0.0618911
0.0158 0.0622596
0.0159 0.0626523
0.016 0.063138
0.0161 0.0635239
0.0162 0.0638203
0.0163 0.0641773
0.0164 0.0644232
0.0165 0.0647218
0.0166 0.065162
0.0167 0.065708
0.0168 0.0661739
0.0169 0.0665915
0.017 0.0669213
0.0171 0.0672858
0.0172 0.0677183
0.0173 0.0681549
0.0174 0.0686051
0.0175 0.0689844
0.0176 0.069271
0.0177 0.0695828
0.0178 0.0699634
0.0179 0.0704256
0.018 0.0709261
0.0181 0.0714
0.0182 0.0718261
0.0183 0.072107
0.0184 0.072394
0.0185 0.0727999
0.0186 0.0731294
0.0187 0.0733961
0.0188 0.0738116
0.0189 0.0740676
0.019 0.0744991
0.0191 0.0747309
0.0192 0.0752657
0.0193 0.0755647
0.0194 0.0759816
0.0195 0.0763841
0.0196 0.0768586
0.0197 0.0773025
0.0198 0.07766
0.0199 0.0780586
0.02 0.0783827
0.0201 0.0787059
0.0202 0.0789439
0.0203 0.0793881
0.0204 0.0797553
0.0205 0.0802017
0.0206 0.0806532
0.0207 0.0810408
0.0208 0.0815922
0.0209 0.0819035
0.021 0.0822326
0.0211 0.0825581
0.0212 0.0829258
0.0213 0.0833851
0.0214 0.0837666
0.0215 0.0840396
0.0216 0.0845109
0.0217 0.0849014
0.0218 0.0853341
0.0219 0.085644
0.022 0.0860396
0.0221 0.0865028
0.0222 0.0868615
0.0223 0.0871625
0.0224 0.0874693
0.0225 0.0877427
0.0226 0.0879063
0.0227 0.0884018
0.0228 0.0888036
0.0229 0.0890893
0.023 0.0894034
0.0231 0.0897811
0.0232 0.0901888
0.0233 0.0906251
0.0234 0.0912877
0.0235 0.0915771
0.0236 0.0918536
0.0237 0.0922209
0.0238 0.0926326
0.0239 0.0928222
0.024 0.093245
0.0241 0.093703
0.0242 0.0941661
0.0243 0.0943492
0.0244 0.0947835
0.0245 0.0952642
0.0246 0.0955797
0.0247 0.0960027
0.0248 0.0962104
0.0249 0.0966583
0.025 0.0970588
0.0251 0.0974404
0.0252 0.0977664
0.0253 0.0982662
0.0254 0.0985403
0.0255 0.0990008
0.0256 0.0992961
0.0257 0.0995284
0.0258 0.0998297
0.0259 0.100147
0.026 0.100553
0.0261 0.100718
0.0262 0.101136
0.0263 0.101531
0.0264 0.101871
0.0265 0.10232
0.0266 0.10269
0.0267 0.102989
0.0268 0.103426
0.0269 0.103632
0.027 0.103907
0.0271 0.104382
0.0272 0.104673
0.0273 0.104948
0.0274 0.10524
0.0275 0.105579
0.0276 0.105965
0.0277 0.106286
0.0278 0.106669
0.0279 0.107047
0.028 0.107516
0.0281 0.108016
0.0282 0.108484
0.0283 0.108725
0.0284 0.10919
0.0285 0.1095
0.0286 0.10974
0.0287 0.11003
0.0288 0.110508
0.0289 0.111061
0.029 0.111326
0.0291 0.11173
0.0292 0.112246
0.0293 0.112562
0.0294 0.112917
0.0295 0.113224
0.0296 0.113555
0.0297 0.113892
0.0298 0.114079
0.0299 0.114398
0.03 0.114771
0.0301 0.115035
0.0302 0.115336
0.0303 0.115692
0.0304 0.115988
0.0305 0.116326
0.0306 0.116837
0.0307 0.117191
0.0308 0.117477
0.0309 0.117916
0.031 0.118355
0.0311 0.118769
0.0312 0.119154
0.0313 0.119585
0.0314 0.119985
0.0315 0.120435
0.0316 0.120573
0.0317 0.120881
0.0318 0.121166
0.0319 0.12148
0.032 0.121834
0.0321 0.12213
0.0322 0.122518
0.0323 0.123042
0.0324 0.123508
0.0325 0.124025
0.0326 0.12446
0.0327 0.124685
0.0328 0.125123
0.0329 0.125647
0.033 0.125903
0.0331 0.12611
0.0332 0.12648
0.0333 0.126895
0.0334 0.127419
0.0335 0.127777
0.0336 0.12796
0.0337 0.128074
0.0338 0.12861
0.0339 0.128839
0.034 0.12924
0.0341 0.129557
0.0342 0.129705
0.0343 0.129985
0.0344 0.130309
0.0345 0.130818
0.0346 0.13122
0.0347 0.131485
0.0348 0.131929
0.0349 0.132213
0.035 0.132481
0.0351 0.132847
0.0352 0.133083
0.0353 0.133449
0.0354 0.133772
0.0355 0.134105
0.0356 0.134396
0.0357 0.134642
0.0358 0.134839
0.0359 0.135233
0.036 0.135583
0.0361 0.135908
0.0362 0.136035
0.0363 0.136339
0.0364 0.13647
0.0365 0.136836
0.0366 0.137237
0.0367 0.137647
0.0368 0.137786
0.0369 0.138202
0.037 0.138506
0.0371 0.138948
0.0372 0.139231
0.0373 0.139582
0.0374 0.139901
0.0375 0.140188
0.0376 0.140328
0.0377 0.140757
0.0378 0.141066
0.0379 0.141422
0.038 0.141611
0.0381 0.141919
0.0382 0.142385
0.0383 0.142821
0.0384 0.143358
0.0385 0.143909
0.0386 0.144319
0.0387 0.144702
0.0388 0.145182
0.0389 0.145446
0.039 0.145643
0.0391 0.145862
0.0392 0.146205
0.0393 0.14653
0.0394 0.146824
0.0395 0.147282
0.0396 0.147602
0.0397 0.14794
0.0398 0.148404
0.0399 0.148845
0.04 0.149246
0.0401 0.149444
0.0402 0.14972
0.0403 0.150009
0.0404 0.150278
0.0405 0.150716
0.0406 0.150873
0.0407 0.151238
0.0408 0.151632
0.0409 0.152078
0.041 0.152372
0.0411 0.152856
0.0412 0.153226
0.0413 0.153675
0.0414 0.153971
0.0415 0.15424
0.0416 0.154644
0.0417 0.155202
0.0418 0.155626
0.0419 0.156026
0.042 0.156286
0.0421 0.156648
0.0422 0.156966
0.0423 0.157309
0.0424 0.157747
0.0425 0.15804
0.0426 0.158497
0.0427 0.15872
0.0428 0.159011
0.0429 0.159346
0.043 0.159708
0.0431 0.159994
0.0432 0.160166
0.0433 0.160433
0.0434 0.160661
0.0435 0.161158
0.0436 0.161422
0.0437 0.161839
0.0438 0.162266
0.0439 0.162583
0.044 0.162614
0.0441 0.162877
0.0442 0.163326
0.0443 0.16363
0.0444 0.164061
0.0445 0.164373
0.0446 0.164704
0.0447 0.164884
0.0448 0.165047
0.0449 0.165396
0.045 0.165578
0.0451 0.165877
0.0452 0.16625
0.0453 0.166632
0.0454 0.166912
0.0455 0.167436
0.0456 0.167736
0.0457 0.168101
0.0458 0.168388
0.0459 0.168938
0.046 0.169288
0.0461 0.169708
0.0462 0.169918
0.0463 0.170107
0.0464 0.170483
0.0465 0.170682
0.0466 0.171315
0.0467 0.171745
0.0468 0.172119
0.0469 0.17258
0.047 0.172863
0.0471 0.172981
0.0472 0.17331
0.0473 0.173641
0.0474 0.173944
0.0475 0.17428
0.0476 0.174621
0.0477 0.174964
0.0478 0.175366
0.0479 0.176045
0.048 0.176648
0.0481 0.17691
0.0482 0.177254
0.0483 0.17756
0.0484 0.177973
0.0485 0.178227
0.0486 0.178545
0.0487 0.178913
0.0488 0.178909
0.0489 0.179394
0.049 0.179644
0.0491 0.179838
0.0492 0.180157
0.0493 0.180429
0.0494 0.180771
0.0495 0.181067
0.0496 0.181396
0.0497 0.181797
0.0498 0.182158
0.0499 0.182501
0.05 0.182803
0.0501 0.182987
0.0502 0.183228
0.0503 0.183567
0.0504 0.183997
0.0505 0.184444
0.0506 0.184826
0.0507 0.185049
0.0508 0.185362
0.0509 0.185712
0.051 0.185855
0.0511 0.18626
0.0512 0.186674
0.0513 0.187025
0.0514 0.187246
0.0515 0.18762
0.0516 0.188026
0.0517 0.18827
0.0518 0.188505
0.0519 0.188783
0.052 0.189173
0.0521 0.189604
0.0522 0.189968
0.0523 0.190249
0.0524 0.190377
0.0525 0.190625
0.0526 0.190895
0.0527 0.191504
0.0528 0.191959
0.0529 0.192293
0.053 0.192494
0.0531 0.192915
0.0532 0.193323
0.0533 0.193484
0.0534 0.19385
0.0535 0.1943
0.0536 0.194768
0.0537 0.195245
0.0538 0.195364
0.0539 0.195615
0.054 0.195985
0.0541 0.196302
0.0542 0.196582
0.0543 0.196914
0.0544 0.197215
0.0545 0.19763
0.0546 0.198231
0.0547 0.198656
0.0548 0.198952
0.0549 0.199279
0.055 0.199467
0.0551 0.199773
0.0552 0.200142
0.0553 0.200427
0.0554 0.20092
0.0555 0.201472
0.0556 0.201887
0.0557 0.20215
0.0558 0.202416
0.0559 0.202665
0.056 0.203226
0.0561 0.203408
0.0562 0.20366
0.0563 0.20396
0.0564 0.204545
0.0565 0.204904
0.0566 0.205268
0.0567 0.205524
0.0568 0.206177
0.0569 0.206682
0.057 0.206953
0.0571 0.207415
0.0572 0.207811
0.0573 0.208151
0.0574 0.208255
0.0575 0.208527
0.0576 0.209037
0.0577 0.20925
0.0578 0.209771
0.0579 0.209954
0.058 0.210213
0.0581 0.210572
0.0582 0.210751
0.0583 0.211085
0.0584 0.211407
0.0585 0.211603
0.0586 0.211892
0.0587 0.212092
0.0588 0.212261
0.0589 0.212344
0.059 0.212747
0.0591 0.212859
0.0592 0.213214
0.0593 0.213485
0.0594 0.213703
0.0595 0.213887
0.0596 0.214298
0.0597 0.214495
0.0598 0.214718
0.0599 0.215146
0.06 0.215726
0.0601 0.216044
0.0602 0.21621
0.0603 0.216612
0.0604 0.217056
0.0605 0.217365
0.0606 0.21773
0.0607 0.218008
0.0608 0.218166
0.0609 0.218229
0.061 0.218679
0.0611 0.218943
0.0612 0.219166
0.0613 0.219395
0.0614 0.219823
0.0615 0.220172
0.0616 0.220489
0.0617 0.220795
0.0618 0.221265
0.0619 0.221761
0.062 0.222101
0.0621 0.222671
0.0622 0.222959
0.0623 0.223277
0.0624 0.223514
0.0625 0.223799
0.0626 0.22403
0.0627 0.224207
0.0628 0.224601
0.0629 0.224862
0.063 0.224984
0.0631 0.225207
0.0632 0.225763
0.0633 0.226292
0.0634 0.226714
0.0635 0.227076
0.0636 0.227453
0.0637 0.227705
0.0638 0.228091
0.0639 0.22834
0.064 0.22847
0.0641 0.229066
0.0642 0.229575
0.0643 0.230062
0.0644 0.230516
0.0645 0.230591
0.0646 0.230903
0.0647 0.231212
0.0648 0.231494
0.0649 0.232072
0.065 0.232544
0.0651 0.233073
0.0652 0.233337
0.0653 0.233764
0.0654 0.234222
0.0655 0.234395
0.0656 0.234634
0.0657 0.234935
0.0658 0.235364
0.0659 0.235678
0.066 0.235941
0.0661 0.236508
0.0662 0.236992
0.0663 0.237328
0.0664 0.237516
0.0665 0.237792
0.0666 0.238201
0.0667 0.2386
0.0668 0.239097
0.0669 0.239577
0.067 0.239716
0.0671 0.240011
0.0672 0.240319
0.0673 0.240629
0.0674 0.240953
0.0675 0.241271
0.0676 0.241546
0.0677 0.241826
0.0678 0.242154
0.0679 0.242569
0.068 0.242808
0.0681 0.24337
0.0682 0.243762
0.0683 0.244131
0.0684 0.24425
0.0685 0.24448
0.0686 0.244568
0.0687 0.244704
0.0688 0.245138
0.0689 0.245504
0.069 0.24575
0.0691 0.246378
0.0692 0.246924
0.0693 0.247223
0.0694 0.247666
0.0695 0.247922
0.0696 0.248124
0.0697 0.248505
0.0698 0.248913
0.0699 0.249209
0.07 0.249607
0.0701 0.250207
0.0702 0.250205
0.0703 0.250456
0.0704 0.250671
0.0705 0.250791
0.0706 0.251419
0.0707 0.251807
0.0708 0.252069
0.0709 0.252369
0.071 0.252745
0.0711 0.252963
0.0712 0.253339
0.0713 0.253655
0.0714 0.25396
0.0715 0.254159
0.0716 0.254392
0.0717 0.254974
0.0718 0.255403
0.0719 0.255708
0.072 0.256058
0.0721 0.256155
0.0722 0.256577
0.0723 0.256744
0.0724 0.257247
0.0725 0.257714
0.0726 0.258011
0.0727 0.258416
0.0728 0.258721
0.0729 0.259295
0.073 0.259651
0.0731 0.25984
0.0732 0.260164
0.0733 0.260622
0.0734 0.261145
0.0735 0.26145
0.0736 0.261441
0.0737 0.261693
0.0738 0.261876
0.0739 0.261872
0.074 0.262145
0.0741 0.262692
0.0742 0.263362
0.0743 0.263557
0.0744 0.263946
0.0745 0.264438
0.0746 0.26476
0.0747 0.265143
0.0748 0.265451
0.0749 0.26579
0.075 0.266158
0.0751 0.266711
0.0752 0.266854
0.0753 0.26726
0.0754 0.26736
0.0755 0.267626
0.0756 0.267953
0.0757 0.268282
0.0758 0.268764
0.0759 0.26892
0.076 0.269296
0.0761 0.269667
0.0762 0.270087
0.0763 0.270505
0.0764 0.270799
0.0765 0.271013
0.0766 0.271239
0.0767 0.271764
0.0768 0.272075
0.0769 0.272458
0.077 0.272985
0.0771 0.273404
0.0772 0.273575
0.0773 0.273809
0.0774 0.274138
0.0775 0.274508
0.0776 0.275003
0.0777 0.275559
0.0778 0.275807
0.0779 0.276173
0.078 0.27647
0.0781 0.276882
0.0782 0.277307
0.0783 0.277765
0.0784 0.278144
0.0785 0.278348
0.0786 0.278675
0.0787 0.27918
0.0788 0.279635
0.0789 0.279872
0.079 0.280055
0.0791 0.280438
0.0792 0.280924
0.0793 0.281352
0.0794 0.281639
0.0795 0.282016
0.0796 0.282121
0.0797 0.282485
0.0798 0.282552
0.0799 0.282757
0.08 0.283225
0.0801 0.283541
0.0802 0.284034
0.0803 0.284186
0.0804 0.284575
0.0805 0.28484
0.0806 0.285133
0.0807 0.285612
0.0808 0.285992
0.0809 0.286241
0.081 0.286362
0.0811 0.286958
0.0812 0.287139
0.0813 0.287357
0.0814 0.287789
0.0815 0.288234
0.0816 0.288553
0.0817 0.288546
0.0818 0.288864
0.0819 0.289209
0.082 0.2896
0.0821 0.290054
0.0822 0.290434
0.0823 0.290803
0.0824 0.291109
0.0825 0.291614
0.0826 0.291825
0.0827 0.292215
0.0828 0.292833
0.0829 0.293004
0.083 0.293518
0.0831 0.29378
0.0832 0.294382
0.0833 0.294496
0.0834 0.294643
0.0835 0.294652
0.0836 0.29489
0.0837 0.295149
0.0838 0.29531
0.0839 0.295508
0.084 0.295709
0.0841 0.295923
0.0842 0.296091
0.0843 0.296615
0.0844 0.297008
0.0845 0.297349
0.0846 0.297857
0.0847 0.298082
0.0848 0.298403
0.0849 0.298735
0.085 0.298973
0.0851 0.299112
0.0852 0.299535
0.0853 0.299624
0.0854 0.299952
0.0855 0.300048
0.0856 0.299966
0.0857 0.300263
0.0858 0.300521
0.0859 0.300655
0.086 0.300751
0.0861 0.301249
0.0862 0.301861
0.0863 0.302234
0.0864 0.302486
0.0865 0.302882
0.0866 0.303138
0.0867 0.303587
0.0868 0.303794
0.0869 0.304164
0.087 0.304467
0.0871 0.304668
0.0872 0.30481
0.0873 0.305113
0.0874 0.305192
0.0875 0.305509
0.0876 0.305518
0.0877 0.305998
0.0878 0.306174
0.0879 0.306567
0.088 0.306852
0.0881 0.306981
0.0882 0.307663
0.0883 0.307647
0.0884 0.307886
0.0885 0.308517
0.0886 0.308818
0.0887 0.309089
0.0888 0.309205
0.0889 0.309511
0.089 0.31006
0.0891 0.310393
0.0892 0.310582
0.0893 0.311043
0.0894 0.311425
0.0895 0.311548
0.0896 0.312098
0.0897 0.312648
0.0898 0.312781
0.0899 0.313163
0.09 0.313506
0.0901 0.314118
0.0902 0.314374
0.0903 0.314662
0.0904 0.315043
0.0905 0.31513
0.0906 0.315508
0.0907 0.315535
0.0908 0.315754
0.0909 0.315959
0.091 0.316157
0.0911 0.316695
0.0912 0.317035
0.0913 0.317448
0.0914 0.317506
0.0915 0.317905
0.0916 0.318371
0.0917 0.318507
0.0918 0.318567
0.0919 0.318857
0.092 0.319051
0.0921 0.31949
0.0922 0.320021
0.0923 0.320276
0.0924 0.320424
0.0925 0.320592
0.0926 0.320854
0.0927 0.321141
0.0928 0.321511
0.0929 0.321778
0.093 0.322013
0.0931 0.322274
0.0932 0.322787
0.0933 0.323061
0.0934 0.323403
0.0935 0.323638
0.0936 0.324152
0.0937 0.324536
0.0938 0.324755
0.0939 0.32514
0.094 0.325251
0.0941 0.325701
0.0942 0.325819
0.0943 0.32609
0.0944 0.326524
0.0945 0.32677
0.0946 0.327214
0.0947 0.327597
0.0948 0.32802
0.0949 0.328126
0.095 0.328211
0.0951 0.328459
0.0952 0.328907
0.0953 0.329122
0.0954 0.329417
0.0955 0.329795
0.0956 0.329941
0.0957 0.330338
0.0958 0.330745
0.0959 0.331051
0.096 0.331269
0.0961 0.331678
0.0962 0.332075
0.0963 0.332648
0.0964 0.333028
0.0965 0.333237
0.0966 0.333351
0.0967 0.333432
0.0968 0.334041
0.0969 0.334353
0.097 0.334885
0.0971 0.334993
0.0972 0.33539
0.0973 0.335999
0.0974 0.33616
0.0975 0.336564
0.0976 0.336989
0.0977 0.336849
0.0978 0.337446
0.0979 0.337621
0.098 0.337854
0.0981 0.337889
0.0982 0.338167
0.0983 0.338368
0.0984 0.338808
0.0985 0.338851
0.0986 0.339269
0.0987 0.339355
0.0988 0.340084
0.0989 0.340447
0.099 0.340688
0.0991 0.341077
0.0992 0.341468
0.0993 0.341704
0.0994 0.342501
0.0995 0.342939
0.0996 0.343045
0.0997 0.343513
0.0998 0.343914
0.0999 0.344049
0.1 0.343981
0.1001 0.344396
0.1002 0.345009
0.1003 0.345207
0.1004 0.345745
0.1005 0.346073
0.1006 0.346469
0.1007 0.346779
0.1008 0.346752
0.1009 0.34697
0.101 0.347209
0.1011 0.34775
0.1012 0.347775
0.1013 0.348004
0.1014 0.348598
0.1015 0.34919
0.1016 0.349387
0.1017 0.349998
0.1018 0.350421
0.1019 0.350774
0.102 0.351263
0.1021 0.351774
0.1022 0.352108
0.1023 0.352631
0.1024 0.352931
0.1025 0.353341
0.1026 0.353815
0.1027 0.3541
0.1028 0.35436
0.1029 0.3545
0.103 0.354874
0.1031 0.355131
0.1032 0.355522
0.1033 0.355851
0.1034 0.356317
0.1035 0.356597
0.1036 0.357104
0.1037 0.35738
0.1038 0.357505
0.1039 0.357734
0.104 0.35803
0.1041 0.358395
0.1042 0.358706
0.1043 0.359036
0.1044 0.359563
0.1045 0.359904
0.1046 0.360151
0.1047 0.360267
0.1048 0.360628
0.1049 0.360794
0.105 0.361432
0.1051 0.361559
0.1052 0.362118
0.1053 0.362222
0.1054 0.362424
0.1055 0.362477
0.1056 0.36286
0.1057 0.363042
0.1058 0.363481
0.1059 0.363717
0.106 0.36404
0.1061 0.364374
0.1062 0.364859
0.1063 0.365217
0.1064 0.365692
0.1065 0.366126
0.1066 0.366523
0.1067 0.366938
0.1068 0.367358
0.1069 0.367577
0.107 0.368052
0.1071 0.368344
0.1072 0.368527
0.1073 0.369153
0.1074 0.369286
0.1075 0.369704
0.1076 0.370042
0.1077 0.37025
0.1078 0.370616
0.1079 0.371033
0.108 0.371199
0.1081 0.37161
0.1082 0.371818
0.1083 0.372089
0.1084 0.372152
0.1085 0.37275
0.1086 0.372979
0.1087 0.373215
0.1088 0.373526
0.1089 0.374155
0.109 0.374792
0.1091 0.375221
0.1092 0.375445
0.1093 0.375546
0.1094 0.376118
0.1095 0.376277
0.1096 0.376662
0.1097 0.377032
0.1098 0.377194
0.1099 0.37763
0.11 0.377975
0.1101 0.378617
0.1102 0.379204
0.1103 0.379538
0.1104 0.379945
0.1105 0.380236
0.1106 0.380681
0.1107 0.381057
0.1108 0.381321
0.1109 0.381545
0.111 0.381707
0.1111 0.382055
0.1112 0.382031
0.1113 0.382087
0.1114 0.382485
0.1115 0.382801
0.1116 0.383012
0.1117 0.38338
0.1118 0.383729
0.1119 0.384026
0.112 0.384203
0.1121 0.3845
0.1122 0.384968
0.1123 0.385346
0.1124 0.385894
0.1125 0.386448
0.1126 0.386939
0.1127 0.387186
0.1128 0.387331
0.1129 0.387721
0.113 0.387862
0.1131 0.387977
0.1132 0.388433
0.1133 0.388896
0.1134 0.38917
0.1135 0.389563
0.1136 0.389895
0.1137 0.390265
0.1138 0.390382
0.1139 0.39083
0.114 0.391413
0.1141 0.391683
0.1142 0.392304
0.1143 0.392703
0.1144 0.392825
0.1145 0.393156
0.1146 0.393347
0.1147 0.393443
0.1148 0.394016
0.1149 0.394405
0.115 0.394681
0.1151 0.3948
0.1152 0.394798
0.1153 0.395243
0.1154 0.395341
0.1155 0.39556
0.1156 0.395998
0.1157 0.39608
0.1158 0.396703
0.1159 0.397175
0.116 0.397514
0.1161 0.397628
0.1162 0.397923
0.1163 0.39831
0.1164 0.398519
0.1165 0.398769
0.1166 0.399027
0.1167 0.399305
0.1168 0.3996
0.1169 0.399974
0.117 0.400358
0.1171 0.400782
0.1172 0.401551
0.1173 0.401713
0.1174 0.402183
0.1175 0.40221
0.1176 0.40239
0.1177 0.402709
0.1178 0.403137
0.1179 0.403511
0.118 0.403946
0.1181 0.404391
0.1182 0.404402
0.1183 0.404934
0.1184 0.405373
0.1185 0.405725
0.1186 0.406009
0.1187 0.406165
0.1188 0.406639
0.1189 0.407109
0.119 0.407033
0.1191 0.40735
0.1192 0.407463
0.1193 0.407629
0.1194 0.408114
0.1195 0.40815
0.1196 0.408525
0.1197 0.408612
0.1198 0.409021
0.1199 0.409119
0.12 0.409403
0.1201 0.409587
0.1202 0.409835
0.1203 0.410204
0.1204 0.410713
0.1205 0.41112
0.1206 0.411375
0.1207 0.412016
0.1208 0.412389
0.1209 0.412744
0.121 0.413258
0.1211 0.413709
0.1212 0.414072
0.1213 0.414749
0.1214 0.415283
0.1215 0.415614
0.1216 0.415884
0.1217 0.416008
0.1218 0.416559
0.1219 0.41693
0.122 0.41699
0.1221 0.417283
0.1222 0.41728
0.1223 0.417984
0.1224 0.418246
0.1225 0.41868
0.1226 0.418988
0.1227 0.41937
0.1228 0.419766
0.1229 0.420017
0.123 0.420381
0.1231 0.420748
0.1232 0.420914
0.1233 0.42127
0.1234 0.421547
0.1235 0.421766
0.1236 0.4224
0.1237 0.422703
0.1238 0.422918
0.1239 0.423476
0.124 0.423599
0.1241 0.42402
0.1242 0.424407
0.1243 0.424219
0.1244 0.424478
0.1245 0.42538
0.1246 0.425653
0.1247 0.425934
0.1248 0.426136
0.1249 0.42614
0.125 0.426228
0.1251 0.426548
0.1252 0.427084
0.1253 0.427384
0.1254 0.427633
0.1255 0.427953
0.1256 0.427994
0.1257 0.428341
0.1258 0.428839
0.1259 0.429624
0.126 0.429933
0.1261 0.430156
0.1262 0.430475
0.1263 0.430513
0.1264 0.430654
0.1265 0.431037
0.1266 0.431117
0.1267 0.431065
0.1268 0.431629
0.1269 0.431805
0.127 0.432167
0.1271 0.43269
0.1272 0.433201
0.1273 0.433446
0.1274 0.434012
0.1275 0.434253
0.1276 0.434597
0.1277 0.434836
0.1278 0.435215
0.1279 0.435681
0.128 0.436218
0.1281 0.436503
0.1282 0.436891
0.1283 0.437437
0.1284 0.437491
0.1285 0.437611
0.1286 0.43783
0.1287 0.438351
0.1288 0.438502
0.1289 0.438746
0.129 0.43933
0.1291 0.439737
0.1292 0.440229
0.1293 0.440724
0.1294 0.441087
0.1295 0.441344
0.1296 0.441619
0.1297 0.442176
0.1298 0.442173
0.1299 0.442634
0.13 0.442859
0.1301 0.443285
0.1302 0.44365
0.1303 0.443804
0.1304 0.443776
0.1305 0.444121
0.1306 0.444403
0.1307 0.444343
0.1308 0.444578
0.1309 0.444956
0.131 0.445248
0.1311 0.445463
0.1312 0.44583
0.1313 0.446044
0.1314 0.446874
0.1315 0.447358
0.1316 0.447855
0.1317 0.448155
0.1318 0.448091
0.1319 0.448228
0.132 0.448648
0.1321 0.448761
0.1322 0.449122
0.1323 0.44971
0.1324 0.449947
0.1325 0.450357
0.1326 0.450878
0.1327 0.451011
0.1328 0.451391
0.1329 0.451796
0.133 0.452513
0.1331 0.452634
0.1332 0.452886
0.1333 0.453243
0.1334 0.453843
0.1335 0.454427
0.1336 0.454614
0.1337 0.454897
0.1338 0.455372
0.1339 0.455708
0.134 0.455823
0.1341 0.45578
0.1342 0.456307
0.1343 0.457062
0.1344 0.457309
0.1345 0.457461
0.1346 0.457937
0.1347 0.458597
0.1348 0.458777
0.1349 0.459008
0.135 0.459144
0.1351 0.459366
0.1352 0.459659
0.1353 0.460416
0.1354 0.461059
0.1355 0.460908
0.1356 0.460959
0.1357 0.461114
0.1358 0.461191
0.1359 0.461893
0.136 0.46196
0.1361 0.462198
0.1362 0.46251
0.1363 0.462745
0.1364 0.463068
0.1365 0.463612
0.1366 0.464176
0.1367 0.464486
0.1368 0.464579
0.1369 0.464766
0.137 0.464906
0.1371 0.464951
0.1372 0.465335
0.1373 0.465496
0.1374 0.465864
0.1375 0.465914
0.1376 0.466132
0.1377 0.466565
0.1378 0.467196
0.1379 0.467696
0.138 0.468263
0.1381 0.468844
0.1382 0.469032
0.1383 0.469359
0.1384 0.469351
0.1385 0.469719
0.1386 0.470437
0.1387 0.47081
0.1388 0.471036
0.1389 0.471357
0.139 0.471426
0.1391 0.47171
0.1392 0.471628
0.1393 0.471843
0.1394 0.471996
0.1395 0.472183
0.1396 0.47289
0.1397 0.473299
0.1398 0.473474
0.1399 0.473516
0.14 0.474103
0.1401 0.474151
0.1402 0.474475
0.1403 0.474765
0.1404 0.474912
0.1405 0.47535
0.1406 0.475592
0.1407 0.475825
0.1408 0.476205
0.1409 0.476246
0.141 0.476234
0.1411 0.47638
0.1412 0.476587
0.1413 0.476805
0.1414 0.476935
0.1415 0.476827
0.1416 0.476976
0.1417 0.477418
0.1418 0.477632
0.1419 0.478133
0.142 0.478496
0.1421 0.478464
0.1422 0.479002
0.1423 0.479281
0.1424 0.479427
0.1425 0.47961
0.1426 0.480128
0.1427 0.480553
0.1428 0.480425
0.1429 0.480633
0.143 0.481083
0.1431 0.481299
0.1432 0.481854
0.1433 0.481862
0.1434 0.482236
0.1435 0.482731
0.1436 0.483217
0.1437 0.483843
0.1438 0.483881
0.1439 0.484486
0.144 0.484741
0.1441 0.485148
0.1442 0.485476
0.1443 0.485613
0.1444 0.485685
0.1445 0.486011
0.1446 0.486049
0.1447 0.486537
0.1448 0.486822
0.1449 0.48705
0.145 0.487907
0.1451 0.488139
0.1452 0.488431
0.1453 0.489004
0.1454 0.489472
0.1455 0.489599
0.1456 0.490183
0.1457 0.49027
0.1458 0.490711
0.1459 0.490858
0.146 0.491133
0.1461 0.491819
0.1462 0.492205
0.1463 0.492432
0.1464 0.492789
0.1465 0.493365
0.1466 0.493599
0.1467 0.494161
0.1468 0.494555
0.1469 0.494977
0.147 0.494924
0.1471 0.495752
0.1472 0.496383
0.1473 0.497107
0.1474 0.497506
0.1475 0.497968
0.1476 0.498289
0.1477 0.498785
0.1478 0.49913
0.1479 0.499163
0.148 0.499485
0.1481 0.499838
0.1482 0.500115
0.1483 0.500484
0.1484 0.500929
0.1485 0.501012
0.1486 0.501277
0.1487 0.501737
0.1488 0.501951
0.1489 0.501932
0.149 0.502235
0.1491 0.502185
0.1492 0.50231
0.1493 0.502469
0.1494 0.502933
0.1495 0.503081
0.1496 0.503499
0.1497 0.503355
0.1498 0.503541
0.1499 0.503817
0.15 0.504306
0.1501 0.504355
0.1502 0.504755
0.1503 0.5052
0.1504 0.505835
0.1505 0.505806
0.1506 0.505951
0.1507 0.50699
0.1508 0.507461
0.1509 0.507795
0.151 0.508127
0.1511 0.508684
0.1512 0.509115
0.1513 0.509254
0.1514 0.509597
0.1515 0.509783
0.1516 0.510331
0.1517 0.510739
0.1518 0.510913
0.1519 0.511198
0.152 0.51144
0.1521 0.511551
0.1522 0.511749
0.1523 0.512007
0.1524 0.51254
0.1525 0.512958
0.1526 0.513033
0.1527 0.51358
0.1528 0.513862
0.1529 0.514403
0.153 0.515062
0.1531 0.515424
0.1532 0.515676
0.1533 0.516123
0.1534 0.516357
0.1535 0.516792
0.1536 0.517088
0.1537 0.517478
0.1538 0.517969
0.1539 0.518018
0.154 0.518276
0.1541 0.51833
0.1542 0.518712
0.1543 0.519275
0.1544 0.519626
0.1545 0.519779
0.1546 0.520311
0.1547 0.520537
0.1548 0.520835
0.1549 0.521067
0.155 0.521552
0.1551 0.521805
0.1552 0.522317
0.1553 0.522912
0.1554 0.523263
0.1555 0.523757
0.1556 0.524152
0.1557 0.524518
0.1558 0.524637
0.1559 0.524779
0.156 0.52526
0.1561 0.525679
0.1562 0.52581
0.1563 0.526034
0.1564 0.52639
0.1565 0.526688
0.1566 0.527212
0.1567 0.527183
0.1568 0.527826
0.1569 0.528075
0.157 0.528281
0.1571 0.528543
0.1572 0.528721
0.1573 0.528987
0.1574 0.529292
0.1575 0.529419
0.1576 0.529961
0.1577 0.530264
0.1578 0.530536
0.1579 0.531172
0.158 0.531023
0.1581 0.53112
0.1582 0.531493
0.1583 0.531603
0.1584 0.531696
0.1585 0.532167
0.1586 0.532077
0.1587 0.532406
0.1588 0.532368
0.1589 0.532932
0.159 0.533429
0.1591 0.533621
0.1592 0.534176
0.1593 0.534441
0.1594 0.534707
0.1595 0.535107
0.1596 0.53558
0.1597 0.535968
0.1598 0.536054
0.1599 0.536411
0.16 0.536704
0.1601 0.537297
0.1602 0.537781
0.1603 0.537997
0.1604 0.538444
0.1605 0.53883
0.1606 0.539303
0.1607 0.539888
0.1608 0.540023
0.1609 0.540127
0.161 0.540572
0.1611 0.54069
0.1612 0.541079
0.1613 0.541203
0.1614 0.541413
0.1615 0.541717
0.1616 0.542251
0.1617 0.542518
0.1618 0.542559
0.1619 0.543143
0.162 0.543654
0.1621 0.543792
0.1622 0.544193
0.1623 0.544801
0.1624 0.54477
0.1625 0.544861
0.1626 0.54533
0.1627 0.545601
0.1628 0.545555
0.1629 0.545767
0.163 0.546098
0.1631 0.54628
0.1632 0.546843
0.1633 0.547283
0.1634 0.547951
0.1635 0.548349
0.1636 0.548711
0.1637 0.549266
0.1638 0.549492
0.1639 0.549755
0.164 0.550107
0.1641 0.550233
0.1642 0.550255
0.1643 0.550064
0.1644 0.550404
0.1645 0.550588
0.1646 0.550736
0.1647 0.550815
0.1648 0.550944
0.1649 0.551187
0.165 0.551424
0.1651 0.551319
0.1652 0.551547
0.1653 0.551968
0.1654 0.55186
0.1655 0.552363
0.1656 0.552642
0.1657 0.553094
0.1658 0.553303
0.1659 0.553398
0.166 0.553462
0.1661 0.553773
0.1662 0.554231
0.1663 0.555048
0.1664 0.555385
0.1665 0.555759
0.1666 0.556263
0.1667 0.556819
0.1668 0.557156
0.1669 0.557614
0.167 0.557914
0.1671 0.557789
0.1672 0.557605
0.1673 0.557747
0.1674 0.557922
0.1675 0.558111
0.1676 0.558383
0.1677 0.558788
0.1678 0.558934
0.1679 0.558989
0.168 0.558824
0.1681 0.559156
0.1682 0.559487
0.1683 0.559722
0.1684 0.559981
0.1685 0.560216
0.1686 0.560592
0.1687 0.561088
0.1688 0.56144
0.1689 0.561515
0.169 0.561746
0.1691 0.561915
0.1692 0.562656
0.1693 0.562794
0.1694 0.562997
0.1695 0.563197
0.1696 0.563834
0.1697 0.564208
0.1698 0.564086
0.1699 0.564364
0.17 0.565186
0.1701 0.565589
0.1702 0.566219
0.1703 0.566582
0.1704 0.566697
0.1705 0.566729
0.1706 0.566954
0.1707 0.567153
0.1708 0.567425
0.1709 0.567667
0.171 0.568162
0.1711 0.568383
0.1712 0.568511
0.1713 0.568689
0.1714 0.569027
0.1715 0.569404
0.1716 0.569497
0.1717 0.569325
0.1718 0.569702
0.1719 0.569878
0.172 0.570455
0.1721 0.570824
0.1722 0.571256
0.1723 0.571653
0.1724 0.571762
0.1725 0.572121
0.1726 0.572304
0.1727 0.572404
0.1728 0.572776
0.1729 0.573235
0.173 0.573757
0.1731 0.574122
0.1732 0.574702
0.1733 0.57495
0.1734 0.575474
0.1735 0.576
0.1736 0.57651
0.1737 0.576518
0.1738 0.576714
0.1739 0.57699
0.174 0.577298
0.1741 0.577502
0.1742 0.577789
0.1743 0.577977
0.1744 0.57797
0.1745 0.578106
0.1746 0.578351
0.1747 0.578601
0.1748 0.578462
0.1749 0.578829
0.175 0.579488
0.1751 0.579744
0.1752 0.580581
0.1753 0.581013
0.1754 0.581343
0.1755 0.58164
0.1756 0.581913
0.1757 0.58243
0.1758 0.583081
0.1759 0.583162
0.176 0.584047
0.1761 0.58431
0.1762 0.584764
0.1763 0.585174
0.1764 0.585273
0.1765 0.585312
0.1766 0.585077
0.1767 0.585746
0.1768 0.586187
0.1769 0.586239
0.177 0.586774
0.1771 0.587252
0.1772 0.587601
0.1773 0.587839
0.1774 0.588241
0.1775 0.588416
0.1776 0.588593
0.1777 0.588562
0.1778 0.589048
0.1779 0.589625
0.178 0.589899
0.1781 0.5904
0.1782 0.590772
0.1783 0.591314
0.1784 0.591528
0.1785 0.5919
0.1786 0.592263
0.1787 0.592472
0.1788 0.592673
0.1789 0.593047
0.179 0.593478
0.1791 0.593562
0.1792 0.593401
0.1793 0.593907
0.1794 0.594183
0.1795 0.594191
0.1796 0.594578
0.1797 0.594724
0.1798 0.594955
0.1799 0.594899
0.18 0.595015
0.1801 0.595115
0.1802 0.595235
0.1803 0.595575
0.1804 0.595918
0.1805 0.596433
0.1806 0.596417
0.1807 0.596765
0.1808 0.597065
0.1809 0.597587
0.181 0.59808
0.1811 0.598438
0.1812 0.599102
0.1813 0.599287
0.1814 0.59976
0.1815 0.600135
0.1816 0.600048
0.1817 0.600179
0.1818 0.600169
0.1819 0.600399
0.182 0.600581
0.1821 0.600977
0.1822 0.601661
0.1823 0.601862
0.1824 0.602163
0.1825 0.602492
0.1826 0.602982
0.1827 0.603313
0.1828 0.603667
0.1829 0.603716
0.183 0.604055
0.1831 0.604264
0.1832 0.604468
0.1833 0.604822
0.1834 0.60499
0.1835 0.604984
0.1836 0.605101
0.1837 0.605901
0.1838 0.606434
0.1839 0.606701
0.184 0.607178
0.1841 0.607374
0.1842 0.607723
0.1843 0.608427
0.1844 0.608497
0.1845 0.608611
0.1846 0.609136
0.1847 0.60974
0.1848 0.609911
0.1849 0.610422
0.185 0.610748
0.1851 0.610946
0.1852 0.611086
0.1853 0.611566
0.1854 0.611926
0.1855 0.612321
0.1856 0.612525
0.1857 0.612578
0.1858 0.612904
0.1859 0.612862
0.186 0.613219
0.1861 0.613483
0.1862 0.613839
0.1863 0.614351
0.1864 0.615221
0.1865 0.615489
0.1866 0.616016
0.1867 0.616188
0.1868 0.616512
0.1869 0.617044
0.187 0.61746
0.1871 0.617405
0.1872 0.617639
0.1873 0.61812
0.1874 0.618354
0.1875 0.618696
0.1876 0.618777
0.1877 0.619128
0.1878 0.619643
0.1879 0.619885
0.188 0.620133
0.1881 0.620079
0.1882 0.620149
0.1883 0.620526
0.1884 0.620753
0.1885 0.621215
0.1886 0.621744
0.1887 0.622029
0.1888 0.622149
0.1889 0.622662
0.189 0.623313
0.1891 0.623675
0.1892 0.62382
0.1893 0.624236
0.1894 0.624384
0.1895 0.624445
0.1896 0.624893
0.1897 0.625217
0.1898 0.625573
0.1899 0.625776
0.19 0.626012
0.1901 0.626532
0.1902 0.626827
0.1903 0.627182
0.1904 0.627471
0.1905 0.627324
0.1906 0.627431
0.1907 0.627673
0.1908 0.627567
0.1909 0.627814
0.191 0.627828
0.1911 0.627916
0.1912 0.627949
0.1913 0.627531
0.1914 0.627502
0.1915 0.627868
0.1916 0.628303
0.1917 0.628441
0.1918 0.628852
0.1919 0.629333
0.192 0.629763
0.1921 0.629903
0.1922 0.630244
0.1923 0.630325
0.1924 0.631131
0.1925 0.631448
0.1926 0.631674
0.1927 0.632005
0.1928 0.63227
0.1929 0.632305
0.193 0.632935
0.1931 0.633304
0.1932 0.633224
0.1933 0.633761
0.1934 0.634383
0.1935 0.635207
0.1936 0.635688
0.1937 0.636691
0.1938 0.63708
0.1939 0.637601
0.194 0.637717
0.1941 0.637952
0.1942 0.638358
0.1943 0.638498
0.1944 0.638612
0.1945 0.6388
0.1946 0.638725
0.1947 0.638733
0.1948 0.639426
0.1949 0.639991
0.195 0.640224
0.1951 0.640578
0.1952 0.640776
0.1953 0.64123
0.1954 0.641342
0.1955 0.642161
0.1956 0.642366
0.1957 0.642752
0.1958 0.64292
0.1959 0.643128
0.196 0.64387
0.1961 0.644205
0.1962 0.644862
0.1963 0.645754
0.1964 0.645494
0.1965 0.645941
0.1966 0.64637
0.1967 0.646907
0.1968 0.646833
0.1969 0.647233
0.197 0.647875
0.1971 0.648509
0.1972 0.648817
0.1973 0.649185
0.1974 0.649364
0.1975 0.649456
0.1976 0.649887
0.1977 0.650272
0.1978 0.650365
0.1979 0.650524
0.198 0.650709
0.1981 0.650938
0.1982 0.651487
0.1983 0.651991
0.1984 0.652254
0.1985 0.652809
0.1986 0.652834
0.1987 0.653041
0.1988 0.653474
0.1989 0.653602
0.199 0.654296
0.1991 0.654512
0.1992 0.65475
0.1993 0.655041
0.1994 0.65555
0.1995 0.655712
0.1996 0.655953
0.1997 0.656209
0.1998 0.656649
0.1999 0.656183
0.2 0.656619
0.2001 0.657295
0.2002 0.657635
0.2003 0.657658
0.2004 0.657948
0.2005 0.658273
0.2006 0.658369
0.2007 0.658622
0.2008 0.659253
0.2009 0.659211
0.201 0.659608
0.2011 0.659708
0.2012 0.660217
0.2013 0.660419
0.2014 0.66072
0.2015 0.66085
0.2016 0.661507
0.2017 0.662195
0.2018 0.662704
0.2019 0.66289
0.202 0.662975
0.2021 0.663118
0.2022 0.663925
0.2023 0.664345
0.2024 0.664111
0.2025 0.664385
0.2026 0.664452
0.2027 0.664905
0.2028 0.665543
0.2029 0.665831
0.203 0.666148
0.2031 0.66645
0.2032 0.66684
0.2033 0.667395
0.2034 0.667777
0.2035 0.668201
0.2036 0.668897
0.2037 0.669324
0.2038 0.669746
0.2039 0.67018
0.204 0.670373
0.2041 0.670696
0.2042 0.671401
0.2043 0.671687
0.2044 0.672201
0.2045 0.672508
0.2046 0.672702
0.2047 0.672741
0.2048 0.673193
0.2049 0.673502
0.205 0.674045
0.2051 0.67447
0.2052 0.674671
0.2053 0.674946
0.2054 0.675254
0.2055 0.675497
0.2056 0.676248
0.2057 0.676447
0.2058 0.676256
0.2059 0.67622
0.206 0.676596
0.2061 0.676435
0.2062 0.677202
0.2063 0.677558
0.2064 0.67745
0.2065 0.677886
0.2066 0.678311
0.2067 0.678881
0.2068 0.679067
0.2069 0.679154
0.207 0.679161
0.2071 0.679824
0.2072 0.680532
0.2073 0.680685
0.2074 0.681408
0.2075 0.681596
0.2076 0.681551
0.2077 0.682192
0.2078 0.682131
0.2079 0.683023
0.208 0.683159
0.2081 0.683176
0.2082 0.683123
0.2083 0.683625
0.2084 0.683959
0.2085 0.684932
0.2086 0.685081
0.2087 0.685611
0.2088 0.686049
0.2089 0.68617
0.209 0.686523
0.2091 0.687016
0.2092 0.687351
0.2093 0.687634
0.2094 0.68833
0.2095 0.688556
0.2096 0.688809
0.2097 0.689105
0.2098 0.689311
0.2099 0.689905
0.21 0.690794
0.2101 0.691033
0.2102 0.690722
0.2103 0.6907
0.2104 0.690848
0.2105 0.691113
0.2106 0.691033
0.2107 0.691217
0.2108 0.691444
0.2109 0.691441
0.211 0.691943
0.2111 0.692151
0.2112 0.692385
0.2113 0.692791
0.2114 0.692683
0.2115 0.693267
0.2116 0.693512
0.2117 0.693694
0.2118 0.693901
0.2119 0.694459
0.212 0.694869
0.2121 0.695373
0.2122 0.695706
0.2123 0.695839
0.2124 0.696287
0.2125 0.69658
0.2126 0.696564
0.2127 0.696587
0.2128 0.696931
0.2129 0.697265
0.213 0.697784
0.2131 0.697969
0.2132 0.697855
0.2133 0.698087
0.2134 0.698419
0.2135 0.698534
0.2136 0.699126
0.2137 0.698989
0.2138 0.699156
0.2139 0.699547
0.214 0.699713
0.2141 0.700315
0.2142 0.70072
0.2143 0.70145
0.2144 0.701487
0.2145 0.70188
0.2146 0.702701
0.2147 0.702973
0.2148 0.703434
0.2149 0.703637
0.215 0.704355
0.2151 0.70463
0.2152 0.705118
0.2153 0.705239
0.2154 0.705535
0.2155 0.705851
0.2156 0.706182
0.2157 0.70683
0.2158 0.706931
0.2159 0.707357
0.216 0.70771
0.2161 0.708122
0.2162 0.708532
0.2163 0.708585
0.2164 0.70918
0.2165 0.709578
0.2166 0.709703
0.2167 0.710001
0.2168 0.710424
0.2169 0.710817
0.217 0.711309
0.2171 0.711569
0.2172 0.711518
0.2173 0.711984
0.2174 0.712216
0.2175 0.712736
0.2176 0.713293
0.2177 0.71347
0.2178 0.713707
0.2179 0.714016
0.218 0.714184
0.2181 0.714298
0.2182 0.714627
0.2183 0.714976
0.2184 0.715248
0.2185 0.715468
0.2186 0.716019
0.2187 0.716269
0.2188 0.716583
0.2189 0.717186
0.219 0.71751
0.2191 0.718176
0.2192 0.718317
0.2193 0.718555
0.2194 0.719033
0.2195 0.719548
0.2196 0.72006
0.2197 0.720347
0.2198 0.720848
0.2199 0.721218
0.22 0.721274
0.2201 0.721572
0.2202 0.721729
0.2203 0.722549
0.2204 0.722597
0.2205 0.72315
0.2206 0.723384
0.2207 0.72396
0.2208 0.724438
0.2209 0.725067
0.221 0.725677
0.2211 0.726333
0.2212 0.726591
0.2213 0.726903
0.2214 0.726944
0.2215 0.727138
0.2216 0.727248
0.2217 0.727875
0.2218 0.727976
0.2219 0.728154
0.222 0.728525
0.2221 0.728742
0.2222 0.729404
0.2223 0.730187
0.2224 0.730808
0.2225 0.731522
0.2226 0.731936
0.2227 0.731958
0.2228 0.732377
0.2229 0.732293
0.223 0.73269
0.2231 0.733631
0.2232 0.733525
0.2233 0.733957
0.2234 0.734335
0.2235 0.734465
0.2236 0.734827
0.2237 0.734833
0.2238 0.734901
0.2239 0.735213
0.224 0.735861
0.2241 0.736299
0.2242 0.73697
0.2243 0.736928
0.2244 0.737316
0.2245 0.737852
0.2246 0.738326
0.2247 0.738389
0.2248 0.738582
0.2249 0.739012
0.225 0.739452
0.2251 0.74004
0.2252 0.740264
0.2253 0.740409
0.2254 0.740632
0.2255 0.740986
0.2256 0.741522
0.2257 0.74148
0.2258 0.741871
0.2259 0.742118
0.226 0.742536
0.2261 0.74324
0.2262 0.74313
0.2263 0.743645
0.2264 0.744514
0.2265 0.744873
0.2266 0.745132
0.2267 0.745141
0.2268 0.74548
0.2269 0.746115
0.227 0.746193
0.2271 0.746277
0.2272 0.74664
0.2273 0.746845
0.2274 0.747251
0.2275 0.747659
0.2276 0.747372
0.2277 0.747627
0.2278 0.747641
0.2279 0.74801
0.228 0.748335
0.2281 0.748509
0.2282 0.749191
0.2283 0.74921
0.2284 0.749111
0.2285 0.749278
0.2286 0.749745
0.2287 0.749505
0.2288 0.749846
0.2289 0.750459
0.229 0.750909
0.2291 0.750903
0.2292 0.750971
0.2293 0.751535
0.2294 0.752165
0.2295 0.752372
0.2296 0.752865
0.2297 0.753621
0.2298 0.753592
0.2299 0.75385
0.23 0.754096
0.2301 0.754052
0.2302 0.754356
0.2303 0.754546
0.2304 0.754652
0.2305 0.754936
0.2306 0.755058
0.2307 0.755328
0.2308 0.755901
0.2309 0.756163
0.231 0.756509
0.2311 0.756798
0.2312 0.757298
0.2313 0.757128
0.2314 0.757257
0.2315 0.757339
0.2316 0.757529
0.2317 0.75803
0.2318 0.758487
0.2319 0.759328
0.232 0.759309
0.2321 0.759691
0.2322 0.759524
0.2323 0.760209
0.2324 0.760322
0.2325 0.760749
0.2326 0.761271
0.2327 0.762002
0.2328 0.762592
0.2329 0.763199
0.233 0.763618
0.2331 0.764
0.2332 0.764552
0.2333 0.765115
0.2334 0.765691
0.2335 0.766097
0.2336 0.766777
0.2337 0.767376
0.2338 0.768
0.2339 0.768407
0.234 0.768732
0.2341 0.768526
0.2342 0.768788
0.2343 0.769069
0.2344 0.768989
0.2345 0.769303
0.2346 0.769364
0.2347 0.769616
0.2348 0.77039
0.2349 0.770938
0.235 0.770851
0.2351 0.771008
0.2352 0.771141
0.2353 0.771026
0.2354 0.771374
0.2355 0.771812
0.2356 0.772288
0.2357 0.77252
0.2358 0.773507
0.2359 0.773716
0.236 0.774007
0.2361 0.774569
0.2362 0.774552
0.2363 0.774796
0.2364 0.775352
0.2365 0.775971
0.2366 0.776261
0.2367 0.776319
0.2368 0.776846
0.2369 0.777349
0.237 0.777317
0.2371 0.777425
0.2372 0.777561
0.2373 0.778134
0.2374 0.778319
0.2375 0.778536
0.2376 0.779095
0.2377 0.779402
0.2378 0.780018
0.2379 0.780099
0.238 0.780433
0.2381 0.780842
0.2382 0.780952
0.2383 0.780811
0.2384 0.78055
0.2385 0.781169
0.2386 0.782003
0.2387 0.782509
0.2388 0.782894
0.2389 0.783151
0.239 0.783511
0.2391 0.783982
0.2392 0.784619
0.2393 0.785341
0.2394 0.785237
0.2395 0.785728
0.2396 0.785778
0.2397 0.785888
0.2398 0.786003
0.2399 0.785924
0.24 0.786131
0.2401 0.786866
0.2402 0.787044
0.2403 0.787218
0.2404 0.787805
0.2405 0.78825
0.2406 0.788575
0.2407 0.788922
0.2408 0.789117
0.2409 0.78966
0.241 0.790185
0.2411 0.790766
0.2412 0.791335
0.2413 0.791766
0.2414 0.792364
0.2415 0.79256
0.2416 0.79315
0.2417 0.792806
0.2418 0.793049
0.2419 0.793025
0.242 0.793301
0.2421 0.79392
0.2422 0.794367
0.2423 0.794795
0.2424 0.79532
0.2425 0.795816
0.2426 0.795883
0.2427 0.796052
0.2428 0.796061
0.2429 0.796114
0.243 0.796381
0.2431 0.796521
0.2432 0.796739
0.2433 0.797309
0.2434 0.797573
0.2435 0.797851
0.2436 0.798555
0.2437 0.798786
0.2438 0.799138
0.2439 0.799558
0.244 0.800189
0.2441 0.800292
0.2442 0.800387
0.2443 0.800887
0.2444 0.801547
0.2445 0.802007
0.2446 0.802582
0.2447 0.802929
0.2448 0.803317
0.2449 0.803463
0.245 0.803936
0.2451 0.804307
0.2452 0.804423
0.2453 0.80438
0.2454 0.804622
0.2455 0.804739
0.2456 0.80493
0.2457 0.805283
0.2458 0.805498
0.2459 0.805927
0.246 0.806291
0.2461 0.806422
0.2462 0.807041
0.2463 0.806987
0.2464 0.807086
0.2465 0.807139
0.2466 0.807263
0.2467 0.807821
0.2468 0.807862
0.2469 0.808265
0.247 0.808602
0.2471 0.808976
0.2472 0.809135
0.2473 0.809072
0.2474 0.809562
0.2475 0.810139
0.2476 0.809896
0.2477 0.810255
0.2478 0.810646
0.2479 0.811392
0.248 0.811654
0.2481 0.811904
0.2482 0.81224
0.2483 0.812621
0.2484 0.812958
0.2485 0.813425
0.2486 0.813921
0.2487 0.814394
0.2488 0.81489
0.2489 0.814774
0.249 0.814928
0.2491 0.815245
0.2492 0.815701
0.2493 0.815872
0.2494 0.815852
0.2495 0.816052
0.2496 0.816426
0.2497 0.816797
0.2498 0.817073
0.2499 0.817389
0.25 0.817906
0.2501 0.817981
0.2502 0.818024
0.2503 0.818632
0.2504 0.819019
0.2505 0.81917
0.2506 0.819527
0.2507 0.81937
0.2508 0.81957
0.2509 0.819605
0.251 0.820208
0.2511 0.820803
0.2512 0.820918
0.2513 0.820736
0.2514 0.820608
0.2515 0.821007
0.2516 0.821474
0.2517 0.821987
0.2518 0.822471
0.2519 0.822855
0.252 0.823066
0.2521 0.823277
0.2522 0.823133
0.2523 0.823451
0.2524 0.823857
0.2525 0.824073
0.2526 0.824263
0.2527 0.824477
0.2528 0.824942
0.2529 0.824778
0.253 0.825404
0.2531 0.825992
0.2532 0.826268
0.2533 0.826519
0.2534 0.82707
0.2535 0.827214
0.2536 0.827562
0.2537 0.828217
0.2538 0.828565
0.2539 0.828891
0.254 0.82918
0.2541 0.829876
0.2542 0.829896
0.2543 0.829975
0.2544 0.829968
0.2545 0.829941
0.2546 0.830654
0.2547 0.83109
0.2548 0.83136
0.2549 0.831905
0.255 0.832014
0.2551 0.832596
0.2552 0.832812
0.2553 0.832802
0.2554 0.83306
0.2555 0.833324
0.2556 0.833433
0.2557 0.833808
0.2558 0.833896
0.2559 0.83417
0.256 0.834425
0.2561 0.834606
0.2562 0.834541
0.2563 0.83503
0.2564 0.834941
0.2565 0.835491
0.2566 0.835893
0.2567 0.836177
0.2568 0.836154
0.2569 0.83675
0.257 0.837267
0.2571 0.837536
0.2572 0.837727
0.2573 0.838532
0.2574 0.838484
0.2575 0.83866
0.2576 0.839121
0.2577 0.838898
0.2578 0.839376
0.2579 0.839758
0.258 0.84047
0.2581 0.84072
0.2582 0.84104
0.2583 0.841376
0.2584 0.841452
0.2585 0.842063
0.2586 0.84189
0.2587 0.841739
0.2588 0.841909
0.2589 0.841877
0.259 0.842634
0.2591 0.842694
0.2592 0.842843
0.2593 0.842966
0.2594 0.843404
0.2595 0.84359
0.2596 0.843794
0.2597 0.843885
0.2598 0.844131
0.2599 0.844116
0.26 0.844051
0.2601 0.844018
0.2602 0.844359
0.2603 0.844467
0.2604 0.844904
0.2605 0.845124
0.2606 0.845245
0.2607 0.845776
0.2608 0.846623
0.2609 0.846855
0.261 0.847136
0.2611 0.847925
0.2612 0.847772
0.2613 0.847315
0.2614 0.847312
0.2615 0.847859
0.2616 0.848257
0.2617 0.848213
0.2618 0.848438
0.2619 0.848928
0.262 0.848492
0.2621 0.848708
0.2622 0.848587
0.2623 0.848976
0.2624 0.849514
0.2625 0.84981
0.2626 0.850095
0.2627 0.850195
0.2628 0.849862
0.2629 0.850349
0.263 0.850984
0.2631 0.851644
0.2632 0.852127
0.2633 0.852373
0.2634 0.85269
0.2635 0.853155
0.2636 0.853895
0.2637 0.853914
0.2638 0.854126
0.2639 0.854216
0.264 0.855046
0.2641 0.855095
0.2642 0.854992
0.2643 0.855142
0.2644 0.855254
0.2645 0.855452
0.2646 0.85555
0.2647 0.856149
0.2648 0.856565
0.2649 0.857141
0.265 0.857057
0.2651 0.857539
0.2652 0.857966
0.2653 0.858108
0.2654 0.858495
0.2655 0.858762
0.2656 0.858555
0.2657 0.858774
0.2658 0.859632
0.2659 0.860149
0.266 0.860418
0.2661 0.861012
0.2662 0.861078
0.2663 0.861131
0.2664 0.861053
0.2665 0.861553
0.2666 0.861615
0.2667 0.861854
0.2668 0.86178
0.2669 0.862503
0.267 0.862696
0.2671 0.862829
0.2672 0.862641
0.2673 0.863171
0.2674 0.863442
0.2675 0.863916
0.2676 0.863709
0.2677 0.863695
0.2678 0.863952
0.2679 0.864101
0.268 0.864195
0.2681 0.864279
0.2682 0.864573
0.2683 0.864959
0.2684 0.864871
0.2685 0.865002
0.2686 0.865494
0.2687 0.865761
0.2688 0.866249
0.2689 0.866533
0.269 0.866886
0.2691 0.867191
0.2692 0.867721
0.2693 0.867555
0.2694 0.867695
0.2695 0.86809
0.2696 0.868356
0.2697 0.868552
0.2698 0.868921
0.2699 0.869372
0.27 0.869576
0.2701 0.869793
0.2702 0.869922
0.2703 0.870122
0.2704 0.870272
0.2705 0.870806
0.2706 0.87096
0.2707 0.871398
0.2708 0.872014
0.2709 0.872525
0.271 0.872914
0.2711 0.873338
0.2712 0.873811
0.2713 0.874102
0.2714 0.874245
0.2715 0.874227
0.2716 0.874416
0.2717 0.874854
0.2718 0.875072
0.2719 0.875167
0.272 0.875409
0.2721 0.875501
0.2722 0.876014
0.2723 0.875688
0.2724 0.876088
0.2725 0.876021
0.2726 0.875771
0.2727 0.876444
0.2728 0.876475
0.2729 0.877189
0.273 0.87731
0.2731 0.877572
0.2732 0.87787
0.2733 0.878175
0.2734 0.878393
0.2735 0.87848
0.2736 0.878434
0.2737 0.879178
0.2738 0.879634
0.2739 0.88022
0.274 0.880724
0.2741 0.880882
0.2742 0.881161
0.2743 0.881077
0.2744 0.881656
0.2745 0.881206
0.2746 0.88141
0.2747 0.881353
0.2748 0.881414
0.2749 0.881679
0.275 0.881892
0.2751 0.881762
0.2752 0.882306
0.2753 0.882645
0.2754 0.883422
0.2755 0.884338
0.2756 0.885027
0.2757 0.884956
0.2758 0.885399
0.2759 0.885782
0.276 0.886271
0.2761 0.886223
0.2762 0.886591
0.2763 0.886872
0.2764 0.887539
0.2765 0.887935
0.2766 0.888035
0.2767 0.889004
0.2768 0.889603
0.2769 0.889894
0.277 0.890081
0.2771 0.890441
0.2772 0.891279
0.2773 0.891571
0.2774 0.892348
0.2775 0.892453
0.2776 0.893433
0.2777 0.894207
0.2778 0.894633
0.2779 0.894844
0.278 0.895329
0.2781 0.895965
0.2782 0.895636
0.2783 0.895534
0.2784 0.896086
0.2785 0.896381
0.2786 0.896661
0.2787 0.897068
0.2788 0.897483
0.2789 0.897975
0.279 0.898186
0.2791 0.898513
0.2792 0.899066
0.2793 0.899836
0.2794 0.899588
0.2795 0.900095
0.2796 0.900496
0.2797 0.900583
0.2798 0.900872
0.2799 0.901489
0.28 0.901971
0.2801 0.902081
0.2802 0.902666
0.2803 0.902815
0.2804 0.902856
0.2805 0.903073
0.2806 0.903273
0.2807 0.90396
0.2808 0.903941
0.2809 0.904749
0.281 0.904622
0.2811 0.904439
0.2812 0.90457
0.2813 0.904893
0.2814 0.905283
0.2815 0.905088
0.2816 0.90573
0.2817 0.905815
0.2818 0.90616
0.2819 0.906267
0.282 0.905993
0.2821 0.90649
0.2822 0.907015
0.2823 0.907411
0.2824 0.908088
0.2825 0.908317
0.2826 0.908445
0.2827 0.90899
0.2828 0.909474
0.2829 0.909089
0.283 0.909353
0.2831 0.909355
0.2832 0.909718
0.2833 0.910306
0.2834 0.910199
0.2835 0.91068
0.2836 0.910724
0.2837 0.911129
0.2838 0.910916
0.2839 0.911525
0.284 0.912113
0.2841 0.912583
0.2842 0.912955
0.2843 0.91315
0.2844 0.913112
0.2845 0.914178
0.2846 0.914775
0.2847 0.91504
0.2848 0.915076
0.2849 0.915429
0.285 0.91552
0.2851 0.915529
0.2852 0.915748
0.2853 0.916173
0.2854 0.91603
0.2855 0.91672
0.2856 0.917283
0.2857 0.917743
0.2858 0.917813
0.2859 0.91765
0.286 0.918169
0.2861 0.918138
0.2862 0.918232
0.2863 0.918834
0.2864 0.919427
0.2865 0.919801
0.2866 0.919827
0.2867 0.920099
0.2868 0.920425
0.2869 0.920325
0.287 0.920361
0.2871 0.920702
0.2872 0.92114
0.2873 0.921017
0.2874 0.921025
0.2875 0.921387
0.2876 0.921195
0.2877 0.921412
0.2878 0.921522
0.2879 0.921776
0.288 0.922211
0.2881 0.922405
0.2882 0.92295
0.2883 0.923299
0.2884 0.923606
0.2885 0.9242
0.2886 0.924531
0.2887 0.924695
0.2888 0.925198
0.2889 0.925193
0.289 0.925812
0.2891 0.926508
0.2892 0.926914
0.2893 0.927107
0.2894 0.927847
0.2895 0.928473
0.2896 0.928687
0.2897 0.928797
0.2898 0.929034
0.2899 0.92892
0.29 0.929731
0.2901 0.930332
0.2902 0.931059
0.2903 0.931044
0.2904 0.931468
0.2905 0.931436
0.2906 0.931948
0.2907 0.932099
0.2908 0.93218
0.2909 0.932393
0.291 0.932681
0.2911 0.932832
0.2912 0.932967
0.2913 0.93344
0.2914 0.933813
0.2915 0.934462
0.2916 0.934623
0.2917 0.935151
0.2918 0.935326
0.2919 0.935811
0.292 0.936045
0.2921 0.936737
0.2922 0.937066
0.2923 0.937467
0.2924 0.9378
0.2925 0.938361
0.2926 0.938913
0.2927 0.939468
0.2928 0.939592
0.2929 0.939728
0.293 0.940461
0.2931 0.94019
0.2932 0.940392
0.2933 0.941076
0.2934 0.941828
0.2935 0.942188
0.2936 0.942362
0.2937 0.943085
0.2938 0.943445
0.2939 0.943391
0.294 0.943904
0.2941 0.944461
0.2942 0.944679
0.2943 0.945336
0.2944 0.945532
0.2945 0.945718
0.2946 0.946087
0.2947 0.94602
0.2948 0.94616
0.2949 0.94651
0.295 0.946963
0.2951 0.947226
0.2952 0.948101
0.2953 0.948134
0.2954 0.947925
0.2955 0.94815
0.2956 0.948106
0.2957 0.948155
0.2958 0.949074
0.2959 0.949508
0.296 0.949939
0.2961 0.950337
0.2962 0.951104
0.2963 0.951553
0.2964 0.951845
0.2965 0.952185
0.2966 0.952365
0.2967 0.952504
0.2968 0.953022
0.2969 0.953036
0.297 0.953492
0.2971 0.954291
0.2972 0.954756
0.2973 0.954804
0.2974 0.955431
0.2975 0.955698
0.2976 0.956099
0.2977 0.956815
0.2978 0.956828
0.2979 0.956702
0.298 0.95705
0.2981 0.957713
0.2982 0.958065
0.2983 0.958553
0.2984 0.958835
0.2985 0.959658
0.2986 0.960108
0.2987 0.960509
0.2988 0.960463
0.2989 0.960858
0.299 0.962094
0.2991 0.962415
0.2992 0.962877
0.2993 0.963087
0.2994 0.963178
0.2995 0.963251
0.2996 0.963699
0.2997 0.964074
0.2998 0.964933
0.2999 0.965294
0.3 0.965727
0.3001 0.966004
0.3002 0.966042
0.3003 0.966244
0.3004 0.966849
0.3005 0.967123
0.3006 0.967414
0.3007 0.968075
0.3008 0.967747
0.3009 0.967902
0.301 0.96806
0.3011 0.968419
0.3012 0.968851
0.3013 0.969052
0.3014 0.969726
0.3015 0.970093
0.3016 0.97024
0.3017 0.97006
0.3018 0.970403
0.3019 0.971016
0.302 0.970907
0.3021 0.971061
0.3022 0.971085
0.3023 0.971544
0.3024 0.971997
0.3025 0.972337
0.3026 0.972519
0.3027 0.972864
0.3028 0.973089
0.3029 0.973486
0.303 0.973872
0.3031 0.974118
0.3032 0.974441
0.3033 0.974466
0.3034 0.974895
0.3035 0.975428
0.3036 0.975726
0.3037 0.976262
0.3038 0.977112
0.3039 0.977809
0.304 0.978237
0.3041 0.978423
0.3042 0.978343
0.3043 0.978564
0.3044 0.978789
0.3045 0.97921
0.3046 0.979522
0.3047 0.979309
0.3048 0.979548
0.3049 0.979875
0.305 0.980214
0.3051 0.980658
0.3052 0.980542
0.3053 0.980462
0.3054 0.980687
0.3055 0.981334
0.3056 0.981656
0.3057 0.982168
0.3058 0.982639
0.3059 0.9832
0.306 0.98349
0.3061 0.983312
0.3062 0.983486
0.3063 0.984057
0.3064 0.984415
0.3065 0.984818
0.3066 0.985675
0.3067 0.985719
0.3068 0.986258
0.3069 0.986234
0.307 0.986818
0.3071 0.987133
0.3072 0.987042
0.3073 0.987571
0.3074 0.987869
0.3075 0.988083
0.3076 0.988834
0.3077 0.989151
0.3078 0.989248
0.3079 0.989439
0.308 0.989418
0.3081 0.990012
0.3082 0.990322
0.3083 0.990686
0.3084 0.990913
0.3085 0.991424
0.3086 0.991638
0.3087 0.991775
0.3088 0.992409
0.3089 0.992793
0.309 0.993089
0.3091 0.99331
0.3092 0.993298
0.3093 0.993484
0.3094 0.993987
0.3095 0.994218
0.3096 0.994358
0.3097 0.994735
0.3098 0.995073
0.3099 0.995413
0.31 0.995507
0.3101 0.995221
0.3102 0.995309
0.3103 0.995357
0.3104 0.995917
0.3105 0.996653
0.3106 0.996983
0.3107 0.997786
0.3108 0.997972
0.3109 0.998555
0.311 0.998356
0.3111 0.998494
0.3112 0.998475
0.3113 0.998432
0.3114 0.998563
0.3115 0.998743
0.3116 0.99903
0.3117 0.999149
0.3118 1.0003
0.3119 1.00106
0.312 1.00131
0.3121 1.00132
0.3122 1.00199
0.3123 1.00222
0.3124 1.00294
0.3125 1.00316
0.3126 1.00357
0.3127 1.00384
0.3128 1.00418
0.3129 1.00424
0.313 1.0042
0.3131 1.00488
0.3132 1.00491
0.3133 1.0048
0.3134 1.0052
0.3135 1.00549
0.3136 1.00566
0.3137 1.00602
0.3138 1.00596
0.3139 1.00615
0.314 1.00657
0.3141 1.00652
0.3142 1.00721
0.3143 1.00716
0.3144 1.00752
0.3145 1.008
0.3146 1.00837
0.3147 1.00873
0.3148 1.00905
0.3149 1.00939
0.315 1.00949
0.3151 1.00994
0.3152 1.01019
0.3153 1.01077
0.3154 1.01079
0.3155 1.01094
0.3156 1.01145
0.3157 1.01138
0.3158 1.01105
0.3159 1.01167
0.316 1.01204
0.3161 1.01264
0.3162 1.01264
0.3163 1.01265
0.3164 1.01281
0.3165 1.01272
0.3166 1.01257
0.3167 1.0127
0.3168 1.01296
0.3169 1.01358
0.317 1.01368
0.3171 1.01422
0.3172 1.01422
0.3173 1.01438
0.3174 1.01431
0.3175 1.01438
0.3176 1.01491
0.3177 1.01489
0.3178 1.015
0.3179 1.01525
0.318 1.01518
0.3181 1.0153
0.3182 1.01617
0.3183 1.0168
0.3184 1.01731
0.3185 1.01784
0.3186 1.01819
0.3187 1.01791
0.3188 1.0181
0.3189 1.01821
0.319 1.01847
0.3191 1.01873
0.3192 1.01873
0.3193 1.01863
0.3194 1.01908
0.3195 1.01926
0.3196 1.0198
0.3197 1.01996
0.3198 1.01985
0.3199 1.02012
0.32 1.0203
0.3201 1.01994
0.3202 1.01989
0.3203 1.02
0.3204 1.02024
0.3205 1.02059
0.3206 1.02102
0.3207 1.0215
0.3208 1.022
0.3209 1.02239
0.321 1.0224
0.3211 1.02241
0.3212 1.02299
0.3213 1.02357
0.3214 1.0238
0.3215 1.02401
0.3216 1.02387
0.3217 1.0238
0.3218 1.02423
0.3219 1.02449
0.322 1.02497
0.3221 1.02533
0.3222 1.02615
0.3223 1.02688
0.3224 1.02702
0.3225 1.027
0.3226 1.02696
0.3227 1.02771
0.3228 1.02833
0.3229 1.02891
0.323 1.02918
0.3231 1.02972
0.3232 1.02995
0.3233 1.0301
0.3234 1.03045
0.3235 1.03063
0.3236 1.03118
0.3237 1.03165
0.3238 1.0318
0.3239 1.03202
0.324 1.03191
0.3241 1.03214
0.3242 1.03233
0.3243 1.03302
0.3244 1.03337
0.3245 1.03424
0.3246 1.03438
0.3247 1.03413
0.3248 1.03413
0.3249 1.03462
0.325 1.0352
0.3251 1.03553
0.3252 1.03568
0.3253 1.03609
0.3254 1.03599
0.3255 1.03621
0.3256 1.03623
0.3257 1.03611
0.3258 1.03677
0.3259 1.03753
0.326 1.03809
0.3261 1.03831
0.3262 1.03879
0.3263 1.03878
0.3264 1.03892
0.3265 1.03914
0.3266 1.03974
0.3267 1.04005
0.3268 1.04018
0.3269 1.04024
0.327 1.04052
0.3271 1.04062
0.3272 1.04112
0.3273 1.04127
0.3274 1.0417
0.3275 1.04217
0.3276 1.04291
0.3277 1.043
0.3278 1.04365
0.3279 1.04409
0.328 1.04415
0.3281 1.04436
0.3282 1.04507
0.3283 1.04544
0.3284 1.04554
0.3285 1.04576
0.3286 1.04621
0.3287 1.04646
0.3288 1.04649
0.3289 1.04722
0.329 1.04809
0.3291 1.04784
0.3292 1.04802
0.3293 1.04843
0.3294 1.04864
0.3295 1.04902
0.3296 1.04939
0.3297 1.04984
0.3298 1.0501
0.3299 1.0504
0.33 1.05052
0.3301 1.05103
0.3302 1.05144
0.3303 1.05206
0.3304 1.05239
0.3305 1.05307
0.3306 1.05325
0.3307 1.05363
0.3308 1.05435
0.3309 1.05468
0.331 1.05536
0.3311 1.05554
0.3312 1.05539
0.3313 1.05614
0.3314 1.05627
0.3315 1.05653
0.3316 1.05717
0.3317 1.0573
0.3318 1.05753
0.3319 1.05758
0.332 1.05829
0.3321 1.05855
0.3322 1.05904
0.3323 1.05921
0.3324 1.05955
0.3325 1.05994
0.3326 1.06019
0.3327 1.06043
0.3328 1.06163
0.3329 1.0614
0.333 1.0616
0.3331 1.06214
0.3332 1.06255
0.3333 1.06272
0.3334 1.06312
0.3335 1.06303
0.3336 1.06339
0.3337 1.0638
0.3338 1.06428
0.3339 1.0644
0.334 1.06401
0.3341 1.06462
0.3342 1.06478
0.3343 1.06528
0.3344 1.06543
0.3345 1.06611
0.3346 1.06669
0.3347 1.06708
0.3348 1.06733
0.3349 1.06731
0.335 1.06812
0.3351 1.06859
0.3352 1.0689
0.3353 1.06929
0.3354 1.07031
0.3355 1.07067
0.3356 1.07084
0.3357 1.07086
0.3358 1.07154
0.3359 1.07135
0.336 1.07124
0.3361 1.07217
0.3362 1.07261
0.3363 1.07293
0.3364 1.07322
0.3365 1.07379
0.3366 1.07416
0.3367 1.07382
0.3368 1.07378
0.3369 1.07351
0.337 1.07377
0.3371 1.07346
0.3372 1.07373
0.3373 1.07368
0.3374 1.07371
0.3375 1.07391
0.3376 1.07428
0.3377 1.07436
0.3378 1.07473
0.3379 1.07494
0.338 1.07566
0.3381 1.07569
0.3382 1.07616
0.3383 1.07664
0.3384 1.07643
0.3385 1.07679
0.3386 1.07705
0.3387 1.0777
0.3388 1.07769
0.3389 1.07759
0.339 1.07793
0.3391 1.07819
0.3392 1.07873
0.3393 1.07899
0.3394 1.07939
0.3395 1.07956
0.3396 1.07992
0.3397 1.08025
0.3398 1.08025
0.3399 1.08078
0.34 1.08088
0.3401 1.08088
0.3402 1.08146
0.3403 1.08206
0.3404 1.08208
0.3405 1.08259
0.3406 1.08272
0.3407 1.0829
0.3408 1.08315
0.3409 1.0836
0.341 1.08374
0.3411 1.08452
0.3412 1.08471
0.3413 1.08493
0.3414 1.08534
0.3415 1.08511
0.3416 1.08562
0.3417 1.0858
0.3418 1.08592
0.3419 1.08638
0.342 1.0869
0.3421 1.08709
0.3422 1.08736
0.3423 1.08802
0.3424 1.0885
0.3425 1.08891
0.3426 1.08915
0.3427 1.08954
0.3428 1.0898
0.3429 1.08996
0.343 1.09005
0.3431 1.09065
0.3432 1.09071
0.3433 1.09108
0.3434 1.09129
0.3435 1.09223
0.3436 1.09271
0.3437 1.09309
0.3438 1.09308
0.3439 1.09339
0.344 1.09372
0.3441 1.09387
0.3442 1.09419
0.3443 1.09419
0.3444 1.09429
0.3445 1.09458
0.3446 1.09512
0.3447 1.09547
0.3448 1.09618
0.3449 1.09616
0.345 1.09643
0.3451 1.09663
0.3452 1.09734
0.3453 1.09747
0.3454 1.09763
0.3455 1.09735
0.3456 1.09801
0.3457 1.09855
0.3458 1.09874
0.3459 1.09939
0.346 1.09975
0.3461 1.10042
0.3462 1.10106
0.3463 1.10117
0.3464 1.10195
0.3465 1.10183
0.3466 1.10194
0.3467 1.10178
0.3468 1.10213
0.3469 1.10255
0.347 1.10331
0.3471 1.10352
0.3472 1.10436
0.3473 1.10473
0.3474 1.10565
0.3475 1.10589
0.3476 1.10604
0.3477 1.10658
0.3478 1.1067
0.3479 1.10653
0.348 1.10643
0.3481 1.1066
0.3482 1.10744
0.3483 1.10782
0.3484 1.10838
0.3485 1.10901
0.3486 1.10912
0.3487 1.10934
0.3488 1.10929
0.3489 1.10992
0.349 1.11023
0.3491 1.11039
0.3492 1.11088
0.3493 1.11124
0.3494 1.11128
0.3495 1.11113
0.3496 1.11198
0.3497 1.11256
0.3498 1.11252
0.3499 1.11221
0.35 1.11254
0.3501 1.1128
0.3502 1.11324
0.3503 1.11341
0.3504 1.11387
0.3505 1.11413
0.3506 1.11468
0.3507 1.11458
0.3508 1.11515
0.3509 1.11496
0.351 1.11527
0.3511 1.11553
0.3512 1.11586
0.3513 1.11631
0.3514 1.11681
0.3515 1.11699
0.3516 1.11746
0.3517 1.11768
0.3518 1.11843
0.3519 1.11881
0.352 1.11958
0.3521 1.11988
0.3522 1.12057
0.3523 1.12094
0.3524 1.12157
0.3525 1.12192
0.3526 1.12216
0.3527 1.12285
0.3528 1.12337
0.3529 1.12366
0.353 1.1242
0.3531 1.12474
0.3532 1.12538
0.3533 1.12517
0.3534 1.12549
0.3535 1.12559
0.3536 1.12548
0.3537 1.12564
0.3538 1.12592
0.3539 1.12626
0.354 1.12663
0.3541 1.12709
0.3542 1.12713
0.3543 1.12738
0.3544 1.1278
0.3545 1.12836
0.3546 1.12824
0.3547 1.12876
0.3548 1.12894
0.3549 1.12908
0.355 1.12918
0.3551 1.1294
0.3552 1.12969
0.3553 1.12946
0.3554 1.12942
0.3555 1.12959
0.3556 1.12954
0.3557 1.13013
0.3558 1.12997
0.3559 1.1303
0.356 1.13082
0.3561 1.13148
0.3562 1.13157
0.3563 1.13179
0.3564 1.1317
0.3565 1.13207
0.3566 1.13228
0.3567 1.13312
0.3568 1.13324
0.3569 1.13319
0.357 1.1336
0.3571 1.13417
0.3572 1.13445
0.3573 1.13459
0.3574 1.13466
0.3575 1.1352
0.3576 1.13542
0.3577 1.1359
0.3578 1.13636
0.3579 1.13676
0.358 1.1371
0.3581 1.13708
0.3582 1.13686
0.3583 1.13742
0.3584 1.13769
0.3585 1.13776
0.3586 1.13794
0.3587 1.13825
0.3588 1.13856
0.3589 1.13892
0.359 1.13898
0.3591 1.13922
0.3592 1.13954
0.3593 1.13985
0.3594 1.14083
0.3595 1.14131
0.3596 1.14122
0.3597 1.14181
0.3598 1.14174
0.3599 1.14222
0.36 1.14227
0.3601 1.14305
0.3602 1.14356
0.3603 1.14402
0.3604 1.14465
0.3605 1.1454
0.3606 1.14572
0.3607 1.1458
0.3608 1.14546
0.3609 1.14559
0.361 1.14596
0.3611 1.14645
0.3612 1.14635
0.3613 1.14681
0.3614 1.14726
0.3615 1.14762
0.3616 1.14778
0.3617 1.14829
0.3618 1.1486
0.3619 1.14851
0.362 1.1486
0.3621 1.14874
0.3622 1.14846
0.3623 1.14885
0.3624 1.14904
0.3625 1.14976
0.3626 1.14978
0.3627 1.1498
0.3628 1.14964
0.3629 1.1501
0.363 1.15085
0.3631 1.15129
0.3632 1.15175
0.3633 1.1515
0.3634 1.15141
0.3635 1.15148
0.3636 1.15139
0.3637 1.15217
0.3638 1.15223
0.3639 1.15244
0.364 1.15259
0.3641 1.15306
0.3642 1.15367
0.3643 1.15425
0.3644 1.15442
0.3645 1.15469
0.3646 1.15496
0.3647 1.15498
0.3648 1.15502
0.3649 1.15613
0.365 1.1568
0.3651 1.15783
0.3652 1.15791
0.3653 1.15858
0.3654 1.15884
0.3655 1.15959
0.3656 1.15983
0.3657 1.15995
0.3658 1.16068
0.3659 1.16142
0.366 1.16119
0.3661 1.16153
0.3662 1.16178
0.3663 1.16178
0.3664 1.16177
0.3665 1.16223
0.3666 1.16228
0.3667 1.16242
0.3668 1.16201
0.3669 1.16256
0.367 1.1633
0.3671 1.16372
0.3672 1.1639
0.3673 1.16427
0.3674 1.16473
0.3675 1.16524
0.3676 1.1654
0.3677 1.16572
0.3678 1.16581
0.3679 1.1665
0.368 1.16646
0.3681 1.16681
0.3682 1.16696
0.3683 1.16687
0.3684 1.16793
0.3685 1.1683
0.3686 1.16863
0.3687 1.16926
0.3688 1.16973
0.3689 1.1703
0.369 1.17082
0.3691 1.17115
0.3692 1.1712
0.3693 1.17126
0.3694 1.1712
0.3695 1.17143
0.3696 1.17176
0.3697 1.17273
0.3698 1.17285
0.3699 1.17302
0.37 1.1737
0.3701 1.17487
0.3702 1.17494
0.3703 1.17442
0.3704 1.17505
0.3705 1.17549
0.3706 1.17564
0.3707 1.17621
0.3708 1.17615
0.3709 1.17694
0.371 1.17694
0.3711 1.17797
0.3712 1.17887
0.3713 1.17871
0.3714 1.17864
0.3715 1.17901
0.3716 1.17885
0.3717 1.17916
0.3718 1.17901
0.3719 1.17946
0.372 1.17989
0.3721 1.18023
0.3722 1.17977
0.3723 1.18001
0.3724 1.18034
0.3725 1.18072
0.3726 1.18097
0.3727 1.18151
0.3728 1.18206
0.3729 1.18187
0.373 1.18199
0.3731 1.18233
0.3732 1.18212
0.3733 1.18212
0.3734 1.18213
0.3735 1.1819
0.3736 1.18217
0.3737 1.18247
0.3738 1.18277
0.3739 1.18337
0.374 1.18343
0.3741 1.18389
0.3742 1.18456
0.3743 1.18503
0.3744 1.18531
0.3745 1.18557
0.3746 1.18614
0.3747 1.18621
0.3748 1.18662
0.3749 1.18653
0.375 1.18676
0.3751 1.18678
0.3752 1.18724
0.3753 1.18741
0.3754 1.18815
0.3755 1.18832
0.3756 1.18888
0.3757 1.18926
0.3758 1.18929
0.3759 1.18995
0.376 1.18974
0.3761 1.19047
0.3762 1.19119
0.3763 1.19146
0.3764 1.19137
0.3765 1.19141
0.3766 1.19168
0.3767 1.19154
0.3768 1.19232
0.3769 1.1926
0.377 1.1931
0.3771 1.19372
0.3772 1.19464
0.3773 1.19459
0.3774 1.19539
0.3775 1.19545
0.3776 1.19581
0.3777 1.19588
0.3778 1.19665
0.3779 1.19714
0.378 1.19724
0.3781 1.19748
0.3782 1.19799
0.3783 1.19848
0.3784 1.19863
0.3785 1.19932
0.3786 1.19988
0.3787 1.20013
0.3788 1.19993
0.3789 1.19972
0.379 1.20069
0.3791 1.20111
0.3792 1.20173
0.3793 1.20219
0.3794 1.20265
0.3795 1.20344
0.3796 1.20345
0.3797 1.20337
0.3798 1.20381
0.3799 1.20441
0.38 1.20467
0.3801 1.20499
0.3802 1.20548
0.3803 1.2056
0.3804 1.20583
0.3805 1.20625
0.3806 1.20614
0.3807 1.20669
0.3808 1.20672
0.3809 1.20763
0.381 1.2074
0.3811 1.20787
0.3812 1.20816
0.3813 1.20869
0.3814 1.20929
0.3815 1.20951
0.3816 1.20958
0.3817 1.21017
0.3818 1.21014
0.3819 1.21055
0.382 1.21116
0.3821 1.21195
0.3822 1.21213
0.3823 1.21183
0.3824 1.21229
0.3825 1.21281
0.3826 1.21311
0.3827 1.21358
0.3828 1.21383
0.3829 1.2141
0.383 1.21435
0.3831 1.21475
0.3832 1.21495
0.3833 1.21558
0.3834 1.2159
0.3835 1.21561
0.3836 1.2158
0.3837 1.21665
0.3838 1.21657
0.3839 1.21711
0.384 1.21698
0.3841 1.2174
0.3842 1.21748
0.3843 1.21813
0.3844 1.21827
0.3845 1.21795
0.3846 1.21798
0.3847 1.21784
0.3848 1.21839
0.3849 1.21866
0.385 1.21902
0.3851 1.21873
0.3852 1.21882
0.3853 1.21899
0.3854 1.2191
0.3855 1.21926
0.3856 1.21999
0.3857 1.22016
0.3858 1.22014
0.3859 1.22044
0.386 1.22096
0.3861 1.22091
0.3862 1.22132
0.3863 1.22182
0.3864 1.22257
0.3865 1.22293
0.3866 1.22367
0.3867 1.22431
0.3868 1.22417
0.3869 1.22413
0.387 1.22444
0.3871 1.2245
0.3872 1.22508
0.3873 1.22588
0.3874 1.22604
0.3875 1.2264
0.3876 1.22665
0.3877 1.2268
0.3878 1.22752
0.3879 1.22797
0.388 1.22841
0.3881 1.22888
0.3882 1.22936
0.3883 1.22984
0.3884 1.23009
0.3885 1.23066
0.3886 1.23104
0.3887 1.23135
0.3888 1.23151
0.3889 1.23177
0.389 1.23181
0.3891 1.23202
0.3892 1.23244
0.3893 1.233
0.3894 1.23287
0.3895 1.23289
0.3896 1.233
0.3897 1.23295
0.3898 1.23312
0.3899 1.23315
0.39 1.23334
0.3901 1.23397
0.3902 1.23427
0.3903 1.23456
0.3904 1.23487
0.3905 1.23521
0.3906 1.23574
0.3907 1.23642
0.3908 1.23704
0.3909 1.23735
0.391 1.23733
0.3911 1.23747
0.3912 1.23819
0.3913 1.23885
0.3914 1.23909
0.3915 1.23927
0.3916 1.24005
0.3917 1.24021
0.3918 1.24046
0.3919 1.24067
0.392 1.24039
0.3921 1.24048
0.3922 1.24076
0.3923 1.24128
0.3924 1.24187
0.3925 1.2424
0.3926 1.24252
0.3927 1.24306
0.3928 1.24319
0.3929 1.24376
0.393 1.24438
0.3931 1.24426
0.3932 1.24414
0.3933 1.24437
0.3934 1.24497
0.3935 1.24511
0.3936 1.24556
0.3937 1.2465
0.3938 1.24693
0.3939 1.24722
0.394 1.24714
0.3941 1.24679
0.3942 1.24758
0.3943 1.24783
0.3944 1.24862
0.3945 1.24903
0.3946 1.24883
0.3947 1.24952
0.3948 1.24899
0.3949 1.24913
0.395 1.24918
0.3951 1.24905
0.3952 1.24931
0.3953 1.24919
0.3954 1.24943
0.3955 1.25002
0.3956 1.2502
0.3957 1.2505
0.3958 1.25046
0.3959 1.25077
0.396 1.25081
0.3961 1.25074
0.3962 1.25115
0.3963 1.25179
0.3964 1.25251
0.3965 1.25254
0.3966 1.25213
0.3967 1.25217
0.3968 1.2526
0.3969 1.25303
0.397 1.25262
0.3971 1.25291
0.3972 1.25361
0.3973 1.2536
0.3974 1.25415
0.3975 1.25439
0.3976 1.25518
0.3977 1.25611
0.3978 1.25646
0.3979 1.25628
0.398 1.25695
0.3981 1.25747
0.3982 1.25762
0.3983 1.25781
0.3984 1.25804
0.3985 1.25797
0.3986 1.25798
0.3987 1.25825
0.3988 1.25885
0.3989 1.25914
0.399 1.25925
0.3991 1.25926
0.3992 1.25943
0.3993 1.25964
0.3994 1.26023
0.3995 1.26081
0.3996 1.26128
0.3997 1.26107
0.3998 1.26137
0.3999 1.26095
0.4 1.26079
0.4001 1.26079
0.4002 1.26068
0.4003 1.26076
0.4004 1.26069
0.4005 1.26104
0.4006 1.26069
0.4007 1.26105
0.4008 1.26178
0.4009 1.26169
0.401 1.26212
0.4011 1.26266
0.4012 1.26293
0.4013 1.26303
0.4014 1.2634
0.4015 1.26357
0.4016 1.2639
0.4017 1.2642
0.4018 1.26483
0.4019 1.26505
0.402 1.2653
0.4021 1.26545
0.4022 1.26531
0.4023 1.26544
0.4024 1.26534
0.4025 1.26571
0.4026 1.26587
0.4027 1.26656
0.4028 1.26674
0.4029 1.26716
0.403 1.26754
0.4031 1.26753
0.4032 1.26801
0.4033 1.26858
0.4034 1.26864
0.4035 1.26901
0.4036 1.26916
0.4037 1.26959
0.4038 1.26944
0.4039 1.27007
0.404 1.2701
0.4041 1.2697
0.4042 1.27074
0.4043 1.27094
0.4044 1.27125
0.4045 1.27143
0.4046 1.27184
0.4047 1.27251
0.4048 1.27296
0.4049 1.27361
0.405 1.27343
0.4051 1.27387
0.4052 1.27423
0.4053 1.27469
0.4054 1.27488
0.4055 1.27445
0.4056 1.27468
0.4057 1.27521
0.4058 1.27556
0.4059 1.27593
0.406 1.2765
0.4061 1.2765
0.4062 1.27675
0.4063 1.27694
0.4064 1.27684
0.4065 1.27696
0.4066 1.27758
0.4067 1.27771
0.4068 1.2775
0.4069 1.27821
0.407 1.278
0.4071 1.27886
0.4072 1.27897
0.4073 1.27943
0.4074 1.27994
0.4075 1.28057
0.4076 1.28094
0.4077 1.28117
0.4078 1.28178
0.4079 1.28208
0.408 1.2825
0.4081 1.28265
0.4082 1.28283
0.4083 1.28299
0.4084 1.28367
0.4085 1.28323
0.4086 1.2834
0.4087 1.28364
0.4088 1.28368
0.4089 1.28401
0.409 1.28407
0.4091 1.28436
0.4092 1.28465
0.4093 1.2847
0.4094 1.28492
0.4095 1.28546
0.4096 1.28617
0.4097 1.28652
0.4098 1.28679
0.4099 1.2872
0.41 1.28755
0.4101 1.2878
0.4102 1.28801
0.4103 1.28829
0.4104 1.2886
0.4105 1.2887
0.4106 1.28897
0.4107 1.28924
0.4108 1.28985
0.4109 1.29047
0.411 1.29068
0.4111 1.2907
0.4112 1.29073
0.4113 1.29028
0.4114 1.29057
0.4115 1.29116
0.4116 1.29116
0.4117 1.29135
0.4118 1.29161
0.4119 1.29166
0.412 1.29175
0.4121 1.29202
0.4122 1.29188
0.4123 1.29218
0.4124 1.29242
0.4125 1.29282
0.4126 1.2934
0.4127 1.29386
0.4128 1.29378
0.4129 1.29431
0.413 1.29507
0.4131 1.29557
0.4132 1.29587
0.4133 1.29643
0.4134 1.29612
0.4135 1.29678
0.4136 1.29693
0.4137 1.2974
0.4138 1.29738
0.4139 1.29843
0.414 1.29907
0.4141 1.29952
0.4142 1.29931
0.4143 1.29947
0.4144 1.2999
0.4145 1.30016
0.4146 1.301
0.4147 1.30195
0.4148 1.30213
0.4149 1.30222
0.415 1.30265
0.4151 1.30273
0.4152 1.30257
0.4153 1.30265
0.4154 1.30285
0.4155 1.3029
0.4156 1.30319
0.4157 1.30373
0.4158 1.30419
0.4159 1.30514
0.416 1.30553
0.4161 1.30586
0.4162 1.30625
0.4163 1.30617
0.4164 1.30628
0.4165 1.30651
0.4166 1.30605
0.4167 1.30668
0.4168 1.30724
0.4169 1.30811
0.417 1.30832
0.4171 1.30892
0.4172 1.30886
0.4173 1.3094
0.4174 1.30925
0.4175 1.30929
0.4176 1.30937
0.4177 1.30946
0.4178 1.30986
0.4179 1.30994
0.418 1.30991
0.4181 1.30995
0.4182 1.3098
0.4183 1.31068
0.4184 1.31073
0.4185 1.31134
0.4186 1.3117
0.4187 1.31166
0.4188 1.31214
0.4189 1.31235
0.419 1.31229
0.4191 1.31282
0.4192 1.31332
0.4193 1.31386
0.4194 1.31423
0.4195 1.31452
0.4196 1.31471
0.4197 1.3146
0.4198 1.31459
0.4199 1.31413
0.42 1.31444
0.4201 1.31474
0.4202 1.31491
0.4203 1.31625
0.4204 1.31632
0.4205 1.31593
0.4206 1.31615
0.4207 1.31665
0.4208 1.31696
0.4209 1.31761
0.421 1.3177
0.4211 1.31838
0.4212 1.31825
0.4213 1.31874
0.4214 1.3188
0.4215 1.31881
0.4216 1.31882
0.4217 1.31905
0.4218 1.32009
0.4219 1.32085
0.422 1.32127
0.4221 1.32161
0.4222 1.32149
0.4223 1.322
0.4224 1.32197
0.4225 1.32268
0.4226 1.32257
0.4227 1.32314
0.4228 1.32305
0.4229 1.3234
0.423 1.32361
0.4231 1.32377
0.4232 1.3245
0.4233 1.32524
0.4234 1.32567
0.4235 1.32598
0.4236 1.32629
0.4237 1.32654
0.4238 1.32694
0.4239 1.32703
0.424 1.32676
0.4241 1.32672
0.4242 1.32724
0.4243 1.32769
0.4244 1.3286
0.4245 1.32952
0.4246 1.32976
0.4247 1.32967
0.4248 1.32903
0.4249 1.32901
0.425 1.32964
0.4251 1.33006
0.4252 1.32989
0.4253 1.33061
0.4254 1.33082
0.4255 1.33082
0.4256 1.33067
0.4257 1.33037
0.4258 1.33129
0.4259 1.3316
0.426 1.33139
0.4261 1.33174
0.4262 1.33176
0.4263 1.332
0.4264 1.33248
0.4265 1.33272
0.4266 1.33317
0.4267 1.3335
0.4268 1.33383
0.4269 1.33426
0.427 1.33461
0.4271 1.33462
0.4272 1.33521
0.4273 1.3353
0.4274 1.3359
0.4275 1.33632
0.4276 1.33638
0.4277 1.33622
0.4278 1.3363
0.4279 1.33641
0.428 1.33701
0.4281 1.33741
0.4282 1.3375
0.4283 1.33832
0.4284 1.3377
0.4285 1.33768
0.4286 1.33724
0.4287 1.33717
0.4288 1.33752
0.4289 1.33814
0.429 1.33828
0.4291 1.3385
0.4292 1.33868
0.4293 1.33857
0.4294 1.33847
0.4295 1.33834
0.4296 1.33914
0.4297 1.33951
0.4298 1.33991
0.4299 1.34034
0.43 1.34089
0.4301 1.34114
0.4302 1.34141
0.4303 1.34189
0.4304 1.34234
0.4305 1.3423
0.4306 1.34317
0.4307 1.34333
0.4308 1.3428
0.4309 1.3433
0.431 1.34391
0.4311 1.34394
0.4312 1.34409
0.4313 1.34472
0.4314 1.34466
0.4315 1.34417
0.4316 1.34394
0.4317 1.3441
0.4318 1.34402
0.4319 1.34448
0.432 1.34502
0.4321 1.34528
0.4322 1.34494
0.4323 1.34545
0.4324 1.34536
0.4325 1.34585
0.4326 1.34617
0.4327 1.34652
0.4328 1.34657
0.4329 1.34742
0.433 1.34792
0.4331 1.34873
0.4332 1.34905
0.4333 1.34921
0.4334 1.35012
0.4335 1.35025
0.4336 1.35053
0.4337 1.35048
0.4338 1.35081
0.4339 1.35102
0.434 1.35154
0.4341 1.35155
0.4342 1.35185
0.4343 1.35214
0.4344 1.35256
0.4345 1.35325
0.4346 1.35311
0.4347 1.35349
0.4348 1.35399
0.4349 1.35461
0.435 1.35509
0.4351 1.35524
0.4352 1.3552
0.4353 1.356
0.4354 1.35708
0.4355 1.35708
0.4356 1.35721
0.4357 1.35736
0.4358 1.35759
0.4359 1.35825
0.436 1.35795
0.4361 1.35833
0.4362 1.35864
0.4363 1.35925
0.4364 1.35925
0.4365 1.35962
0.4366 1.36059
0.4367 1.36061
0.4368 1.36099
0.4369 1.36116
0.437 1.36148
0.4371 1.36195
0.4372 1.36195
0.4373 1.36224
0.4374 1.36259
0.4375 1.3624
0.4376 1.36277
0.4377 1.36282
0.4378 1.36238
0.4379 1.36288
0.438 1.36309
0.4381 1.36426
0.4382 1.36464
0.4383 1.36475
0.4384 1.36528
0.4385 1.36545
0.4386 1.36578
0.4387 1.36622
0.4388 1.36606
0.4389 1.36611
0.439 1.36641
0.4391 1.36687
0.4392 1.36674
0.4393 1.36663
0.4394 1.36705
0.4395 1.36688
0.4396 1.36702
0.4397 1.36793
0.4398 1.36794
0.4399 1.36834
0.44 1.36902
0.4401 1.36965
0.4402 1.36984
0.4403 1.36972
0.4404 1.37042
0.4405 1.37093
0.4406 1.3717
0.4407 1.37187
0.4408 1.37228
0.4409 1.37219
0.441 1.37273
0.4411 1.37324
0.4412 1.37337
0.4413 1.37383
0.4414 1.374
0.4415 1.37406
0.4416 1.37481
0.4417 1.37494
0.4418 1.37492
0.4419 1.37518
0.442 1.37495
0.4421 1.3756
0.4422 1.37669
0.4423 1.3774
0.4424 1.3776
0.4425 1.37832
0.4426 1.37859
0.4427 1.37846
0.4428 1.37862
0.4429 1.37889
0.443 1.37904
0.4431 1.3791
0.4432 1.37907
0.4433 1.37921
0.4434 1.37914
0.4435 1.3793
0.4436 1.37949
0.4437 1.38019
0.4438 1.38039
0.4439 1.38125
0.444 1.38152
0.4441 1.38179
0.4442 1.38239
0.4443 1.38317
0.4444 1.38386
0.4445 1.38456
0.4446 1.38504
0.4447 1.38546
0.4448 1.38571
0.4449 1.38562
0.445 1.38543
0.4451 1.38574
0.4452 1.38626
0.4453 1.38672
0.4454 1.38683
0.4455 1.38655
0.4456 1.38662
0.4457 1.38694
0.4458 1.38793
0.4459 1.38846
0.446 1.38853
0.4461 1.38841
0.4462 1.38877
0.4463 1.38983
0.4464 1.38981
0.4465 1.3902
0.4466 1.39026
0.4467 1.39026
0.4468 1.39064
0.4469 1.39091
0.447 1.39168
0.4471 1.39213
0.4472 1.39214
0.4473 1.39212
0.4474 1.39234
0.4475 1.39276
0.4476 1.39307
0.4477 1.39368
0.4478 1.39365
0.4479 1.39421
0.448 1.3947
0.4481 1.39437
0.4482 1.39507
0.4483 1.39519
0.4484 1.39568
0.4485 1.39603
0.4486 1.39667
0.4487 1.39658
0.4488 1.39646
0.4489 1.39605
0.449 1.39631
0.4491 1.39644
0.4492 1.39679
0.4493 1.39757
0.4494 1.39856
0.4495 1.39895
0.4496 1.39939
0.4497 1.40001
0.4498 1.40006
0.4499 1.40054
0.45 1.40145
0.4501 1.4011
0.4502 1.40148
0.4503 1.40166
0.4504 1.40184
0.4505 1.40202
0.4506 1.40294
0.4507 1.40358
0.4508 1.40379
0.4509 1.40402
0.451 1.40399
0.4511 1.40429
0.4512 1.40401
0.4513 1.40398
0.4514 1.40379
0.4515 1.40426
0.4516 1.40417
0.4517 1.40453
0.4518 1.40522
0.4519 1.40538
0.452 1.40519
0.4521 1.40583
0.4522 1.40621
0.4523 1.40653
0.4524 1.40626
0.4525 1.406
0.4526 1.4059
0.4527 1.40677
0.4528 1.40692
0.4529 1.40736
0.453 1.40749
0.4531 1.40792
0.4532 1.40857
0.4533 1.40875
0.4534 1.40876
0.4535 1.40889
0.4536 1.40956
0.4537 1.40989
0.4538 1.41025
0.4539 1.40996
0.454 1.41069
0.4541 1.4114
0.4542 1.41154
0.4543 1.41212
0.4544 1.41223
0.4545 1.41258
0.4546 1.41268
0.4547 1.41323
0.4548 1.4137
0.4549 1.41407
0.455 1.41411
0.4551 1.41468
0.4552 1.4153
0.4553 1.41514
0.4554 1.41566
0.4555 1.41622
0.4556 1.41597
0.4557 1.41611
0.4558 1.41682
0.4559 1.41727
0.456 1.41791
0.4561 1.41869
0.4562 1.41965
0.4563 1.41939
0.4564 1.41991
0.4565 1.42035
0.4566 1.42105
0.4567 1.42121
0.4568 1.42123
0.4569 1.42124
0.457 1.42195
0.4571 1.42201
0.4572 1.42166
0.4573 1.4214
0.4574 1.4217
0.4575 1.42162
0.4576 1.42168
0.4577 1.4217
0.4578 1.42208
0.4579 1.42222
0.458 1.42285
0.4581 1.42309
0.4582 1.42335
0.4583 1.42374
0.4584 1.42343
0.4585 1.42434
0.4586 1.42449
0.4587 1.42516
0.4588 1.42546
0.4589 1.42584
0.459 1.42668
0.4591 1.42719
0.4592 1.42775
0.4593 1.42795
0.4594 1.42796
0.4595 1.42826
0.4596 1.42845
0.4597 1.42797
0.4598 1.42864
0.4599 1.42835
0.46 1.42863
0.4601 1.42978
0.4602 1.43005
0.4603 1.43029
0.4604 1.43022
0.4605 1.4314
0.4606 1.4321
0.4607 1.43295
0.4608 1.43295
0.4609 1.43349
0.461 1.43354
0.4611 1.43382
0.4612 1.43377
0.4613 1.43325
0.4614 1.43376
0.4615 1.43401
0.4616 1.43444
0.4617 1.43493
0.4618 1.43569
0.4619 1.43601
0.462 1.43649
0.4621 1.43655
0.4622 1.43645
0.4623 1.4365
0.4624 1.43707
0.4625 1.43733
0.4626 1.43709
0.4627 1.43723
0.4628 1.43806
0.4629 1.43791
0.463 1.43813
0.4631 1.43852
0.4632 1.43881
0.4633 1.43891
0.4634 1.43915
0.4635 1.43932
0.4636 1.44017
0.4637 1.44067
0.4638 1.44092
0.4639 1.44163
0.464 1.44172
0.4641 1.44263
0.4642 1.4431
0.4643 1.44316
0.4644 1.44373
0.4645 1.44357
0.4646 1.44425
0.4647 1.44441
0.4648 1.4445
0.4649 1.44445
0.465 1.44453
0.4651 1.4447
0.4652 1.44536
0.4653 1.44511
0.4654 1.44565
0.4655 1.44603
0.4656 1.44593
0.4657 1.44637
0.4658 1.44694
0.4659 1.44738
0.466 1.44747
0.4661 1.44681
0.4662 1.44729
0.4663 1.44781
0.4664 1.44797
0.4665 1.4491
0.4666 1.44981
0.4667 1.44938
0.4668 1.44972
0.4669 1.44975
0.467 1.45027
0.4671 1.45066
0.4672 1.45092
0.4673 1.45094
0.4674 1.45068
0.4675 1.45135
0.4676 1.45207
0.4677 1.45238
0.4678 1.4527
0.4679 1.45336
0.468 1.45378
0.4681 1.45393
0.4682 1.45384
0.4683 1.454
0.4684 1.45471
0.4685 1.45486
0.4686 1.45497
0.4687 1.45561
0.4688 1.4558
0.4689 1.45619
0.469 1.45663
0.4691 1.45695
0.4692 1.45729
0.4693 1.45759
0.4694 1.45746
0.4695 1.45804
0.4696 1.45765
0.4697 1.45755
0.4698 1.45823
0.4699 1.45801
0.47 1.45838
0.4701 1.45859
0.4702 1.45903
0.4703 1.45943
0.4704 1.45972
0.4705 1.4597
0.4706 1.46068
0.4707 1.46144
0.4708 1.46116
0.4709 1.46141
0.471 1.46107
0.4711 1.46129
0.4712 1.46158
0.4713 1.46182
0.4714 1.46208
0.4715 1.46251
0.4716 1.4625
0.4717 1.46303
0.4718 1.46301
0.4719 1.46324
0.472 1.46314
0.4721 1.46308
0.4722 1.46353
0.4723 1.46428
0.4724 1.46461
0.4725 1.46457
0.4726 1.46526
0.4727 1.46604
0.4728 1.46683
0.4729 1.46711
0.473 1.46674
0.4731 1.46737
0.4732 1.46832
0.4733 1.46843
0.4734 1.46867
0.4735 1.46885
0.4736 1.4684
0.4737 1.46897
0.4738 1.46887
0.4739 1.46904
0.474 1.4693
0.4741 1.46926
0.4742 1.46923
0.4743 1.46906
0.4744 1.46995
0.4745 1.47017
0.4746 1.47075
0.4747 1.47125
0.4748 1.47185
0.4749 1.47167
0.475 1.47191
0.4751 1.4726
0.4752 1.47308
0.4753 1.47411
0.4754 1.47408
0.4755 1.47413
0.4756 1.47419
0.4757 1.47485
0.4758 1.47491
0.4759 1.47562
0.476 1.47601
0.4761 1.47614
0.4762 1.47591
0.4763 1.47599
0.4764 1.47564
0.4765 1.47569
0.4766 1.47605
0.4767 1.47599
0.4768 1.47628
0.4769 1.47671
0.477 1.47632
0.4771 1.47659
0.4772 1.47721
0.4773 1.47741
0.4774 1.47727
0.4775 1.47716
0.4776 1.47786
0.4777 1.47806
0.4778 1.4783
0.4779 1.47886
0.478 1.47897
0.4781 1.47941
0.4782 1.47991
0.4783 1.48005
0.4784 1.48058
0.4785 1.48074
0.4786 1.48113
0.4787 1.48144
0.4788 1.48157
0.4789 1.48184
0.479 1.48164
0.4791 1.48174
0.4792 1.482
0.4793 1.4822
0.4794 1.48259
0.4795 1.48291
0.4796 1.48311
0.4797 1.48329
0.4798 1.48264
0.4799 1.48255
0.48 1.4827
0.4801 1.48289
0.4802 1.48337
0.4803 1.48359
0.4804 1.48337
0.4805 1.48429
0.4806 1.48457
0.4807 1.48459
0.4808 1.48477
0.4809 1.48421
0.481 1.48449
0.4811 1.48462
0.4812 1.48486
0.4813 1.48519
0.4814 1.48535
0.4815 1.48591
0.4816 1.48648
0.4817 1.48639
0.4818 1.48674
0.4819 1.48705
0.482 1.48736
0.4821 1.48748
0.4822 1.48802
0.4823 1.488
0.4824 1.4886
0.4825 1.48803
0.4826 1.488
0.4827 1.48838
0.4828 1.48831
0.4829 1.48855
0.483 1.48856
0.4831 1.48901
0.4832 1.4895
0.4833 1.48954
0.4834 1.48985
0.4835 1.49087
0.4836 1.49121
0.4837 1.49154
0.4838 1.49204
0.4839 1.49189
0.484 1.49212
0.4841 1.49229
0.4842 1.49209
0.4843 1.49186
0.4844 1.49201
0.4845 1.49257
0.4846 1.49278
0.4847 1.49241
0.4848 1.49271
0.4849 1.49287
0.485 1.49297
0.4851 1.49317
0.4852 1.49294
0.4853 1.49328
0.4854 1.49313
0.4855 1.49313
0.4856 1.49375
0.4857 1.49436
0.4858 1.49452
0.4859 1.49547
0.486 1.49559
0.4861 1.49643
0.4862 1.49677
0.4863 1.49673
0.4864 1.49701
0.4865 1.49744
0.4866 1.49791
0.4867 1.49791
0.4868 1.49786
0.4869 1.49863
0.487 1.49862
0.4871 1.49855
0.4872 1.49903
0.4873 1.49928
0.4874 1.49946
0.4875 1.49984
0.4876 1.50037
0.4877 1.50027
0.4878 1.50087
0.4879 1.50102
0.488 1.50137
0.4881 1.50164
0.4882 1.50253
0.4883 1.50287
0.4884 1.50353
0.4885 1.50328
0.4886 1.50315
0.4887 1.50336
0.4888 1.50345
0.4889 1.50369
0.489 1.50422
0.4891 1.50463
0.4892 1.50492
0.4893 1.505
0.4894 1.50537
0.4895 1.50536
0.4896 1.50583
0.4897 1.5061
0.4898 1.50611
0.4899 1.50638
0.49 1.50636
0.4901 1.5064
0.4902 1.50665
0.4903 1.507
0.4904 1.50716
0.4905 1.50682
0.4906 1.50688
0.4907 1.50689
0.4908 1.5072
0.4909 1.50775
0.491 1.50772
