0 0
0.0001 0.000401641
0.0002 0.000795577
0.0003 0.00120208
0.0004 0.00159718
0.0005 0.0020065
0.0006 0.00240135
0.0007 0.00278877
0.0008 0.00318998
0.0009 0.00356944
0.001 0.00397901
0.0011 0.00438007
0.0012 0.00475965
0.0013 0.00517302
0.0014 0.00555075
0.0015 0.00592921
0.0016 0.00630294
0.0017 0.00670943
0.0018 0.00707464
0.0019 0.00747771
0.002 0.00789704
0.0021 0.00827131
0.0022 0.00863301
0.0023 0.00902427
0.0024 0.00940271
0.0025 0.00982785
0.0026 0.0102315
0.0027 0.0105739
0.0028 0.0110026
0.0029 0.0113951
0.003 0.0117974
0.0031 0.0122006
0.0032 0.0126202
0.0033 0.0130358
0.0034 0.0133841
0.0035 0.0137588
0.0036 0.0141584
0.0037 0.0146628
0.0038 0.0150978
0.0039 0.0155077
0.004 0.0158956
0.0041 0.0162727
0.0042 0.016655
0.0043 0.0171249
0.0044 0.0175936
0.0045 0.0180128
0.0046 0.0184566
0.0047 0.0188792
0.0048 0.01934
0.0049 0.0197696
0.005 0.0202307
0.0051 0.0206401
0.0052 0.0210779
0.0053 0.021495
0.0054 0.0218934
0.0055 0.022245
0.0056 0.0226942
0.0057 0.0231291
0.0058 0.023534
0.0059 0.0239862
0.006 0.0243593
0.0061 0.02479
0.0062 0.0251856
0.0063 0.0256779
0.0064 0.0260993
0.0065 0.0264936
0.0066 0.0268973
0.0067 0.027351
0.0068 0.0277382
0.0069 0.0281687
0.007 0.0286128
0.0071 0.0289635
0.0072 0.0293824
0.0073 0.0298081
0.0074 0.0303053
0.0075 0.0306896
0.0076 0.0310855
0.0077 0.0314778
0.0078 0.031917
0.0079 0.0323393
0.008 0.0327828
0.0081 0.0331992
0.0082 0.0335675
0.0083 0.0339019
0.0084 0.0342796
0.0085 0.0347579
0.0086 0.0351436
0.0087 0.0354648
0.0088 0.0358772
0.0089 0.0363284
0.009 0.0367625
0.0091 0.0371294
0.0092 0.0375024
0.0093 0.0379182
0.0094 0.0384212
0.0095 0.0388203
0.0096 0.0392383
0.0097 0.0395638
0.0098 0.039945
0.0099 0.0404056
0.01 0.0407865
0.0101 0.0411578
0.0102 0.0413641
0.0103 0.0417363
0.0104 0.0421408
0.0105 0.0425691
0.0106 0.0430205
0.0107 0.0433888
0.0108 0.0437557
0.0109 0.0441755
0.011 0.0445406
0.0111 0.0449681
0.0112 0.0453858
0.0113 0.0457448
0.0114 0.0461033
0.0115 0.0465017
0.0116 0.0469507
0.0117 0.0472515
0.0118 0.0475576
0.0119 0.0480425
0.012 0.0485328
0.0121 0.0488194
0.0122 0.0492601
0.0123 0.0497582
0.0124 0.0500612
0.0125 0.0504978
0.0126 0.0508907
0.0127 0.0512246
0.0128 0.0516641
0.0129 0.0521391
0.013 0.0524876
0.0131 0.0529137
0.0132 0.0534203
0.0133 0.0538505
0.0134 0.0541648
0.0135 0.0546962
0.0136 0.0551075
0.0137 0.0554893
0.0138 0.0559411
0.0139 0.0563525
0.014 0.0567769
0.0141 0.0571119
0.0142 0.0575133
0.0143 0.057938
0.0144 0.0584899
0.0145 0.0589089
0.0146 0.059435
0.0147 0.0598251
0.0148 0.0602072
0.0149 0.060566
0.015 0.0609914
0.0151 0.0613186
0.0152 0.0617382
0.0153 0.0622526
0.0154 0.0627407
0.0155 0.0631448
0.0156 0.0635878
0.0157 0.0639331
0.0158 0.064393
0.0159 0.0647488
0.016 0.0650412
0.0161 0.0653224
0.0162 0.0657235
0.0163 0.0662621
0.0164 0.0666448
0.0165 0.0669811
0.0166 0.0673654
0.0167 0.0676875
0.0168 0.0680983
0.0169 0.0685201
0.017 0.0690096
0.0171 0.0694121
0.0172 0.0697317
0.0173 0.0702115
0.0174 0.0705892
0.0175 0.0710705
0.0176 0.071417
0.0177 0.0717743
0.0178 0.0721237
0.0179 0.0725931
0.018 0.0728852
0.0181 0.0732971
0.0182 0.0736653
0.0183 0.0740439
0.0184 0.0744561
0.0185 0.0747543
0.0186 0.0750059
0.0187 0.0753728
0.0188 0.0757696
0.0189 0.0761007
0.019 0.0766361
0.0191 0.0770803
0.0192 0.0774549
0.0193 0.0777783
0.0194 0.0781564
0.0195 0.0784741
0.0196 0.0788615
0.0197 0.0792636
0.0198 0.0796225
0.0199 0.0799122
0.02 0.0805265
0.0201 0.0807508
0.0202 0.0810819
0.0203 0.0813912
0.0204 0.0817949
0.0205 0.0821891
0.0206 0.0826101
0.0207 0.0829817
0.0208 0.0835097
0.0209 0.0839548
0.021 0.0843333
0.0211 0.0847689
0.0212 0.0852068
0.0213 0.0855118
0.0214 0.0858302
0.0215 0.0863271
0.0216 0.0867249
0.0217 0.0871786
0.0218 0.0874472
0.0219 0.0878051
0.022 0.0882298
0.0221 0.0887422
0.0222 0.0890981
0.0223 0.0895781
0.0224 0.0899738
0.0225 0.0903842
0.0226 0.0909126
0.0227 0.0914659
0.0228 0.0918496
0.0229 0.0923402
0.023 0.0927142
0.0231 0.0931526
0.0232 0.0937284
0.0233 0.0939641
0.0234 0.0945526
0.0235 0.0948685
0.0236 0.095171
0.0237 0.0955977
0.0238 0.0959208
0.0239 0.0963086
0.024 0.0967388
0.0241 0.0969465
0.0242 0.0972785
0.0243 0.0976732
0.0244 0.0979394
0.0245 0.0985357
0.0246 0.0988181
0.0247 0.0992981
0.0248 0.0996788
0.0249 0.100013
0.025 0.100385
0.0251 0.100628
0.0252 0.101171
0.0253 0.101618
0.0254 0.102136
0.0255 0.102508
0.0256 0.102924
0.0257 0.103259
0.0258 0.103667
0.0259 0.103995
0.026 0.104275
0.0261 0.104507
0.0262 0.104671
0.0263 0.105016
0.0264 0.105518
0.0265 0.105994
0.0266 0.106498
0.0267 0.106927
0.0268 0.107154
0.0269 0.107391
0.027 0.107706
0.0271 0.108266
0.0272 0.108549
0.0273 0.108884
0.0274 0.109463
0.0275 0.109752
0.0276 0.110095
0.0277 0.110318
0.0278 0.110869
0.0279 0.111203
0.028 0.111427
0.0281 0.111801
0.0282 0.11196
0.0283 0.112339
0.0284 0.112753
0.0285 0.11304
0.0286 0.113566
0.0287 0.113798
0.0288 0.114026
0.0289 0.114289
0.029 0.114691
0.0291 0.114889
0.0292 0.115239
0.0293 0.115685
0.0294 0.116058
0.0295 0.116424
0.0296 0.116863
0.0297 0.117096
0.0298 0.117333
0.0299 0.117549
0.03 0.117958
0.0301 0.118286
0.0302 0.118615
0.0303 0.118902
0.0304 0.119182
0.0305 0.119643
0.0306 0.119949
0.0307 0.12024
0.0308 0.120569
0.0309 0.120904
0.031 0.121435
0.0311 0.121767
0.0312 0.122091
0.0313 0.122474
0.0314 0.122957
0.0315 0.123218
0.0316 0.123412
0.0317 0.123829
0.0318 0.124378
0.0319 0.12473
0.032 0.125066
0.0321 0.125472
0.0322 0.125696
0.0323 0.126013
0.0324 0.126483
0.0325 0.126816
0.0326 0.126959
0.0327 0.127338
0.0328 0.127873
0.0329 0.128252
0.033 0.128607
0.0331 0.128998
0.0332 0.129277
0.0333 0.129841
0.0334 0.130235
0.0335 0.13058
0.0336 0.130734
0.0337 0.131033
0.0338 0.13139
0.0339 0.131862
0.034 0.132192
0.0341 0.132631
0.0342 0.133142
0.0343 0.133592
0.0344 0.13386
0.0345 0.134118
0.0346 0.134275
0.0347 0.134628
0.0348 0.134934
0.0349 0.135348
0.035 0.13564
0.0351 0.135989
0.0352 0.136207
0.0353 0.136445
0.0354 0.136919
0.0355 0.13709
0.0356 0.137578
0.0357 0.138001
0.0358 0.138223
0.0359 0.138585
0.036 0.138972
0.0361 0.139359
0.0362 0.139856
0.0363 0.140345
0.0364 0.140805
0.0365 0.141119
0.0366 0.141471
0.0367 0.141809
0.0368 0.142277
0.0369 0.142803
0.037 0.143257
0.0371 0.143608
0.0372 0.14386
0.0373 0.144183
0.0374 0.144427
0.0375 0.144787
0.0376 0.145383
0.0377 0.145678
0.0378 0.146004
0.0379 0.146364
0.038 0.146805
0.0381 0.147183
0.0382 0.14737
0.0383 0.14757
0.0384 0.147942
0.0385 0.148271
0.0386 0.148482
0.0387 0.148612
0.0388 0.148906
0.0389 0.149207
0.039 0.149561
0.0391 0.149817
0.0392 0.150093
0.0393 0.150514
0.0394 0.150988
0.0395 0.151314
0.0396 0.151575
0.0397 0.15179
0.0398 0.152355
0.0399 0.152642
0.04 0.152884
0.0401 0.153244
0.0402 0.153688
0.0403 0.153998
0.0404 0.154316
0.0405 0.154649
0.0406 0.154955
0.0407 0.155295
0.0408 0.155767
0.0409 0.156068
0.041 0.156438
0.0411 0.156874
0.0412 0.157239
0.0413 0.157574
0.0414 0.157944
0.0415 0.158389
0.0416 0.158837
0.0417 0.15915
0.0418 0.159572
0.0419 0.159961
0.042 0.160256
0.0421 0.16045
0.0422 0.160922
0.0423 0.16097
0.0424 0.161464
0.0425 0.161728
0.0426 0.161975
0.0427 0.162391
0.0428 0.16262
0.0429 0.162885
0.043 0.163201
0.0431 0.163578
0.0432 0.164203
0.0433 0.164579
0.0434 0.164852
0.0435 0.165229
0.0436 0.165498
0.0437 0.1659
0.0438 0.166265
0.0439 0.166759
0.044 0.167054
0.0441 0.167391
0.0442 0.167812
0.0443 0.168044
0.0444 0.168453
0.0445 0.168927
0.0446 0.16947
0.0447 0.169951
0.0448 0.170445
0.0449 0.170601
0.045 0.171026
0.0451 0.171237
0.0452 0.171505
0.0453 0.171764
0.0454 0.172124
0.0455 0.172507
0.0456 0.172763
0.0457 0.173203
0.0458 0.173419
0.0459 0.173718
0.046 0.173916
0.0461 0.174372
0.0462 0.17474
0.0463 0.17514
0.0464 0.175534
0.0465 0.175835
0.0466 0.176047
0.0467 0.176199
0.0468 0.176606
0.0469 0.176935
0.047 0.17728
0.0471 0.177837
0.0472 0.178175
0.0473 0.178426
0.0474 0.178749
0.0475 0.179211
0.0476 0.179576
0.0477 0.179936
0.0478 0.180261
0.0479 0.180699
0.048 0.181017
0.0481 0.181369
0.0482 0.181811
0.0483 0.182045
0.0484 0.18232
0.0485 0.182647
0.0486 0.182838
0.0487 0.183334
0.0488 0.183543
0.0489 0.184009
0.049 0.184365
0.0491 0.184518
0.0492 0.184884
0.0493 0.185137
0.0494 0.185594
0.0495 0.185845
0.0496 0.186468
0.0497 0.186698
0.0498 0.187032
0.0499 0.187353
0.05 0.187636
0.0501 0.187758
0.0502 0.188238
0.0503 0.188607
0.0504 0.188902
0.0505 0.189167
0.0506 0.189382
0.0507 0.189731
0.0508 0.189819
0.0509 0.189985
0.051 0.190423
0.0511 0.190772
0.0512 0.191062
0.0513 0.191446
0.0514 0.191792
0.0515 0.192079
0.0516 0.192313
0.0517 0.192605
0.0518 0.192926
0.0519 0.193392
0.052 0.193827
0.0521 0.194261
0.0522 0.194711
0.0523 0.19475
0.0524 0.194999
0.0525 0.195419
0.0526 0.195749
0.0527 0.196175
0.0528 0.196624
0.0529 0.196746
0.053 0.196945
0.0531 0.197301
0.0532 0.197757
0.0533 0.198021
0.0534 0.198376
0.0535 0.198783
0.0536 0.199032
0.0537 0.199364
0.0538 0.199902
0.0539 0.200003
0.054 0.200374
0.0541 0.20081
0.0542 0.200998
0.0543 0.201289
0.0544 0.201344
0.0545 0.201791
0.0546 0.201908
0.0547 0.202271
0.0548 0.202654
0.0549 0.203069
0.055 0.203491
0.0551 0.20383
0.0552 0.20408
0.0553 0.204256
0.0554 0.204674
0.0555 0.205048
0.0556 0.204996
0.0557 0.20532
0.0558 0.205646
0.0559 0.206305
0.056 0.206569
0.0561 0.206802
0.0562 0.207103
0.0563 0.207562
0.0564 0.207864
0.0565 0.20811
0.0566 0.208509
0.0567 0.208691
0.0568 0.208906
0.0569 0.209232
0.057 0.209644
0.0571 0.209836
0.0572 0.210022
0.0573 0.210346
0.0574 0.210754
0.0575 0.210912
0.0576 0.211469
0.0577 0.211746
0.0578 0.212022
0.0579 0.212427
0.058 0.212743
0.0581 0.213095
0.0582 0.213398
0.0583 0.213681
0.0584 0.213951
0.0585 0.214399
0.0586 0.214841
0.0587 0.215389
0.0588 0.215577
0.0589 0.215826
0.059 0.216127
0.0591 0.2163
0.0592 0.216655
0.0593 0.217101
0.0594 0.217155
0.0595 0.217484
0.0596 0.217767
0.0597 0.218044
0.0598 0.218326
0.0599 0.218618
0.06 0.218954
0.0601 0.219384
0.0602 0.219944
0.0603 0.220296
0.0604 0.220625
0.0605 0.221048
0.0606 0.221483
0.0607 0.22173
0.0608 0.22216
0.0609 0.222396
0.061 0.222755
0.0611 0.222984
0.0612 0.223133
0.0613 0.223404
0.0614 0.22375
0.0615 0.224199
0.0616 0.224733
0.0617 0.225134
0.0618 0.225399
0.0619 0.225679
0.062 0.226119
0.0621 0.226197
0.0622 0.226544
0.0623 0.226904
0.0624 0.227198
0.0625 0.227578
0.0626 0.227974
0.0627 0.22833
0.0628 0.228714
0.0629 0.229099
0.063 0.229466
0.0631 0.229667
0.0632 0.23002
0.0633 0.230393
0.0634 0.230658
0.0635 0.231111
0.0636 0.231552
0.0637 0.231972
0.0638 0.232372
0.0639 0.232527
0.064 0.23306
0.0641 0.233363
0.0642 0.233484
0.0643 0.233853
0.0644 0.234225
0.0645 0.234543
0.0646 0.235114
0.0647 0.235178
0.0648 0.235424
0.0649 0.23579
0.065 0.235911
0.0651 0.236195
0.0652 0.236526
0.0653 0.236988
0.0654 0.237352
0.0655 0.237732
0.0656 0.238221
0.0657 0.23842
0.0658 0.23888
0.0659 0.23915
0.066 0.239594
0.0661 0.239991
0.0662 0.240196
0.0663 0.240399
0.0664 0.240679
0.0665 0.240637
0.0666 0.24067
0.0667 0.241008
0.0668 0.241368
0.0669 0.241655
0.067 0.241882
0.0671 0.242229
0.0672 0.242453
0.0673 0.242671
0.0674 0.242578
0.0675 0.242927
0.0676 0.243376
0.0677 0.243529
0.0678 0.243851
0.0679 0.244276
0.068 0.244615
0.0681 0.245022
0.0682 0.245313
0.0683 0.245782
0.0684 0.245955
0.0685 0.246532
0.0686 0.247037
0.0687 0.24731
0.0688 0.247673
0.0689 0.247952
0.069 0.248179
0.0691 0.24834
0.0692 0.248425
0.0693 0.248662
0.0694 0.249036
0.0695 0.249322
0.0696 0.249538
0.0697 0.249704
0.0698 0.250184
0.0699 0.250718
0.07 0.251213
0.0701 0.251645
0.0702 0.252153
0.0703 0.252279
0.0704 0.252436
0.0705 0.252946
0.0706 0.253352
0.0707 0.253545
0.0708 0.25393
0.0709 0.254225
0.071 0.254441
0.0711 0.25489
0.0712 0.255395
0.0713 0.255848
0.0714 0.256186
0.0715 0.256433
0.0716 0.256806
0.0717 0.257036
0.0718 0.257125
0.0719 0.257478
0.072 0.258331
0.0721 0.258735
0.0722 0.259175
0.0723 0.259441
0.0724 0.259566
0.0725 0.25991
0.0726 0.260147
0.0727 0.260653
0.0728 0.260953
0.0729 0.261377
0.073 0.261524
0.0731 0.261595
0.0732 0.261739
0.0733 0.261945
0.0734 0.262382
0.0735 0.262713
0.0736 0.262999
0.0737 0.263191
0.0738 0.263537
0.0739 0.263804
0.074 0.264049
0.0741 0.264374
0.0742 0.264725
0.0743 0.264846
0.0744 0.265233
0.0745 0.265459
0.0746 0.265623
0.0747 0.266214
0.0748 0.266369
0.0749 0.266846
0.075 0.266995
0.0751 0.267213
0.0752 0.267667
0.0753 0.268054
0.0754 0.268368
0.0755 0.268582
0.0756 0.268898
0.0757 0.269292
0.0758 0.269649
0.0759 0.26984
0.076 0.270126
0.0761 0.270292
0.0762 0.270601
0.0763 0.270941
0.0764 0.271106
0.0765 0.271314
0.0766 0.271489
0.0767 0.271828
0.0768 0.271851
0.0769 0.272436
0.077 0.272659
0.0771 0.272734
0.0772 0.272857
0.0773 0.273096
0.0774 0.273593
0.0775 0.274131
0.0776 0.274337
0.0777 0.274588
0.0778 0.274918
0.0779 0.275136
0.078 0.275506
0.0781 0.275742
0.0782 0.276089
0.0783 0.276306
0.0784 0.276758
0.0785 0.277016
0.0786 0.27765
0.0787 0.277907
0.0788 0.278129
0.0789 0.278468
0.079 0.278862
0.0791 0.279095
0.0792 0.27938
0.0793 0.279711
0.0794 0.279824
0.0795 0.279985
0.0796 0.280548
0.0797 0.280861
0.0798 0.281193
0.0799 0.281415
0.08 0.281521
0.0801 0.282046
0.0802 0.282469
0.0803 0.282656
0.0804 0.283129
0.0805 0.283492
0.0806 0.283808
0.0807 0.284144
0.0808 0.284333
0.0809 0.28458
0.081 0.284735
0.0811 0.284906
0.0812 0.285063
0.0813 0.285465
0.0814 0.285733
0.0815 0.286072
0.0816 0.286305
0.0817 0.286756
0.0818 0.287021
0.0819 0.287376
0.082 0.287759
0.0821 0.288185
0.0822 0.288716
0.0823 0.28908
0.0824 0.289264
0.0825 0.28978
0.0826 0.290489
0.0827 0.290975
0.0828 0.291387
0.0829 0.291786
0.083 0.29218
0.0831 0.292363
0.0832 0.292418
0.0833 0.29283
0.0834 0.293312
0.0835 0.293164
0.0836 0.293541
0.0837 0.293924
0.0838 0.29459
0.0839 0.294736
0.084 0.295281
0.0841 0.295488
0.0842 0.295863
0.0843 0.296255
0.0844 0.296687
0.0845 0.297024
0.0846 0.297322
0.0847 0.297449
0.0848 0.297799
0.0849 0.297903
0.085 0.298381
0.0851 0.298861
0.0852 0.299309
0.0853 0.299618
0.0854 0.299913
0.0855 0.300368
0.0856 0.300475
0.0857 0.300738
0.0858 0.301144
0.0859 0.301238
0.086 0.301751
0.0861 0.301936
0.0862 0.302468
0.0863 0.302714
0.0864 0.303101
0.0865 0.303448
0.0866 0.303788
0.0867 0.304009
0.0868 0.304365
0.0869 0.304723
0.087 0.305092
0.0871 0.30545
0.0872 0.305726
0.0873 0.306086
0.0874 0.306413
0.0875 0.306899
0.0876 0.30742
0.0877 0.307596
0.0878 0.308042
0.0879 0.308311
0.088 0.308432
0.0881 0.308743
0.0882 0.308812
0.0883 0.309466
0.0884 0.31002
0.0885 0.31058
0.0886 0.310603
0.0887 0.310913
0.0888 0.311308
0.0889 0.311705
0.089 0.312173
0.0891 0.312424
0.0892 0.312645
0.0893 0.312926
0.0894 0.313116
0.0895 0.313452
0.0896 0.313683
0.0897 0.314103
0.0898 0.314614
0.0899 0.31486
0.09 0.315218
0.0901 0.315388
0.0902 0.315638
0.0903 0.315878
0.0904 0.316652
0.0905 0.316982
0.0906 0.317567
0.0907 0.317876
0.0908 0.318141
0.0909 0.318542
0.091 0.318866
0.0911 0.319056
0.0912 0.319283
0.0913 0.319396
0.0914 0.319799
0.0915 0.320275
0.0916 0.320538
0.0917 0.320828
0.0918 0.321072
0.0919 0.321217
0.092 0.321601
0.0921 0.321841
0.0922 0.32215
0.0923 0.322275
0.0924 0.322679
0.0925 0.323081
0.0926 0.323366
0.0927 0.323964
0.0928 0.324329
0.0929 0.324768
0.093 0.325109
0.0931 0.325224
0.0932 0.325436
0.0933 0.325678
0.0934 0.325914
0.0935 0.326289
0.0936 0.326779
0.0937 0.327186
0.0938 0.327749
0.0939 0.327827
0.094 0.328039
0.0941 0.328016
0.0942 0.328078
0.0943 0.328361
0.0944 0.328716
0.0945 0.329091
0.0946 0.329458
0.0947 0.329796
0.0948 0.330058
0.0949 0.330287
0.095 0.330557
0.0951 0.330802
0.0952 0.331143
0.0953 0.331837
0.0954 0.332134
0.0955 0.332317
0.0956 0.332562
0.0957 0.332622
0.0958 0.332903
0.0959 0.333019
0.096 0.333474
0.0961 0.333905
0.0962 0.333847
0.0963 0.334032
0.0964 0.334507
0.0965 0.33477
0.0966 0.335314
0.0967 0.335447
0.0968 0.335765
0.0969 0.336471
0.097 0.336884
0.0971 0.337582
0.0972 0.33783
0.0973 0.338285
0.0974 0.338605
0.0975 0.338826
0.0976 0.339622
0.0977 0.339922
0.0978 0.340276
0.0979 0.340831
0.098 0.341328
0.0981 0.341282
0.0982 0.341574
0.0983 0.341923
0.0984 0.342394
0.0985 0.342798
0.0986 0.342899
0.0987 0.343151
0.0988 0.343617
0.0989 0.34403
0.099 0.344125
0.0991 0.344715
0.0992 0.34534
0.0993 0.345634
0.0994 0.345977
0.0995 0.346535
0.0996 0.346794
0.0997 0.347285
0.0998 0.347482
0.0999 0.34766
0.1 0.347855
0.1001 0.348405
0.1002 0.348627
0.1003 0.348905
0.1004 0.349045
0.1005 0.34973
0.1006 0.349882
0.1007 0.349922
0.1008 0.350447
0.1009 0.350588
0.101 0.350646
0.1011 0.350976
0.1012 0.351291
0.1013 0.351702
0.1014 0.352152
0.1015 0.352313
0.1016 0.352924
0.1017 0.352969
0.1018 0.353357
0.1019 0.353513
0.102 0.354046
0.1021 0.354289
0.1022 0.35463
0.1023 0.354983
0.1024 0.355151
0.1025 0.355501
0.1026 0.355653
0.1027 0.356276
0.1028 0.356701
0.1029 0.356774
0.103 0.357036
0.1031 0.357094
0.1032 0.357664
0.1033 0.357988
0.1034 0.358413
0.1035 0.358534
0.1036 0.35883
0.1037 0.359419
0.1038 0.359915
0.1039 0.360385
0.104 0.360803
0.1041 0.361124
0.1042 0.361615
0.1043 0.36165
0.1044 0.361873
0.1045 0.362009
0.1046 0.362329
0.1047 0.362523
0.1048 0.362773
0.1049 0.363243
0.105 0.363377
0.1051 0.363614
0.1052 0.36413
0.1053 0.364448
0.1054 0.364914
0.1055 0.365546
0.1056 0.365775
0.1057 0.365934
0.1058 0.366118
0.1059 0.366478
0.106 0.366734
0.1061 0.367034
0.1062 0.367463
0.1063 0.367986
0.1064 0.368165
0.1065 0.36849
0.1066 0.368774
0.1067 0.369122
0.1068 0.369526
0.1069 0.370214
0.107 0.370606
0.1071 0.370726
0.1072 0.371064
0.1073 0.371345
0.1074 0.371566
0.1075 0.371883
0.1076 0.372146
0.1077 0.372426
0.1078 0.372896
0.1079 0.373402
0.108 0.373923
0.1081 0.37406
0.1082 0.374517
0.1083 0.374683
0.1084 0.374978
0.1085 0.375136
0.1086 0.375371
0.1087 0.375769
0.1088 0.376205
0.1089 0.376411
0.109 0.376556
0.1091 0.376747
0.1092 0.376932
0.1093 0.377492
0.1094 0.377512
0.1095 0.377882
0.1096 0.378245
0.1097 0.378296
0.1098 0.378546
0.1099 0.378953
0.11 0.379477
0.1101 0.379898
0.1102 0.38011
0.1103 0.380448
0.1104 0.38054
0.1105 0.380983
0.1106 0.381376
0.1107 0.381953
0.1108 0.382189
0.1109 0.38262
0.111 0.38264
0.1111 0.383083
0.1112 0.383356
0.1113 0.383976
0.1114 0.384423
0.1115 0.384731
0.1116 0.385106
0.1117 0.385526
0.1118 0.385523
0.1119 0.386145
0.112 0.386408
0.1121 0.386881
0.1122 0.387081
0.1123 0.387372
0.1124 0.387482
0.1125 0.387652
0.1126 0.38844
0.1127 0.388725
0.1128 0.388732
0.1129 0.388721
0.113 0.388886
0.1131 0.389186
0.1132 0.389376
0.1133 0.389721
0.1134 0.389919
0.1135 0.389978
0.1136 0.390493
0.1137 0.390605
0.1138 0.391084
0.1139 0.391398
0.114 0.391693
0.1141 0.391965
0.1142 0.392287
0.1143 0.392613
0.1144 0.392926
0.1145 0.393036
0.1146 0.392966
0.1147 0.393244
0.1148 0.393282
0.1149 0.393756
0.115 0.393799
0.1151 0.394094
0.1152 0.394478
0.1153 0.394863
0.1154 0.394935
0.1155 0.395188
0.1156 0.39535
0.1157 0.395331
0.1158 0.39597
0.1159 0.396387
0.116 0.396791
0.1161 0.397191
0.1162 0.397442
0.1163 0.397841
0.1164 0.398087
0.1165 0.398488
0.1166 0.399157
0.1167 0.3998
0.1168 0.399837
0.1169 0.400312
0.117 0.400648
0.1171 0.401193
0.1172 0.401419
0.1173 0.40162
0.1174 0.401917
0.1175 0.402076
0.1176 0.402396
0.1177 0.402701
0.1178 0.403068
0.1179 0.403453
0.118 0.403686
0.1181 0.404192
0.1182 0.404428
0.1183 0.404853
0.1184 0.405228
0.1185 0.405589
0.1186 0.406014
0.1187 0.406271
0.1188 0.406729
0.1189 0.407297
0.119 0.407707
0.1191 0.407947
0.1192 0.408445
0.1193 0.40882
0.1194 0.409402
0.1195 0.409696
0.1196 0.410015
0.1197 0.410494
0.1198 0.410998
0.1199 0.411176
0.12 0.411711
0.1201 0.411798
0.1202 0.412139
0.1203 0.41271
0.1204 0.413147
0.1205 0.41363
0.1206 0.414164
0.1207 0.414461
0.1208 0.414651
0.1209 0.415095
0.121 0.41521
0.1211 0.415645
0.1212 0.415923
0.1213 0.416627
0.1214 0.417099
0.1215 0.417784
0.1216 0.418142
0.1217 0.418564
0.1218 0.418825
0.1219 0.41931
0.122 0.419349
0.1221 0.419466
0.1222 0.42017
0.1223 0.420515
0.1224 0.42101
0.1225 0.421684
0.1226 0.421849
0.1227 0.421849
0.1228 0.422339
0.1229 0.422911
0.123 0.423031
0.1231 0.423717
0.1232 0.423995
0.1233 0.424179
0.1234 0.424532
0.1235 0.424818
0.1236 0.425112
0.1237 0.425604
0.1238 0.425993
0.1239 0.426289
0.124 0.426454
0.1241 0.426825
0.1242 0.427099
0.1243 0.427427
0.1244 0.427797
0.1245 0.428218
0.1246 0.428838
0.1247 0.428973
0.1248 0.429241
0.1249 0.429846
0.125 0.430078
0.1251 0.430499
0.1252 0.430977
0.1253 0.43148
0.1254 0.432071
0.1255 0.432577
0.1256 0.432983
0.1257 0.433367
0.1258 0.433477
0.1259 0.433377
0.126 0.434169
0.1261 0.434836
0.1262 0.434933
0.1263 0.435007
0.1264 0.435623
0.1265 0.435739
0.1266 0.435734
0.1267 0.436023
0.1268 0.436378
0.1269 0.436555
0.127 0.436804
0.1271 0.437106
0.1272 0.437521
0.1273 0.437737
0.1274 0.438284
0.1275 0.438503
0.1276 0.438735
0.1277 0.439151
0.1278 0.439597
0.1279 0.439842
0.128 0.440248
0.1281 0.440418
0.1282 0.440779
0.1283 0.441397
0.1284 0.441848
0.1285 0.442165
0.1286 0.442587
0.1287 0.442938
0.1288 0.443279
0.1289 0.443575
0.129 0.444077
0.1291 0.44399
0.1292 0.444338
0.1293 0.444933
0.1294 0.444934
0.1295 0.445577
0.1296 0.445908
0.1297 0.446174
0.1298 0.446283
0.1299 0.446755
0.13 0.44707
0.1301 0.447287
0.1302 0.447366
0.1303 0.447668
0.1304 0.448027
0.1305 0.448278
0.1306 0.448432
0.1307 0.448409
0.1308 0.448398
0.1309 0.448543
0.131 0.44892
0.1311 0.448939
0.1312 0.449304
0.1313 0.449607
0.1314 0.45015
0.1315 0.450503
0.1316 0.450701
0.1317 0.450888
0.1318 0.451342
0.1319 0.451595
0.132 0.451778
0.1321 0.452144
0.1322 0.452231
0.1323 0.452865
0.1324 0.45304
0.1325 0.453458
0.1326 0.453715
0.1327 0.453961
0.1328 0.454579
0.1329 0.455263
0.133 0.455416
0.1331 0.455452
0.1332 0.455522
0.1333 0.455549
0.1334 0.456131
0.1335 0.456727
0.1336 0.456857
0.1337 0.457446
0.1338 0.457683
0.1339 0.457951
0.134 0.458412
0.1341 0.458823
0.1342 0.459126
0.1343 0.459336
0.1344 0.4598
0.1345 0.460445
0.1346 0.460654
0.1347 0.461022
0.1348 0.461544
0.1349 0.461748
0.135 0.462295
0.1351 0.462841
0.1352 0.463256
0.1353 0.46374
0.1354 0.463942
0.1355 0.463827
0.1356 0.464081
0.1357 0.46457
0.1358 0.465187
0.1359 0.465733
0.136 0.465965
0.1361 0.46646
0.1362 0.466488
0.1363 0.466609
0.1364 0.466951
0.1365 0.466986
0.1366 0.467098
0.1367 0.467464
0.1368 0.468096
0.1369 0.468225
0.137 0.468543
0.1371 0.468989
0.1372 0.469425
0.1373 0.46978
0.1374 0.469944
0.1375 0.470205
0.1376 0.470548
0.1377 0.470719
0.1378 0.471203
0.1379 0.47123
0.138 0.471598
0.1381 0.471961
0.1382 0.472157
0.1383 0.472055
0.1384 0.472119
0.1385 0.472517
0.1386 0.473168
0.1387 0.47364
0.1388 0.473635
0.1389 0.473754
0.139 0.474146
0.1391 0.474357
0.1392 0.474835
0.1393 0.475245
0.1394 0.47543
0.1395 0.475448
0.1396 0.475933
0.1397 0.476358
0.1398 0.476301
0.1399 0.476395
0.14 0.476671
0.1401 0.476955
0.1402 0.477534
0.1403 0.47802
0.1404 0.478186
0.1405 0.478902
0.1406 0.479447
0.1407 0.479984
0.1408 0.480115
0.1409 0.480377
0.141 0.480889
0.1411 0.481222
0.1412 0.481344
0.1413 0.481602
0.1414 0.481987
0.1415 0.482523
0.1416 0.482911
0.1417 0.483167
0.1418 0.483836
0.1419 0.484311
0.142 0.484479
0.1421 0.485064
0.1422 0.485344
0.1423 0.485643
0.1424 0.4861
0.1425 0.486355
0.1426 0.486526
0.1427 0.486917
0.1428 0.487391
0.1429 0.48748
0.143 0.487882
0.1431 0.488211
0.1432 0.488306
0.1433 0.488719
0.1434 0.488904
0.1435 0.489123
0.1436 0.489455
0.1437 0.489664
0.1438 0.490159
0.1439 0.490485
0.144 0.490579
0.1441 0.490605
0.1442 0.490948
0.1443 0.491538
0.1444 0.491779
0.1445 0.492037
0.1446 0.492401
0.1447 0.493049
0.1448 0.493173
0.1449 0.493302
0.145 0.493297
0.1451 0.493429
0.1452 0.493587
0.1453 0.49351
0.1454 0.494087
0.1455 0.49416
0.1456 0.494725
0.1457 0.495039
0.1458 0.495468
0.1459 0.495552
0.146 0.495894
0.1461 0.496004
0.1462 0.496468
0.1463 0.496965
0.1464 0.497581
0.1465 0.497793
0.1466 0.498221
0.1467 0.498624
0.1468 0.498768
0.1469 0.499215
0.147 0.499697
0.1471 0.500142
0.1472 0.500448
0.1473 0.500516
0.1474 0.50046
0.1475 0.500938
0.1476 0.501059
0.1477 0.50134
0.1478 0.501773
0.1479 0.502117
0.148 0.502437
0.1481 0.50254
0.1482 0.503285
0.1483 0.503599
0.1484 0.503982
0.1485 0.504443
0.1486 0.5049
0.1487 0.505074
0.1488 0.505418
0.1489 0.505824
0.149 0.50631
0.1491 0.506682
0.1492 0.506863
0.1493 0.50686
0.1494 0.507412
0.1495 0.508192
0.1496 0.508791
0.1497 0.508985
0.1498 0.509442
0.1499 0.509743
0.15 0.509843
0.1501 0.510037
0.1502 0.510463
0.1503 0.51073
0.1504 0.510711
0.1505 0.511001
0.1506 0.511316
0.1507 0.511379
0.1508 0.511552
0.1509 0.511913
0.151 0.512093
0.1511 0.512331
0.1512 0.512565
0.1513 0.512998
0.1514 0.51344
0.1515 0.513535
0.1516 0.513996
0.1517 0.514005
0.1518 0.514383
0.1519 0.514547
0.152 0.514757
0.1521 0.515178
0.1522 0.515318
0.1523 0.51571
0.1524 0.515936
0.1525 0.516334
0.1526 0.51686
0.1527 0.51763
0.1528 0.518179
0.1529 0.518758
0.153 0.518678
0.1531 0.518904
0.1532 0.519117
0.1533 0.519335
0.1534 0.519682
0.1535 0.520321
0.1536 0.520741
0.1537 0.520864
0.1538 0.521368
0.1539 0.521573
0.154 0.522242
0.1541 0.522632
0.1542 0.522766
0.1543 0.522859
0.1544 0.523157
0.1545 0.523365
0.1546 0.523442
0.1547 0.523706
0.1548 0.523861
0.1549 0.524029
0.155 0.524701
0.1551 0.525056
0.1552 0.525517
0.1553 0.525579
0.1554 0.525949
0.1555 0.526341
0.1556 0.52662
0.1557 0.526808
0.1558 0.527087
0.1559 0.527533
0.156 0.527428
0.1561 0.527817
0.1562 0.528195
0.1563 0.528666
0.1564 0.528745
0.1565 0.528971
0.1566 0.529212
0.1567 0.529477
0.1568 0.530041
0.1569 0.530461
0.157 0.530899
0.1571 0.531031
0.1572 0.531207
0.1573 0.5314
0.1574 0.531809
0.1575 0.53221
0.1576 0.532437
0.1577 0.53271
0.1578 0.533152
0.1579 0.533571
0.158 0.533855
0.1581 0.534047
0.1582 0.53421
0.1583 0.534354
0.1584 0.534769
0.1585 0.535079
0.1586 0.535199
0.1587 0.535808
0.1588 0.536428
0.1589 0.536313
0.159 0.536562
0.1591 0.537009
0.1592 0.537173
0.1593 0.537554
0.1594 0.538051
0.1595 0.538214
0.1596 0.53851
0.1597 0.538763
0.1598 0.539177
0.1599 0.539507
0.16 0.539729
0.1601 0.539859
0.1602 0.540549
0.1603 0.540834
0.1604 0.541044
0.1605 0.541367
0.1606 0.542151
0.1607 0.542647
0.1608 0.542984
0.1609 0.543884
0.161 0.544135
0.1611 0.544603
0.1612 0.544868
0.1613 0.54518
0.1614 0.54559
0.1615 0.545398
0.1616 0.545848
0.1617 0.546076
0.1618 0.545965
0.1619 0.546651
0.162 0.547017
0.1621 0.547362
0.1622 0.547742
0.1623 0.548094
0.1624 0.548258
0.1625 0.548634
0.1626 0.54917
0.1627 0.549425
0.1628 0.55002
0.1629 0.550323
0.163 0.550359
0.1631 0.550879
0.1632 0.551137
0.1633 0.551104
0.1634 0.551357
0.1635 0.551433
0.1636 0.551909
0.1637 0.552138
0.1638 0.552582
0.1639 0.552961
0.164 0.552962
0.1641 0.552943
0.1642 0.553467
0.1643 0.554011
0.1644 0.554186
0.1645 0.554607
0.1646 0.554917
0.1647 0.555529
0.1648 0.555644
0.1649 0.555801
0.165 0.555709
0.1651 0.555967
0.1652 0.556156
0.1653 0.556562
0.1654 0.556952
0.1655 0.557409
0.1656 0.557761
0.1657 0.558133
0.1658 0.558419
0.1659 0.55887
0.166 0.558936
0.1661 0.55902
0.1662 0.559412
0.1663 0.559716
0.1664 0.559913
0.1665 0.560109
0.1666 0.560538
0.1667 0.560954
0.1668 0.561098
0.1669 0.561536
0.167 0.561704
0.1671 0.562117
0.1672 0.562556
0.1673 0.562369
0.1674 0.56242
0.1675 0.562602
0.1676 0.56282
0.1677 0.563193
0.1678 0.564112
0.1679 0.564083
0.168 0.564125
0.1681 0.564528
0.1682 0.564828
0.1683 0.565332
0.1684 0.565702
0.1685 0.565766
0.1686 0.566059
0.1687 0.566047
0.1688 0.566433
0.1689 0.56679
0.169 0.567187
0.1691 0.567834
0.1692 0.568502
0.1693 0.568479
0.1694 0.568737
0.1695 0.569292
0.1696 0.569273
0.1697 0.569609
0.1698 0.570024
0.1699 0.570725
0.17 0.57087
0.1701 0.571307
0.1702 0.571431
0.1703 0.571773
0.1704 0.572374
0.1705 0.573027
0.1706 0.573536
0.1707 0.573743
0.1708 0.57433
0.1709 0.574807
0.171 0.575138
0.1711 0.575558
0.1712 0.575784
0.1713 0.576108
0.1714 0.576335
0.1715 0.576702
0.1716 0.576797
0.1717 0.577006
0.1718 0.577142
0.1719 0.577487
0.172 0.577885
0.1721 0.577838
0.1722 0.577955
0.1723 0.578363
0.1724 0.578397
0.1725 0.579093
0.1726 0.57912
0.1727 0.580104
0.1728 0.580684
0.1729 0.581011
0.173 0.581043
0.1731 0.581516
0.1732 0.581442
0.1733 0.58174
0.1734 0.582288
0.1735 0.582812
0.1736 0.58286
0.1737 0.583189
0.1738 0.583654
0.1739 0.583836
0.174 0.584225
0.1741 0.58423
0.1742 0.58446
0.1743 0.585107
0.1744 0.585229
0.1745 0.585647
0.1746 0.585952
0.1747 0.586235
0.1748 0.586361
0.1749 0.586712
0.175 0.586878
0.1751 0.587452
0.1752 0.587397
0.1753 0.588152
0.1754 0.588524
0.1755 0.588803
0.1756 0.589325
0.1757 0.589673
0.1758 0.589815
0.1759 0.590522
0.176 0.59074
0.1761 0.590753
0.1762 0.591006
0.1763 0.591341
0.1764 0.591753
0.1765 0.591898
0.1766 0.59211
0.1767 0.592661
0.1768 0.593084
0.1769 0.593415
0.177 0.593977
0.1771 0.594291
0.1772 0.594538
0.1773 0.594276
0.1774 0.5944
0.1775 0.594538
0.1776 0.594689
0.1777 0.595045
0.1778 0.595293
0.1779 0.595758
0.178 0.595961
0.1781 0.596221
0.1782 0.596286
0.1783 0.59646
0.1784 0.596668
0.1785 0.597053
0.1786 0.597331
0.1787 0.597597
0.1788 0.597847
0.1789 0.598612
0.179 0.598944
0.1791 0.599601
0.1792 0.599557
0.1793 0.599686
0.1794 0.599549
0.1795 0.599911
0.1796 0.600005
0.1797 0.600244
0.1798 0.600693
0.1799 0.600829
0.18 0.601315
0.1801 0.601756
0.1802 0.601826
0.1803 0.601952
0.1804 0.602203
0.1805 0.602241
0.1806 0.602568
0.1807 0.602689
0.1808 0.602619
0.1809 0.603317
0.181 0.603705
0.1811 0.603923
0.1812 0.604313
0.1813 0.605252
0.1814 0.605503
0.1815 0.606053
0.1816 0.606177
0.1817 0.606684
0.1818 0.607072
0.1819 0.607553
0.182 0.607747
0.1821 0.608239
0.1822 0.608853
0.1823 0.609306
0.1824 0.609649
0.1825 0.610284
0.1826 0.610481
0.1827 0.610611
0.1828 0.610775
0.1829 0.610955
0.183 0.611311
0.1831 0.611401
0.1832 0.611506
0.1833 0.611725
0.1834 0.611807
0.1835 0.612068
0.1836 0.612791
0.1837 0.61307
0.1838 0.613115
0.1839 0.613385
0.184 0.613737
0.1841 0.613624
0.1842 0.61371
0.1843 0.613947
0.1844 0.614239
0.1845 0.614618
0.1846 0.614718
0.1847 0.614985
0.1848 0.615205
0.1849 0.615474
0.185 0.616095
0.1851 0.616287
0.1852 0.616045
0.1853 0.616784
0.1854 0.617176
0.1855 0.617601
0.1856 0.618054
0.1857 0.618517
0.1858 0.618735
0.1859 0.619137
0.186 0.619628
0.1861 0.619746
0.1862 0.620028
0.1863 0.620371
0.1864 0.620546
0.1865 0.620489
0.1866 0.620647
0.1867 0.620892
0.1868 0.621311
0.1869 0.621719
0.187 0.622333
0.1871 0.622302
0.1872 0.622573
0.1873 0.622791
0.1874 0.623399
0.1875 0.623743
0.1876 0.623978
0.1877 0.624222
0.1878 0.624633
0.1879 0.625078
0.188 0.624631
0.1881 0.624846
0.1882 0.625009
0.1883 0.625115
0.1884 0.625464
0.1885 0.625833
0.1886 0.626027
0.1887 0.626427
0.1888 0.626568
0.1889 0.626731
0.189 0.627137
0.1891 0.627604
0.1892 0.628111
0.1893 0.628552
0.1894 0.628733
0.1895 0.628835
0.1896 0.628999
0.1897 0.628661
0.1898 0.628943
0.1899 0.629272
0.19 0.629631
0.1901 0.630187
0.1902 0.630497
0.1903 0.630706
0.1904 0.631283
0.1905 0.631229
0.1906 0.631383
0.1907 0.631377
0.1908 0.63185
0.1909 0.632391
0.191 0.632798
0.1911 0.632813
0.1912 0.633581
0.1913 0.634184
0.1914 0.633924
0.1915 0.633994
0.1916 0.634033
0.1917 0.634259
0.1918 0.634587
0.1919 0.634675
0.192 0.635141
0.1921 0.63568
0.1922 0.636239
0.1923 0.636761
0.1924 0.636953
0.1925 0.637417
0.1926 0.638175
0.1927 0.638447
0.1928 0.638842
0.1929 0.639236
0.193 0.639916
0.1931 0.640711
0.1932 0.640828
0.1933 0.641208
0.1934 0.641446
0.1935 0.641887
0.1936 0.642252
0.1937 0.642903
0.1938 0.643402
0.1939 0.643723
0.194 0.643537
0.1941 0.643919
0.1942 0.644241
0.1943 0.644798
0.1944 0.645184
0.1945 0.645563
0.1946 0.645955
0.1947 0.646144
0.1948 0.646549
0.1949 0.64687
0.195 0.647426
0.1951 0.647533
0.1952 0.64811
0.1953 0.648562
0.1954 0.648806
0.1955 0.649493
0.1956 0.64983
0.1957 0.649934
0.1958 0.650403
0.1959 0.650957
0.196 0.651162
0.1961 0.651637
0.1962 0.652136
0.1963 0.652538
0.1964 0.652784
0.1965 0.652985
0.1966 0.653163
0.1967 0.653374
0.1968 0.653684
0.1969 0.653752
0.197 0.654085
0.1971 0.654327
0.1972 0.654366
0.1973 0.654779
0.1974 0.65483
0.1975 0.654924
0.1976 0.65506
0.1977 0.655448
0.1978 0.655989
0.1979 0.656313
0.198 0.656809
0.1981 0.657065
0.1982 0.657305
0.1983 0.657558
0.1984 0.65786
0.1985 0.658472
0.1986 0.659124
0.1987 0.65927
0.1988 0.659437
0.1989 0.659541
0.199 0.659914
0.1991 0.660553
0.1992 0.661003
0.1993 0.661181
0.1994 0.661437
0.1995 0.661525
0.1996 0.661976
0.1997 0.662162
0.1998 0.662185
0.1999 0.66246
0.2 0.662885
0.2001 0.663229
0.2002 0.663847
0.2003 0.66456
0.2004 0.664804
0.2005 0.664691
0.2006 0.665013
0.2007 0.665303
0.2008 0.665656
0.2009 0.665815
0.201 0.666017
0.2011 0.666624
0.2012 0.666462
0.2013 0.667012
0.2014 0.667758
0.2015 0.668186
0.2016 0.668696
0.2017 0.668591
0.2018 0.668491
0.2019 0.668608
0.202 0.668923
0.2021 0.669194
0.2022 0.669852
0.2023 0.669876
0.2024 0.670058
0.2025 0.670306
0.2026 0.670242
0.2027 0.670665
0.2028 0.670767
0.2029 0.670978
0.203 0.671265
0.2031 0.671863
0.2032 0.671946
0.2033 0.672248
0.2034 0.672789
0.2035 0.673074
0.2036 0.673833
0.2037 0.674789
0.2038 0.674811
0.2039 0.675097
0.204 0.675581
0.2041 0.675811
0.2042 0.675684
0.2043 0.67615
0.2044 0.676532
0.2045 0.676763
0.2046 0.677055
0.2047 0.677346
0.2048 0.677823
0.2049 0.677805
0.205 0.677717
0.2051 0.67861
0.2052 0.679128
0.2053 0.678972
0.2054 0.679177
0.2055 0.679508
0.2056 0.679552
0.2057 0.679701
0.2058 0.680165
0.2059 0.680277
0.206 0.681106
0.2061 0.681574
0.2062 0.68176
0.2063 0.682041
0.2064 0.682123
0.2065 0.682675
0.2066 0.682824
0.2067 0.682998
0.2068 0.683039
0.2069 0.683301
0.207 0.68395
0.2071 0.684841
0.2072 0.684845
0.2073 0.68508
0.2074 0.685087
0.2075 0.685362
0.2076 0.686065
0.2077 0.6863
0.2078 0.686648
0.2079 0.686665
0.208 0.686785
0.2081 0.687259
0.2082 0.687784
0.2083 0.687511
0.2084 0.688183
0.2085 0.688803
0.2086 0.688735
0.2087 0.689011
0.2088 0.689221
0.2089 0.689513
0.209 0.689843
0.2091 0.690098
0.2092 0.690398
0.2093 0.690938
0.2094 0.691575
0.2095 0.691895
0.2096 0.692329
0.2097 0.692925
0.2098 0.693462
0.2099 0.693799
0.21 0.694151
0.2101 0.694399
0.2102 0.694689
0.2103 0.694978
0.2104 0.695198
0.2105 0.695495
0.2106 0.695925
0.2107 0.696219
0.2108 0.696572
0.2109 0.696922
0.211 0.697087
0.2111 0.697206
0.2112 0.697192
0.2113 0.697378
0.2114 0.697746
0.2115 0.698201
0.2116 0.698204
0.2117 0.698318
0.2118 0.69876
0.2119 0.699162
0.212 0.699375
0.2121 0.699537
0.2122 0.699726
0.2123 0.699695
0.2124 0.699846
0.2125 0.700109
0.2126 0.700455
0.2127 0.700467
0.2128 0.700609
0.2129 0.701127
0.213 0.701294
0.2131 0.701957
0.2132 0.702447
0.2133 0.70259
0.2134 0.703269
0.2135 0.703319
0.2136 0.703647
0.2137 0.703668
0.2138 0.704255
0.2139 0.70443
0.214 0.704467
0.2141 0.704963
0.2142 0.705227
0.2143 0.705668
0.2144 0.705672
0.2145 0.70593
0.2146 0.706197
0.2147 0.70618
0.2148 0.706956
0.2149 0.707266
0.215 0.707618
0.2151 0.707498
0.2152 0.708044
0.2153 0.708208
0.2154 0.708817
0.2155 0.709116
0.2156 0.709847
0.2157 0.709968
0.2158 0.710183
0.2159 0.710501
0.216 0.710666
0.2161 0.711047
0.2162 0.711562
0.2163 0.711789
0.2164 0.711814
0.2165 0.71212
0.2166 0.712371
0.2167 0.712795
0.2168 0.712767
0.2169 0.712987
0.217 0.712681
0.2171 0.712984
0.2172 0.71352
0.2173 0.714222
0.2174 0.714734
0.2175 0.715015
0.2176 0.715138
0.2177 0.715473
0.2178 0.715882
0.2179 0.71634
0.218 0.716433
0.2181 0.716467
0.2182 0.716853
0.2183 0.717355
0.2184 0.717617
0.2185 0.717999
0.2186 0.718369
0.2187 0.71845
0.2188 0.719168
0.2189 0.719589
0.219 0.719893
0.2191 0.720114
0.2192 0.720726
0.2193 0.720646
0.2194 0.72102
0.2195 0.721487
0.2196 0.721401
0.2197 0.722018
0.2198 0.722174
0.2199 0.72259
0.22 0.723029
0.2201 0.723727
0.2202 0.724127
0.2203 0.724062
0.2204 0.724319
0.2205 0.724609
0.2206 0.725069
0.2207 0.72513
0.2208 0.725105
0.2209 0.725474
0.221 0.725413
0.2211 0.725797
0.2212 0.726164
0.2213 0.726601
0.2214 0.727028
0.2215 0.726902
0.2216 0.726767
0.2217 0.726773
0.2218 0.726866
0.2219 0.727
0.222 0.727248
0.2221 0.727541
0.2222 0.727765
0.2223 0.728103
0.2224 0.728012
0.2225 0.728321
0.2226 0.728266
0.2227 0.728262
0.2228 0.728696
0.2229 0.728709
0.223 0.728648
0.2231 0.728714
0.2232 0.729083
0.2233 0.729326
0.2234 0.729701
0.2235 0.73015
0.2236 0.730565
0.2237 0.730551
0.2238 0.730883
0.2239 0.731059
0.224 0.731046
0.2241 0.730963
0.2242 0.731418
0.2243 0.731608
0.2244 0.732137
0.2245 0.732311
0.2246 0.73255
0.2247 0.732899
0.2248 0.733007
0.2249 0.733698
0.225 0.734331
0.2251 0.734578
0.2252 0.735019
0.2253 0.7355
0.2254 0.735647
0.2255 0.735837
0.2256 0.735906
0.2257 0.736315
0.2258 0.736829
0.2259 0.737243
0.226 0.738077
0.2261 0.738363
0.2262 0.738849
0.2263 0.73909
0.2264 0.739556
0.2265 0.739867
0.2266 0.739871
0.2267 0.739855
0.2268 0.740282
0.2269 0.740632
0.227 0.740815
0.2271 0.740816
0.2272 0.741193
0.2273 0.741614
0.2274 0.742215
0.2275 0.742448
0.2276 0.742847
0.2277 0.743304
0.2278 0.743641
0.2279 0.743952
0.228 0.74473
0.2281 0.744727
0.2282 0.745184
0.2283 0.745229
0.2284 0.745547
0.2285 0.745868
0.2286 0.746075
0.2287 0.746474
0.2288 0.747233
0.2289 0.747045
0.229 0.747814
0.2291 0.748174
0.2292 0.748635
0.2293 0.749321
0.2294 0.750005
0.2295 0.750188
0.2296 0.75103
0.2297 0.751539
0.2298 0.751492
0.2299 0.752009
0.23 0.752045
0.2301 0.752652
0.2302 0.75296
0.2303 0.753519
0.2304 0.754134
0.2305 0.754658
0.2306 0.755037
0.2307 0.755219
0.2308 0.755541
0.2309 0.755418
0.231 0.755423
0.2311 0.755441
0.2312 0.755411
0.2313 0.755828
0.2314 0.756357
0.2315 0.756857
0.2316 0.757202
0.2317 0.757481
0.2318 0.757802
0.2319 0.75782
0.232 0.757788
0.2321 0.757781
0.2322 0.75835
0.2323 0.758703
0.2324 0.759894
0.2325 0.760072
0.2326 0.7604
0.2327 0.760408
0.2328 0.761138
0.2329 0.76127
0.233 0.761676
0.2331 0.762107
0.2332 0.762577
0.2333 0.762496
0.2334 0.762936
0.2335 0.763323
0.2336 0.763462
0.2337 0.764209
0.2338 0.764509
0.2339 0.764673
0.234 0.76505
0.2341 0.765325
0.2342 0.765363
0.2343 0.7657
0.2344 0.766089
0.2345 0.766482
0.2346 0.767008
0.2347 0.767336
0.2348 0.76727
0.2349 0.767564
0.235 0.767766
0.2351 0.76782
0.2352 0.768159
0.2353 0.768634
0.2354 0.768985
0.2355 0.768856
0.2356 0.768929
0.2357 0.769118
0.2358 0.769275
0.2359 0.769946
0.236 0.770096
0.2361 0.770248
0.2362 0.770839
0.2363 0.771516
0.2364 0.771712
0.2365 0.772003
0.2366 0.772426
0.2367 0.772487
0.2368 0.772369
0.2369 0.772567
0.237 0.772976
0.2371 0.773297
0.2372 0.773864
0.2373 0.774223
0.2374 0.77432
0.2375 0.774832
0.2376 0.775174
0.2377 0.7758
0.2378 0.775834
0.2379 0.775831
0.238 0.776348
0.2381 0.776637
0.2382 0.777009
0.2383 0.777364
0.2384 0.777161
0.2385 0.777782
0.2386 0.778417
0.2387 0.778748
0.2388 0.779144
0.2389 0.779649
0.239 0.780063
0.2391 0.780222
0.2392 0.780426
0.2393 0.78089
0.2394 0.781345
0.2395 0.781184
0.2396 0.781577
0.2397 0.781866
0.2398 0.782505
0.2399 0.783233
0.24 0.78341
0.2401 0.783711
0.2402 0.783932
0.2403 0.784389
0.2404 0.784497
0.2405 0.784835
0.2406 0.784861
0.2407 0.784881
0.2408 0.785265
0.2409 0.785294
0.241 0.785401
0.2411 0.785792
0.2412 0.786163
0.2413 0.786265
0.2414 0.786799
0.2415 0.787078
0.2416 0.787662
0.2417 0.78815
0.2418 0.788151
0.2419 0.788634
0.242 0.788904
0.2421 0.789296
0.2422 0.78952
0.2423 0.789584
0.2424 0.789613
0.2425 0.79001
0.2426 0.790238
0.2427 0.790509
0.2428 0.791103
0.2429 0.79118
0.243 0.791579
0.2431 0.791993
0.2432 0.792446
0.2433 0.79249
0.2434 0.792607
0.2435 0.792962
0.2436 0.793085
0.2437 0.793483
0.2438 0.793767
0.2439 0.794298
0.244 0.794606
0.2441 0.7946
0.2442 0.794816
0.2443 0.795198
0.2444 0.795246
0.2445 0.795531
0.2446 0.79601
0.2447 0.796278
0.2448 0.796562
0.2449 0.797184
0.245 0.797379
0.2451 0.797449
0.2452 0.797816
0.2453 0.798075
0.2454 0.798748
0.2455 0.798753
0.2456 0.798896
0.2457 0.798846
0.2458 0.799333
0.2459 0.799551
0.246 0.799733
0.2461 0.800387
0.2462 0.80071
0.2463 0.801556
0.2464 0.802285
0.2465 0.8023
0.2466 0.802686
0.2467 0.803273
0.2468 0.804034
0.2469 0.804285
0.247 0.80488
0.2471 0.804955
0.2472 0.805181
0.2473 0.806002
0.2474 0.8062
0.2475 0.80646
0.2476 0.806869
0.2477 0.80722
0.2478 0.807973
0.2479 0.808402
0.248 0.80886
0.2481 0.809479
0.2482 0.810208
0.2483 0.810815
0.2484 0.811285
0.2485 0.811783
0.2486 0.81212
0.2487 0.811904
0.2488 0.812563
0.2489 0.812788
0.249 0.813129
0.2491 0.812978
0.2492 0.813124
0.2493 0.813458
0.2494 0.813663
0.2495 0.813984
0.2496 0.814533
0.2497 0.815292
0.2498 0.816011
0.2499 0.816249
0.25 0.816548
0.2501 0.816858
0.2502 0.816983
0.2503 0.81774
0.2504 0.817924
0.2505 0.818262
0.2506 0.818747
0.2507 0.819079
0.2508 0.819086
0.2509 0.819301
0.251 0.819605
0.2511 0.820128
0.2512 0.820147
0.2513 0.820363
0.2514 0.820465
0.2515 0.82066
0.2516 0.820729
0.2517 0.820909
0.2518 0.820949
0.2519 0.821626
0.252 0.821823
0.2521 0.822063
0.2522 0.822325
0.2523 0.822389
0.2524 0.823
0.2525 0.823417
0.2526 0.82372
0.2527 0.824081
0.2528 0.824191
0.2529 0.824499
0.253 0.824558
0.2531 0.825464
0.2532 0.825568
0.2533 0.826038
0.2534 0.82649
0.2535 0.826592
0.2536 0.826245
0.2537 0.82625
0.2538 0.826682
0.2539 0.827715
0.254 0.827771
0.2541 0.828117
0.2542 0.828219
0.2543 0.828124
0.2544 0.828433
0.2545 0.828425
0.2546 0.828975
0.2547 0.829081
0.2548 0.829207
0.2549 0.829346
0.255 0.829769
0.2551 0.830245
0.2552 0.83053
0.2553 0.830175
0.2554 0.830188
0.2555 0.830296
0.2556 0.831004
0.2557 0.831289
0.2558 0.83122
0.2559 0.831519
0.256 0.831992
0.2561 0.832471
0.2562 0.832933
0.2563 0.833426
0.2564 0.833685
0.2565 0.833957
0.2566 0.834131
0.2567 0.834591
0.2568 0.835207
0.2569 0.835976
0.257 0.836268
0.2571 0.836402
0.2572 0.837025
0.2573 0.837224
0.2574 0.837659
0.2575 0.837654
0.2576 0.837978
0.2577 0.838544
0.2578 0.838638
0.2579 0.838786
0.258 0.838833
0.2581 0.839492
0.2582 0.839678
0.2583 0.839939
0.2584 0.840528
0.2585 0.840821
0.2586 0.841114
0.2587 0.841741
0.2588 0.841829
0.2589 0.842138
0.259 0.843115
0.2591 0.843574
0.2592 0.843984
0.2593 0.844133
0.2594 0.844536
0.2595 0.844481
0.2596 0.845361
0.2597 0.845806
0.2598 0.846025
0.2599 0.846155
0.26 0.846011
0.2601 0.846716
0.2602 0.846485
0.2603 0.84736
0.2604 0.847607
0.2605 0.847961
0.2606 0.84813
0.2607 0.848524
0.2608 0.849206
0.2609 0.849657
0.261 0.849674
0.2611 0.850308
0.2612 0.850468
0.2613 0.850661
0.2614 0.850716
0.2615 0.850996
0.2616 0.851449
0.2617 0.851889
0.2618 0.852455
0.2619 0.853193
0.262 0.853522
0.2621 0.853549
0.2622 0.853731
0.2623 0.854139
0.2624 0.854586
0.2625 0.855011
0.2626 0.85518
0.2627 0.855416
0.2628 0.85623
0.2629 0.856444
0.263 0.857263
0.2631 0.857367
0.2632 0.858063
0.2633 0.858174
0.2634 0.858464
0.2635 0.858194
0.2636 0.858121
0.2637 0.858952
0.2638 0.859506
0.2639 0.859781
0.264 0.860436
0.2641 0.86131
0.2642 0.861249
0.2643 0.861618
0.2644 0.861546
0.2645 0.861927
0.2646 0.861812
0.2647 0.862282
0.2648 0.862557
0.2649 0.862853
0.265 0.863288
0.2651 0.863429
0.2652 0.863467
0.2653 0.863862
0.2654 0.864213
0.2655 0.864762
0.2656 0.864597
0.2657 0.865427
0.2658 0.865469
0.2659 0.86555
0.266 0.865843
0.2661 0.86652
0.2662 0.866681
0.2663 0.867025
0.2664 0.867063
0.2665 0.867313
0.2666 0.86757
0.2667 0.867945
0.2668 0.868304
0.2669 0.868587
0.267 0.868613
0.2671 0.86904
0.2672 0.869317
0.2673 0.869718
0.2674 0.870351
0.2675 0.870691
0.2676 0.870799
0.2677 0.871112
0.2678 0.871108
0.2679 0.87158
0.268 0.8716
0.2681 0.87177
0.2682 0.872022
0.2683 0.872703
0.2684 0.872932
0.2685 0.873174
0.2686 0.873543
0.2687 0.874074
0.2688 0.874593
0.2689 0.875077
0.269 0.875379
0.2691 0.875662
0.2692 0.875876
0.2693 0.875902
0.2694 0.876145
0.2695 0.876439
0.2696 0.876399
0.2697 0.87612
0.2698 0.876338
0.2699 0.8769
0.27 0.87724
0.2701 0.877755
0.2702 0.878111
0.2703 0.878199
0.2704 0.878505
0.2705 0.879083
0.2706 0.879869
0.2707 0.880174
0.2708 0.880548
0.2709 0.880788
0.271 0.880964
0.2711 0.880956
0.2712 0.881302
0.2713 0.881644
0.2714 0.88218
0.2715 0.88269
0.2716 0.883077
0.2717 0.883656
0.2718 0.884181
0.2719 0.884743
0.272 0.885102
0.2721 0.885463
0.2722 0.886072
0.2723 0.885935
0.2724 0.885833
0.2725 0.886313
0.2726 0.886787
0.2727 0.887268
0.2728 0.88719
0.2729 0.887334
0.273 0.888039
0.2731 0.888507
0.2732 0.888757
0.2733 0.888661
0.2734 0.889087
0.2735 0.889092
0.2736 0.889507
0.2737 0.889901
0.2738 0.890281
0.2739 0.890588
0.274 0.890928
0.2741 0.89098
0.2742 0.891309
0.2743 0.891569
0.2744 0.891916
0.2745 0.892396
0.2746 0.892555
0.2747 0.892555
0.2748 0.892801
0.2749 0.892985
0.275 0.893544
0.2751 0.893814
0.2752 0.894035
0.2753 0.894341
0.2754 0.894343
0.2755 0.895344
0.2756 0.895767
0.2757 0.895612
0.2758 0.895994
0.2759 0.896173
0.276 0.896609
0.2761 0.897382
0.2762 0.897038
0.2763 0.89694
0.2764 0.897127
0.2765 0.897132
0.2766 0.896833
0.2767 0.897028
0.2768 0.897159
0.2769 0.897505
0.277 0.897827
0.2771 0.897973
0.2772 0.898511
0.2773 0.898715
0.2774 0.899464
0.2775 0.900432
0.2776 0.900569
0.2777 0.900847
0.2778 0.900724
0.2779 0.901063
0.278 0.901327
0.2781 0.90194
0.2782 0.902368
0.2783 0.902533
0.2784 0.902745
0.2785 0.903069
0.2786 0.903497
0.2787 0.904211
0.2788 0.904573
0.2789 0.905376
0.279 0.905693
0.2791 0.90586
0.2792 0.905978
0.2793 0.906084
0.2794 0.906432
0.2795 0.906955
0.2796 0.907571
0.2797 0.908166
0.2798 0.908482
0.2799 0.908721
0.28 0.908986
0.2801 0.90901
0.2802 0.909452
0.2803 0.909811
0.2804 0.910591
0.2805 0.910438
0.2806 0.910964
0.2807 0.911888
0.2808 0.911924
0.2809 0.91224
0.281 0.912805
0.2811 0.913537
0.2812 0.914188
0.2813 0.914954
0.2814 0.915147
0.2815 0.915536
0.2816 0.916017
0.2817 0.916276
0.2818 0.916278
0.2819 0.916758
0.282 0.917536
0.2821 0.917937
0.2822 0.917852
0.2823 0.917924
0.2824 0.918589
0.2825 0.919005
0.2826 0.919356
0.2827 0.919838
0.2828 0.920356
0.2829 0.92024
0.283 0.920377
0.2831 0.920735
0.2832 0.921036
0.2833 0.921513
0.2834 0.92194
0.2835 0.922458
0.2836 0.922628
0.2837 0.922396
0.2838 0.922614
0.2839 0.923191
0.284 0.923965
0.2841 0.924676
0.2842 0.92466
0.2843 0.924994
0.2844 0.924788
0.2845 0.925464
0.2846 0.92612
0.2847 0.925928
0.2848 0.926249
0.2849 0.926162
0.285 0.926105
0.2851 0.926491
0.2852 0.926912
0.2853 0.92656
0.2854 0.927348
0.2855 0.928208
0.2856 0.928614
0.2857 0.928715
0.2858 0.928348
0.2859 0.928785
0.286 0.928647
0.2861 0.928533
0.2862 0.928729
0.2863 0.929082
0.2864 0.929079
0.2865 0.929499
0.2866 0.929698
0.2867 0.929659
0.2868 0.929413
0.2869 0.930062
0.287 0.929989
0.2871 0.930329
0.2872 0.930348
0.2873 0.930615
0.2874 0.93082
0.2875 0.931205
0.2876 0.931406
0.2877 0.931509
0.2878 0.931661
0.2879 0.931762
0.288 0.932373
0.2881 0.932786
0.2882 0.933053
0.2883 0.933079
0.2884 0.933348
0.2885 0.933879
0.2886 0.934165
0.2887 0.934678
0.2888 0.935277
0.2889 0.935751
0.289 0.93558
0.2891 0.935613
0.2892 0.935842
0.2893 0.936708
0.2894 0.937132
0.2895 0.93747
0.2896 0.937661
0.2897 0.938396
0.2898 0.9384
0.2899 0.938313
0.29 0.938926
0.2901 0.939261
0.2902 0.93908
0.2903 0.939253
0.2904 0.939568
0.2905 0.940053
0.2906 0.93983
0.2907 0.939639
0.2908 0.93982
0.2909 0.940592
0.291 0.940986
0.2911 0.94155
0.2912 0.941589
0.2913 0.941743
0.2914 0.941951
0.2915 0.94237
0.2916 0.942508
0.2917 0.942686
0.2918 0.943124
0.2919 0.942993
0.292 0.94329
0.2921 0.943749
0.2922 0.944112
0.2923 0.94465
0.2924 0.944987
0.2925 0.945206
0.2926 0.945425
0.2927 0.945746
0.2928 0.94605
0.2929 0.94608
0.293 0.946362
0.2931 0.946542
0.2932 0.946929
0.2933 0.947099
0.2934 0.947369
0.2935 0.947522
0.2936 0.947307
0.2937 0.9471
0.2938 0.947424
0.2939 0.94786
0.294 0.948098
0.2941 0.948858
0.2942 0.949248
0.2943 0.949506
0.2944 0.949846
0.2945 0.950286
0.2946 0.950393
0.2947 0.950471
0.2948 0.950413
0.2949 0.950713
0.295 0.95121
0.2951 0.951316
0.2952 0.951507
0.2953 0.95222
0.2954 0.952492
0.2955 0.952629
0.2956 0.95258
0.2957 0.952559
0.2958 0.952765
0.2959 0.952978
0.296 0.953149
0.2961 0.953854
0.2962 0.95415
0.2963 0.954577
0.2964 0.954948
0.2965 0.954883
0.2966 0.955432
0.2967 0.955557
0.2968 0.95586
0.2969 0.955555
0.297 0.955786
0.2971 0.956085
0.2972 0.956307
0.2973 0.956294
0.2974 0.956562
0.2975 0.956988
0.2976 0.957747
0.2977 0.957688
0.2978 0.958232
0.2979 0.958745
0.298 0.958973
0.2981 0.959407
0.2982 0.95954
0.2983 0.959839
0.2984 0.960298
0.2985 0.960579
0.2986 0.961024
0.2987 0.961495
0.2988 0.961773
0.2989 0.962092
0.299 0.962409
0.2991 0.962717
0.2992 0.9632
0.2993 0.963592
0.2994 0.963483
0.2995 0.964061
0.2996 0.964484
0.2997 0.96479
0.2998 0.964925
0.2999 0.965421
0.3 0.965596
0.3001 0.965445
0.3002 0.966017
0.3003 0.966405
0.3004 0.966535
0.3005 0.967133
0.3006 0.96726
0.3007 0.967148
0.3008 0.967561
0.3009 0.967782
0.301 0.968239
0.3011 0.968466
0.3012 0.968271
0.3013 0.968145
0.3014 0.968214
0.3015 0.968504
0.3016 0.96868
0.3017 0.968848
0.3018 0.96878
0.3019 0.969371
0.302 0.970001
0.3021 0.970011
0.3022 0.969905
0.3023 0.970075
0.3024 0.970563
0.3025 0.970706
0.3026 0.970977
0.3027 0.970769
0.3028 0.971001
0.3029 0.970742
0.303 0.970737
0.3031 0.971181
0.3032 0.971459
0.3033 0.971928
0.3034 0.972306
0.3035 0.972437
0.3036 0.972932
0.3037 0.973262
0.3038 0.973145
0.3039 0.973115
0.304 0.973048
0.3041 0.972731
0.3042 0.973373
0.3043 0.97364
0.3044 0.974133
0.3045 0.97477
0.3046 0.975112
0.3047 0.975609
0.3048 0.976163
0.3049 0.976699
0.305 0.976307
0.3051 0.97668
0.3052 0.977266
0.3053 0.978281
0.3054 0.978255
0.3055 0.978521
0.3056 0.978999
0.3057 0.978614
0.3058 0.978839
0.3059 0.979255
0.306 0.979313
0.3061 0.979622
0.3062 0.980117
0.3063 0.980471
0.3064 0.98103
0.3065 0.981111
0.3066 0.981518
0.3067 0.981807
0.3068 0.981819
0.3069 0.982179
0.307 0.98241
0.3071 0.982835
0.3072 0.982967
0.3073 0.983044
0.3074 0.983864
0.3075 0.983639
0.3076 0.984312
0.3077 0.984892
0.3078 0.985408
0.3079 0.985599
0.308 0.98549
0.3081 0.985613
0.3082 0.986128
0.3083 0.986439
0.3084 0.986871
0.3085 0.987305
0.3086 0.987696
0.3087 0.987755
0.3088 0.987553
0.3089 0.987915
0.309 0.988021
0.3091 0.988438
0.3092 0.988739
0.3093 0.989316
0.3094 0.98936
0.3095 0.990035
0.3096 0.990585
0.3097 0.991333
0.3098 0.991691
0.3099 0.992132
0.31 0.992666
0.3101 0.992781
0.3102 0.993043
0.3103 0.993372
0.3104 0.993638
0.3105 0.99401
0.3106 0.994427
0.3107 0.994889
0.3108 0.995723
0.3109 0.996351
0.311 0.996946
0.3111 0.997224
0.3112 0.997445
0.3113 0.99768
0.3114 0.997964
0.3115 0.998259
0.3116 0.998384
0.3117 0.99891
0.3118 0.99865
0.3119 0.99892
0.312 0.99899
0.3121 0.999588
0.3122 0.99979
0.3123 0.999862
0.3124 1.00058
0.3125 1.0008
0.3126 1.00107
0.3127 1.00142
0.3128 1.00224
0.3129 1.00303
0.313 1.00299
0.3131 1.00254
0.3132 1.00278
0.3133 1.00302
0.3134 1.00303
0.3135 1.00341
0.3136 1.00394
0.3137 1.0047
0.3138 1.00483
0.3139 1.00529
0.314 1.0056
0.3141 1.00569
0.3142 1.00604
0.3143 1.0068
0.3144 1.00694
0.3145 1.0071
0.3146 1.00713
0.3147 1.00763
0.3148 1.00809
0.3149 1.00867
0.315 1.00889
0.3151 1.00892
0.3152 1.00876
0.3153 1.00882
0.3154 1.00936
0.3155 1.00935
0.3156 1.00929
0.3157 1.00983
0.3158 1.01028
0.3159 1.01003
0.316 1.01038
0.3161 1.01054
0.3162 1.0108
0.3163 1.01093
0.3164 1.01119
0.3165 1.01143
0.3166 1.01171
0.3167 1.01217
0.3168 1.01261
0.3169 1.01282
0.317 1.01301
0.3171 1.01327
0.3172 1.0142
0.3173 1.01441
0.3174 1.0144
0.3175 1.01465
0.3176 1.01492
0.3177 1.01555
0.3178 1.01591
0.3179 1.01662
0.318 1.017
0.3181 1.01759
0.3182 1.01765
0.3183 1.0178
0.3184 1.01738
0.3185 1.01817
0.3186 1.01873
0.3187 1.01899
0.3188 1.01955
0.3189 1.01956
0.319 1.0203
0.3191 1.02051
0.3192 1.02099
0.3193 1.02095
0.3194 1.02089
0.3195 1.02101
0.3196 1.02093
0.3197 1.02118
0.3198 1.02085
0.3199 1.02059
0.32 1.02126
0.3201 1.02178
0.3202 1.02195
0.3203 1.02195
0.3204 1.02222
0.3205 1.02243
0.3206 1.02316
0.3207 1.02353
0.3208 1.0234
0.3209 1.02367
0.321 1.02405
0.3211 1.0247
0.3212 1.02522
0.3213 1.02558
0.3214 1.02556
0.3215 1.02605
0.3216 1.02664
0.3217 1.0268
0.3218 1.02715
0.3219 1.02735
0.322 1.02712
0.3221 1.02715
0.3222 1.0274
0.3223 1.02733
0.3224 1.02793
0.3225 1.02819
0.3226 1.02853
0.3227 1.02876
0.3228 1.02902
0.3229 1.02927
0.323 1.02912
0.3231 1.0298
0.3232 1.03072
0.3233 1.03117
0.3234 1.03179
0.3235 1.03219
0.3236 1.03279
0.3237 1.03333
0.3238 1.0341
0.3239 1.03404
0.324 1.03407
0.3241 1.03486
0.3242 1.03475
0.3243 1.03507
0.3244 1.03553
0.3245 1.03557
0.3246 1.03554
0.3247 1.0365
0.3248 1.03687
0.3249 1.03667
0.325 1.0368
0.3251 1.03685
0.3252 1.03736
0.3253 1.0377
0.3254 1.03811
0.3255 1.03825
0.3256 1.03825
0.3257 1.03824
0.3258 1.0386
0.3259 1.03864
0.326 1.03887
0.3261 1.03931
0.3262 1.03966
0.3263 1.03991
0.3264 1.04009
0.3265 1.04079
0.3266 1.04081
0.3267 1.04174
0.3268 1.04226
0.3269 1.04254
0.327 1.04192
0.3271 1.04226
0.3272 1.04235
0.3273 1.04198
0.3274 1.04227
0.3275 1.04229
0.3276 1.04255
0.3277 1.04306
0.3278 1.04336
0.3279 1.04378
0.328 1.04362
0.3281 1.04364
0.3282 1.04377
0.3283 1.04389
0.3284 1.04416
0.3285 1.04432
0.3286 1.04462
0.3287 1.04507
0.3288 1.04539
0.3289 1.04562
0.329 1.04589
0.3291 1.04611
0.3292 1.04621
0.3293 1.04589
0.3294 1.04625
0.3295 1.04596
0.3296 1.04629
0.3297 1.04706
0.3298 1.04764
0.3299 1.04765
0.33 1.04793
0.3301 1.04845
0.3302 1.04874
0.3303 1.04929
0.3304 1.04949
0.3305 1.05
0.3306 1.05016
0.3307 1.05031
0.3308 1.05078
0.3309 1.05153
0.331 1.05182
0.3311 1.05203
0.3312 1.05224
0.3313 1.05245
0.3314 1.05286
0.3315 1.05309
0.3316 1.05367
0.3317 1.054
0.3318 1.05415
0.3319 1.0542
0.332 1.05402
0.3321 1.05405
0.3322 1.05424
0.3323 1.05493
0.3324 1.05531
0.3325 1.05592
0.3326 1.05656
0.3327 1.05734
0.3328 1.05744
0.3329 1.05828
0.333 1.05866
0.3331 1.05945
0.3332 1.05996
0.3333 1.06021
0.3334 1.06029
0.3335 1.06053
0.3336 1.06067
0.3337 1.06058
0.3338 1.0606
0.3339 1.06081
0.334 1.06146
0.3341 1.06141
0.3342 1.06178
0.3343 1.0624
0.3344 1.06237
0.3345 1.06239
0.3346 1.06302
0.3347 1.06308
0.3348 1.06291
0.3349 1.06337
0.335 1.06339
0.3351 1.06362
0.3352 1.06404
0.3353 1.06398
0.3354 1.064
0.3355 1.06431
0.3356 1.06508
0.3357 1.06568
0.3358 1.0661
0.3359 1.06586
0.336 1.0655
0.3361 1.06635
0.3362 1.06705
0.3363 1.06732
0.3364 1.06755
0.3365 1.06795
0.3366 1.06807
0.3367 1.06912
0.3368 1.06914
0.3369 1.06907
0.337 1.06892
0.3371 1.06959
0.3372 1.07025
0.3373 1.07129
0.3374 1.07171
0.3375 1.07163
0.3376 1.07148
0.3377 1.07199
0.3378 1.07203
0.3379 1.07264
0.338 1.07326
0.3381 1.0734
0.3382 1.0737
0.3383 1.07395
0.3384 1.07436
0.3385 1.07518
0.3386 1.07571
0.3387 1.07593
0.3388 1.07666
0.3389 1.07738
0.339 1.07731
0.3391 1.07741
0.3392 1.07726
0.3393 1.07705
0.3394 1.07731
0.3395 1.07754
0.3396 1.07778
0.3397 1.0781
0.3398 1.07845
0.3399 1.07917
0.34 1.07935
0.3401 1.0796
0.3402 1.07994
0.3403 1.08086
0.3404 1.08106
0.3405 1.08162
0.3406 1.08183
0.3407 1.08213
0.3408 1.08274
0.3409 1.08328
0.341 1.08325
0.3411 1.08354
0.3412 1.08432
0.3413 1.08497
0.3414 1.0853
0.3415 1.08561
0.3416 1.08568
0.3417 1.08615
0.3418 1.08636
0.3419 1.08661
0.342 1.08663
0.3421 1.08667
0.3422 1.08678
0.3423 1.08713
0.3424 1.08777
0.3425 1.08774
0.3426 1.08775
0.3427 1.08756
0.3428 1.08763
0.3429 1.08809
0.343 1.08837
0.3431 1.0888
0.3432 1.08904
0.3433 1.08946
0.3434 1.08998
0.3435 1.09013
0.3436 1.09043
0.3437 1.09127
0.3438 1.09172
0.3439 1.0923
0.344 1.09265
0.3441 1.09262
0.3442 1.09276
0.3443 1.09294
0.3444 1.09301
0.3445 1.09321
0.3446 1.09287
0.3447 1.09314
0.3448 1.09343
0.3449 1.09357
0.345 1.09398
0.3451 1.0938
0.3452 1.09417
0.3453 1.09468
0.3454 1.09537
0.3455 1.09626
0.3456 1.09719
0.3457 1.0972
0.3458 1.09781
0.3459 1.09811
0.346 1.09884
0.3461 1.09834
0.3462 1.09861
0.3463 1.09873
0.3464 1.09963
0.3465 1.1002
0.3466 1.10027
0.3467 1.1005
0.3468 1.10126
0.3469 1.10194
0.347 1.10184
0.3471 1.1023
0.3472 1.10243
0.3473 1.10281
0.3474 1.10292
0.3475 1.1031
0.3476 1.10348
0.3477 1.1039
0.3478 1.10429
0.3479 1.10474
0.348 1.10517
0.3481 1.10522
0.3482 1.10548
0.3483 1.10638
0.3484 1.1065
0.3485 1.10654
0.3486 1.1068
0.3487 1.10712
0.3488 1.10749
0.3489 1.108
0.349 1.10857
0.3491 1.10938
0.3492 1.10978
0.3493 1.11054
0.3494 1.11118
0.3495 1.11114
0.3496 1.11222
0.3497 1.11261
0.3498 1.11289
0.3499 1.11323
0.35 1.11367
0.3501 1.11398
0.3502 1.11444
0.3503 1.11442
0.3504 1.11427
0.3505 1.11426
0.3506 1.11475
0.3507 1.11552
0.3508 1.1158
0.3509 1.11599
0.351 1.11609
0.3511 1.11631
0.3512 1.11625
0.3513 1.11676
0.3514 1.11722
0.3515 1.11745
0.3516 1.11775
0.3517 1.11755
0.3518 1.11783
0.3519 1.11792
0.352 1.11835
0.3521 1.11857
0.3522 1.1186
0.3523 1.11886
0.3524 1.11916
0.3525 1.11962
0.3526 1.11962
0.3527 1.11937
0.3528 1.11972
0.3529 1.12006
0.353 1.12043
0.3531 1.12063
0.3532 1.12139
0.3533 1.12213
0.3534 1.12249
0.3535 1.12262
0.3536 1.12281
0.3537 1.12322
0.3538 1.12351
0.3539 1.1243
0.354 1.12416
0.3541 1.1241
0.3542 1.12397
0.3543 1.12444
0.3544 1.12476
0.3545 1.125
0.3546 1.12487
0.3547 1.12538
0.3548 1.12623
0.3549 1.12658
0.355 1.1266
0.3551 1.1271
0.3552 1.12739
0.3553 1.12778
0.3554 1.12792
0.3555 1.12798
0.3556 1.12846
0.3557 1.12932
0.3558 1.12969
0.3559 1.1305
0.356 1.1308
0.3561 1.1305
0.3562 1.13042
0.3563 1.13102
0.3564 1.13176
0.3565 1.13196
0.3566 1.13243
0.3567 1.1322
0.3568 1.13254
0.3569 1.13262
0.357 1.133
0.3571 1.13319
0.3572 1.13361
0.3573 1.13416
0.3574 1.13432
0.3575 1.13486
0.3576 1.13502
0.3577 1.13515
0.3578 1.13562
0.3579 1.13581
0.358 1.1358
0.3581 1.13586
0.3582 1.13576
0.3583 1.13552
0.3584 1.13584
0.3585 1.13666
0.3586 1.13698
0.3587 1.13716
0.3588 1.13716
0.3589 1.13724
0.359 1.13739
0.3591 1.13736
0.3592 1.1378
0.3593 1.13811
0.3594 1.13787
0.3595 1.13799
0.3596 1.13797
0.3597 1.13829
0.3598 1.13843
0.3599 1.13855
0.36 1.13913
0.3601 1.13897
0.3602 1.13948
0.3603 1.13941
0.3604 1.13939
0.3605 1.13982
0.3606 1.13985
0.3607 1.14007
0.3608 1.14034
0.3609 1.14092
0.361 1.14142
0.3611 1.14234
0.3612 1.14265
0.3613 1.14311
0.3614 1.14302
0.3615 1.14335
0.3616 1.14394
0.3617 1.1438
0.3618 1.14407
0.3619 1.14454
0.362 1.1447
0.3621 1.1448
0.3622 1.14537
0.3623 1.14576
0.3624 1.14628
0.3625 1.14642
0.3626 1.14705
0.3627 1.14793
0.3628 1.14818
0.3629 1.14851
0.363 1.14837
0.3631 1.14843
0.3632 1.14891
0.3633 1.1491
0.3634 1.14917
0.3635 1.14947
0.3636 1.15024
0.3637 1.15069
0.3638 1.15111
0.3639 1.15122
0.364 1.15212
0.3641 1.15209
0.3642 1.15203
0.3643 1.1523
0.3644 1.15205
0.3645 1.15235
0.3646 1.15253
0.3647 1.15252
0.3648 1.15282
0.3649 1.15325
0.365 1.15324
0.3651 1.1537
0.3652 1.15364
0.3653 1.15415
0.3654 1.15428
0.3655 1.15461
0.3656 1.15434
0.3657 1.15462
0.3658 1.1545
0.3659 1.1548
0.366 1.15547
0.3661 1.1559
0.3662 1.15632
0.3663 1.15695
0.3664 1.15724
0.3665 1.15739
0.3666 1.15727
0.3667 1.15727
0.3668 1.15698
0.3669 1.15739
0.367 1.15714
0.3671 1.15699
0.3672 1.15691
0.3673 1.1574
0.3674 1.15757
0.3675 1.15767
0.3676 1.1581
0.3677 1.15865
0.3678 1.15946
0.3679 1.15942
0.368 1.15976
0.3681 1.1604
0.3682 1.16048
0.3683 1.16009
0.3684 1.16028
0.3685 1.16051
0.3686 1.16095
0.3687 1.16124
0.3688 1.16124
0.3689 1.16163
0.369 1.16182
0.3691 1.1619
0.3692 1.16234
0.3693 1.16262
0.3694 1.16239
0.3695 1.16291
0.3696 1.16337
0.3697 1.1639
0.3698 1.16433
0.3699 1.1645
0.37 1.16516
0.3701 1.16547
0.3702 1.16618
0.3703 1.16637
0.3704 1.16652
0.3705 1.16697
0.3706 1.16739
0.3707 1.1675
0.3708 1.16762
0.3709 1.16811
0.371 1.16836
0.3711 1.16866
0.3712 1.16889
0.3713 1.16954
0.3714 1.17003
0.3715 1.17035
0.3716 1.17106
0.3717 1.17183
0.3718 1.17213
0.3719 1.1727
0.372 1.17323
0.3721 1.1736
0.3722 1.17363
0.3723 1.17415
0.3724 1.17468
0.3725 1.17507
0.3726 1.17512
0.3727 1.17531
0.3728 1.17597
0.3729 1.17618
0.373 1.17632
0.3731 1.17633
0.3732 1.17718
0.3733 1.17707
0.3734 1.17706
0.3735 1.17743
0.3736 1.17707
0.3737 1.1781
0.3738 1.17877
0.3739 1.17908
0.374 1.17882
0.3741 1.17957
0.3742 1.18004
0.3743 1.18069
0.3744 1.18088
0.3745 1.18115
0.3746 1.18151
0.3747 1.18222
0.3748 1.18226
0.3749 1.18229
0.375 1.18244
0.3751 1.18246
0.3752 1.18211
0.3753 1.18268
0.3754 1.18247
0.3755 1.18292
0.3756 1.1831
0.3757 1.18341
0.3758 1.18386
0.3759 1.18415
0.376 1.18428
0.3761 1.1842
0.3762 1.18428
0.3763 1.1844
0.3764 1.18507
0.3765 1.18505
0.3766 1.18503
0.3767 1.18595
0.3768 1.18642
0.3769 1.18675
0.377 1.18693
0.3771 1.18714
0.3772 1.18766
0.3773 1.18819
0.3774 1.18845
0.3775 1.18894
0.3776 1.18977
0.3777 1.18989
0.3778 1.19023
0.3779 1.19071
0.378 1.19068
0.3781 1.19091
0.3782 1.19103
0.3783 1.19166
0.3784 1.19203
0.3785 1.19247
0.3786 1.19309
0.3787 1.19373
0.3788 1.19359
0.3789 1.19424
0.379 1.19417
0.3791 1.1949
0.3792 1.19485
0.3793 1.19508
0.3794 1.19526
0.3795 1.1954
0.3796 1.1957
0.3797 1.1964
0.3798 1.1961
0.3799 1.19641
0.38 1.19691
0.3801 1.19777
0.3802 1.19825
0.3803 1.19832
0.3804 1.19881
0.3805 1.19958
0.3806 1.20001
0.3807 1.20029
0.3808 1.20017
0.3809 1.2009
0.381 1.20042
0.3811 1.2006
0.3812 1.20072
0.3813 1.2008
0.3814 1.20099
0.3815 1.20108
0.3816 1.20097
0.3817 1.20133
0.3818 1.20183
0.3819 1.20128
0.382 1.20129
0.3821 1.20176
0.3822 1.20248
0.3823 1.2028
0.3824 1.20275
0.3825 1.20262
0.3826 1.20304
0.3827 1.2034
0.3828 1.20395
0.3829 1.20358
0.383 1.20398
0.3831 1.20457
0.3832 1.20482
0.3833 1.20527
0.3834 1.2052
0.3835 1.20508
0.3836 1.20565
0.3837 1.20576
0.3838 1.20577
0.3839 1.20613
0.384 1.20656
0.3841 1.20695
0.3842 1.20815
0.3843 1.20809
0.3844 1.20803
0.3845 1.20793
0.3846 1.20832
0.3847 1.20857
0.3848 1.20917
0.3849 1.20924
0.385 1.20961
0.3851 1.20943
0.3852 1.21015
0.3853 1.21068
0.3854 1.21029
0.3855 1.21014
0.3856 1.21099
0.3857 1.21103
0.3858 1.21139
0.3859 1.21145
0.386 1.21112
0.3861 1.21153
0.3862 1.21153
0.3863 1.21185
0.3864 1.21197
0.3865 1.21258
0.3866 1.21269
0.3867 1.21333
0.3868 1.21392
0.3869 1.21447
0.387 1.21446
0.3871 1.2148
0.3872 1.21491
0.3873 1.21539
0.3874 1.21629
0.3875 1.21672
0.3876 1.2171
0.3877 1.21767
0.3878 1.21794
0.3879 1.21821
0.388 1.21881
0.3881 1.21935
0.3882 1.21895
0.3883 1.21882
0.3884 1.21892
0.3885 1.21908
0.3886 1.21958
0.3887 1.21994
0.3888 1.2199
0.3889 1.21971
0.389 1.2198
0.3891 1.22031
0.3892 1.22082
0.3893 1.22098
0.3894 1.2212
0.3895 1.22153
0.3896 1.22178
0.3897 1.22175
0.3898 1.22254
0.3899 1.22284
0.39 1.22376
0.3901 1.22417
0.3902 1.22446
0.3903 1.22495
0.3904 1.22535
0.3905 1.22575
0.3906 1.22574
0.3907 1.22576
0.3908 1.22582
0.3909 1.22599
0.391 1.22641
0.3911 1.22737
0.3912 1.22755
0.3913 1.22759
0.3914 1.22851
0.3915 1.22864
0.3916 1.22861
0.3917 1.22888
0.3918 1.22892
0.3919 1.22881
0.392 1.22959
0.3921 1.22981
0.3922 1.23016
0.3923 1.23027
0.3924 1.23114
0.3925 1.23121
0.3926 1.23141
0.3927 1.23137
0.3928 1.23141
0.3929 1.23168
0.393 1.23186
0.3931 1.23195
0.3932 1.23202
0.3933 1.23201
0.3934 1.23245
0.3935 1.23278
0.3936 1.23351
0.3937 1.23409
0.3938 1.23429
0.3939 1.2347
0.394 1.23483
0.3941 1.23521
0.3942 1.23561
0.3943 1.23628
0.3944 1.2367
0.3945 1.23608
0.3946 1.23712
0.3947 1.23738
0.3948 1.2372
0.3949 1.23732
0.395 1.2377
0.3951 1.2386
0.3952 1.23914
0.3953 1.23901
0.3954 1.23981
0.3955 1.23953
0.3956 1.23952
0.3957 1.23952
0.3958 1.24009
0.3959 1.24026
0.396 1.24016
0.3961 1.24069
0.3962 1.24104
0.3963 1.24173
0.3964 1.24162
0.3965 1.24171
0.3966 1.24214
0.3967 1.24262
0.3968 1.24302
0.3969 1.24251
0.397 1.24252
0.3971 1.24244
0.3972 1.24248
0.3973 1.24275
0.3974 1.24284
0.3975 1.24284
0.3976 1.24355
0.3977 1.24429
0.3978 1.24466
0.3979 1.24492
0.398 1.24503
0.3981 1.24535
0.3982 1.24573
0.3983 1.2457
0.3984 1.24649
0.3985 1.24656
0.3986 1.24681
0.3987 1.24677
0.3988 1.24695
0.3989 1.2474
0.399 1.24757
0.3991 1.24786
0.3992 1.24819
0.3993 1.24873
0.3994 1.2487
0.3995 1.24935
0.3996 1.24956
0.3997 1.24986
0.3998 1.24947
0.3999 1.2495
0.4 1.24949
0.4001 1.24955
0.4002 1.24953
0.4003 1.24992
0.4004 1.25022
0.4005 1.25078
0.4006 1.25118
0.4007 1.25206
0.4008 1.25248
0.4009 1.25303
0.401 1.25327
0.4011 1.25283
0.4012 1.25341
0.4013 1.25375
0.4014 1.25409
0.4015 1.25381
0.4016 1.25412
0.4017 1.25465
0.4018 1.25491
0.4019 1.2551
0.402 1.25564
0.4021 1.25627
0.4022 1.25705
0.4023 1.25736
0.4024 1.25726
0.4025 1.25769
0.4026 1.25796
0.4027 1.25801
0.4028 1.25782
0.4029 1.25737
0.403 1.25792
0.4031 1.25795
0.4032 1.25844
0.4033 1.25848
0.4034 1.25857
0.4035 1.25926
0.4036 1.2597
0.4037 1.25963
0.4038 1.26026
0.4039 1.2606
0.404 1.261
0.4041 1.26105
0.4042 1.26154
0.4043 1.26178
0.4044 1.26254
0.4045 1.26271
0.4046 1.26327
0.4047 1.26342
0.4048 1.26331
0.4049 1.26357
0.405 1.26358
0.4051 1.26382
0.4052 1.26402
0.4053 1.26479
0.4054 1.26538
0.4055 1.26577
0.4056 1.26594
0.4057 1.26589
0.4058 1.26583
0.4059 1.26619
0.406 1.2656
0.4061 1.26614
0.4062 1.26669
0.4063 1.26649
0.4064 1.26689
0.4065 1.26743
0.4066 1.2678
0.4067 1.26827
0.4068 1.26879
0.4069 1.2691
0.407 1.26919
0.4071 1.26941
0.4072 1.26963
0.4073 1.27029
0.4074 1.27048
0.4075 1.27076
0.4076 1.27105
0.4077 1.27109
0.4078 1.27145
0.4079 1.27151
0.408 1.27176
0.4081 1.27163
0.4082 1.27252
0.4083 1.27331
0.4084 1.27368
0.4085 1.27417
0.4086 1.2745
0.4087 1.27457
0.4088 1.27512
0.4089 1.27556
0.409 1.27574
0.4091 1.27619
0.4092 1.27697
0.4093 1.27713
0.4094 1.27722
0.4095 1.2776
0.4096 1.27808
0.4097 1.2784
0.4098 1.27825
0.4099 1.27848
0.41 1.2785
0.4101 1.27929
0.4102 1.28013
0.4103 1.28081
0.4104 1.28131
0.4105 1.28196
0.4106 1.28244
0.4107 1.28258
0.4108 1.28195
0.4109 1.28188
0.411 1.28171
0.4111 1.28208
0.4112 1.28225
0.4113 1.28252
0.4114 1.28321
0.4115 1.28326
0.4116 1.28335
0.4117 1.28386
0.4118 1.28454
0.4119 1.28546
0.412 1.28627
0.4121 1.28597
0.4122 1.28666
0.4123 1.28664
0.4124 1.28718
0.4125 1.28764
0.4126 1.2879
0.4127 1.28878
0.4128 1.28925
0.4129 1.28906
0.413 1.28892
0.4131 1.28938
0.4132 1.28999
0.4133 1.29065
0.4134 1.29109
0.4135 1.29128
0.4136 1.29127
0.4137 1.29146
0.4138 1.2915
0.4139 1.29176
0.414 1.29224
0.4141 1.29255
0.4142 1.29252
0.4143 1.29308
0.4144 1.29358
0.4145 1.29375
0.4146 1.29405
0.4147 1.29435
0.4148 1.29475
0.4149 1.2947
0.415 1.29505
0.4151 1.29556
0.4152 1.29676
0.4153 1.2973
0.4154 1.29775
0.4155 1.29835
0.4156 1.29886
0.4157 1.29943
0.4158 1.29955
0.4159 1.29989
0.416 1.30035
0.4161 1.29994
0.4162 1.30014
0.4163 1.30044
0.4164 1.30034
0.4165 1.30016
0.4166 1.30045
0.4167 1.30047
0.4168 1.30107
0.4169 1.3011
0.417 1.30151
0.4171 1.30156
0.4172 1.30149
0.4173 1.30188
0.4174 1.30201
0.4175 1.30224
0.4176 1.30258
0.4177 1.30279
0.4178 1.30269
0.4179 1.30235
0.418 1.30295
0.4181 1.30293
0.4182 1.30308
0.4183 1.3034
0.4184 1.30362
0.4185 1.304
0.4186 1.30414
0.4187 1.30486
0.4188 1.30551
0.4189 1.30619
0.419 1.30602
0.4191 1.30667
0.4192 1.30684
0.4193 1.30661
0.4194 1.3066
0.4195 1.30707
0.4196 1.30768
0.4197 1.30769
0.4198 1.30747
0.4199 1.30727
0.42 1.30738
0.4201 1.30798
0.4202 1.30804
0.4203 1.30854
0.4204 1.3088
0.4205 1.30923
0.4206 1.30983
0.4207 1.3102
0.4208 1.31093
0.4209 1.31124
0.421 1.31148
0.4211 1.31181
0.4212 1.31193
0.4213 1.31223
0.4214 1.31224
0.4215 1.31258
0.4216 1.31281
0.4217 1.31318
0.4218 1.31356
0.4219 1.31385
0.422 1.31386
0.4221 1.31427
0.4222 1.31436
0.4223 1.31457
0.4224 1.3148
0.4225 1.31496
0.4226 1.31489
0.4227 1.31517
0.4228 1.3157
0.4229 1.31592
0.423 1.31624
0.4231 1.31708
0.4232 1.31701
0.4233 1.31768
0.4234 1.31841
0.4235 1.3188
0.4236 1.3194
0.4237 1.31957
0.4238 1.31992
0.4239 1.31994
0.424 1.32034
0.4241 1.32069
0.4242 1.32088
0.4243 1.32099
0.4244 1.32149
0.4245 1.32163
0.4246 1.32272
0.4247 1.32326
0.4248 1.32386
0.4249 1.32404
0.425 1.32511
0.4251 1.32506
0.4252 1.32537
0.4253 1.32595
0.4254 1.32603
0.4255 1.32621
0.4256 1.32674
0.4257 1.32719
0.4258 1.32718
0.4259 1.32746
0.426 1.32771
0.4261 1.32838
0.4262 1.32902
0.4263 1.32942
0.4264 1.32979
0.4265 1.32983
0.4266 1.32992
0.4267 1.33079
0.4268 1.33091
0.4269 1.3307
0.427 1.33201
0.4271 1.33218
0.4272 1.33212
0.4273 1.33171
0.4274 1.33212
0.4275 1.33263
0.4276 1.33285
0.4277 1.33345
0.4278 1.33388
0.4279 1.33408
0.428 1.3345
0.4281 1.33566
0.4282 1.33591
0.4283 1.33607
0.4284 1.33579
0.4285 1.33597
0.4286 1.3363
0.4287 1.3369
0.4288 1.33688
0.4289 1.33701
0.429 1.33733
0.4291 1.33753
0.4292 1.33753
0.4293 1.33751
0.4294 1.33783
0.4295 1.33881
0.4296 1.33923
0.4297 1.33982
0.4298 1.34
0.4299 1.34073
0.43 1.34102
0.4301 1.34113
0.4302 1.34162
0.4303 1.34135
0.4304 1.34168
0.4305 1.34168
0.4306 1.34189
0.4307 1.34231
0.4308 1.34235
0.4309 1.34273
0.431 1.34317
0.4311 1.34351
0.4312 1.34429
0.4313 1.34487
0.4314 1.34499
0.4315 1.34593
0.4316 1.34619
0.4317 1.34674
0.4318 1.34725
0.4319 1.34747
0.432 1.34863
0.4321 1.34867
0.4322 1.34901
0.4323 1.34952
0.4324 1.34962
0.4325 1.34965
0.4326 1.34981
0.4327 1.35006
0.4328 1.35055
0.4329 1.35087
0.433 1.35111
0.4331 1.35096
0.4332 1.35146
0.4333 1.35214
0.4334 1.35236
0.4335 1.35257
0.4336 1.35257
0.4337 1.35287
0.4338 1.35341
0.4339 1.35284
0.434 1.35344
0.4341 1.35345
0.4342 1.3537
0.4343 1.35361
0.4344 1.35422
0.4345 1.35456
0.4346 1.35544
0.4347 1.35536
0.4348 1.35578
0.4349 1.35651
0.435 1.35728
0.4351 1.35779
0.4352 1.3576
0.4353 1.35795
0.4354 1.3585
0.4355 1.35928
0.4356 1.35937
0.4357 1.35947
0.4358 1.35964
0.4359 1.36012
0.436 1.36075
0.4361 1.36116
0.4362 1.36161
0.4363 1.36189
0.4364 1.36261
0.4365 1.36274
0.4366 1.36308
0.4367 1.3637
0.4368 1.36349
0.4369 1.36361
0.437 1.36345
0.4371 1.36417
0.4372 1.36398
0.4373 1.36406
0.4374 1.36457
0.4375 1.36455
0.4376 1.36532
0.4377 1.36566
0.4378 1.36584
0.4379 1.3665
0.438 1.3668
0.4381 1.36765
0.4382 1.36757
0.4383 1.36763
0.4384 1.36773
0.4385 1.36829
0.4386 1.3683
0.4387 1.36845
0.4388 1.36878
0.4389 1.36989
0.439 1.37045
0.4391 1.37088
0.4392 1.37113
0.4393 1.37134
0.4394 1.37156
0.4395 1.37172
0.4396 1.37191
0.4397 1.37269
0.4398 1.37312
0.4399 1.37375
0.44 1.37428
0.4401 1.37458
0.4402 1.37487
0.4403 1.37516
0.4404 1.37568
0.4405 1.37611
0.4406 1.37677
0.4407 1.37733
0.4408 1.37704
0.4409 1.37692
0.441 1.37732
0.4411 1.37749
0.4412 1.37816
0.4413 1.37784
0.4414 1.37797
0.4415 1.37831
0.4416 1.37878
0.4417 1.37864
0.4418 1.37841
0.4419 1.37877
0.442 1.37876
0.4421 1.37887
0.4422 1.37901
0.4423 1.37858
0.4424 1.37894
0.4425 1.37941
0.4426 1.3798
0.4427 1.38056
0.4428 1.38115
0.4429 1.38139
0.443 1.3808
0.4431 1.38126
0.4432 1.38129
0.4433 1.38145
0.4434 1.38188
0.4435 1.38206
0.4436 1.38196
0.4437 1.38199
0.4438 1.38218
0.4439 1.38235
0.444 1.3825
0.4441 1.38234
0.4442 1.38205
0.4443 1.38271
0.4444 1.38206
0.4445 1.38277
0.4446 1.3827
0.4447 1.38279
0.4448 1.38351
0.4449 1.38409
0.445 1.38389
0.4451 1.38394
0.4452 1.38392
0.4453 1.38411
0.4454 1.38428
0.4455 1.38503
0.4456 1.38486
0.4457 1.38515
0.4458 1.38554
0.4459 1.38547
0.446 1.38573
0.4461 1.3858
0.4462 1.38641
0.4463 1.3866
0.4464 1.38698
0.4465 1.38731
0.4466 1.38727
0.4467 1.38769
0.4468 1.38795
0.4469 1.38848
0.447 1.38869
0.4471 1.38953
0.4472 1.39003
0.4473 1.39024
0.4474 1.39111
0.4475 1.39141
0.4476 1.39169
0.4477 1.39246
0.4478 1.39283
0.4479 1.39312
0.448 1.39354
0.4481 1.39406
0.4482 1.3943
0.4483 1.39475
0.4484 1.3948
0.4485 1.395
0.4486 1.39505
0.4487 1.39554
0.4488 1.39635
0.4489 1.39687
0.449 1.39687
0.4491 1.39719
0.4492 1.39766
0.4493 1.39798
0.4494 1.39757
0.4495 1.39784
0.4496 1.39815
0.4497 1.39828
0.4498 1.39805
0.4499 1.39852
0.45 1.39837
0.4501 1.39875
0.4502 1.39958
0.4503 1.40004
0.4504 1.40044
0.4505 1.40043
0.4506 1.40125
0.4507 1.4017
0.4508 1.40132
0.4509 1.40125
0.451 1.40164
0.4511 1.402
0.4512 1.40265
0.4513 1.40323
0.4514 1.40329
0.4515 1.40311
0.4516 1.40255
0.4517 1.40295
0.4518 1.4037
0.4519 1.40325
0.452 1.40352
0.4521 1.40373
0.4522 1.40359
0.4523 1.40389
0.4524 1.40394
0.4525 1.4041
0.4526 1.40379
0.4527 1.40407
0.4528 1.4046
0.4529 1.40469
0.453 1.40467
0.4531 1.40499
0.4532 1.40516
0.4533 1.40562
0.4534 1.4064
0.4535 1.40712
0.4536 1.40778
0.4537 1.4083
0.4538 1.40854
0.4539 1.40927
0.454 1.4092
0.4541 1.40928
0.4542 1.4101
0.4543 1.41028
0.4544 1.41058
0.4545 1.41129
0.4546 1.41179
0.4547 1.4117
0.4548 1.41234
0.4549 1.41258
0.455 1.41233
0.4551 1.41303
0.4552 1.41349
0.4553 1.41442
0.4554 1.41488
0.4555 1.41508
0.4556 1.41512
0.4557 1.41545
0.4558 1.41593
0.4559 1.41609
0.456 1.41611
0.4561 1.41675
0.4562 1.41712
0.4563 1.418
0.4564 1.41868
0.4565 1.41889
0.4566 1.41925
0.4567 1.41954
0.4568 1.41944
0.4569 1.41991
0.457 1.42056
0.4571 1.42055
0.4572 1.42101
0.4573 1.42196
0.4574 1.42261
0.4575 1.42269
0.4576 1.42307
0.4577 1.42323
0.4578 1.42354
0.4579 1.42334
0.458 1.42356
0.4581 1.42396
0.4582 1.42395
0.4583 1.42398
0.4584 1.4238
0.4585 1.42401
0.4586 1.42359
0.4587 1.42394
0.4588 1.42415
0.4589 1.42461
0.459 1.42532
0.4591 1.42626
0.4592 1.4265
0.4593 1.42712
0.4594 1.42711
0.4595 1.42791
0.4596 1.42816
0.4597 1.42832
0.4598 1.42884
0.4599 1.42908
0.46 1.42935
0.4601 1.42951
0.4602 1.43017
0.4603 1.43
0.4604 1.4304
0.4605 1.43067
0.4606 1.43097
0.4607 1.43157
0.4608 1.43195
0.4609 1.43202
0.461 1.43257
0.4611 1.43287
0.4612 1.43355
0.4613 1.43398
0.4614 1.43394
0.4615 1.43396
0.4616 1.43421
0.4617 1.43447
0.4618 1.43489
0.4619 1.43537
0.462 1.43543
0.4621 1.43519
0.4622 1.43491
0.4623 1.43538
0.4624 1.43574
0.4625 1.43682
0.4626 1.43697
0.4627 1.43777
0.4628 1.43824
0.4629 1.43845
0.463 1.43859
0.4631 1.43859
0.4632 1.43834
0.4633 1.43845
0.4634 1.43888
0.4635 1.43906
0.4636 1.43974
0.4637 1.43986
0.4638 1.43935
0.4639 1.43958
0.464 1.44001
0.4641 1.44013
0.4642 1.44074
0.4643 1.44115
0.4644 1.44204
0.4645 1.44238
0.4646 1.44273
0.4647 1.44273
0.4648 1.44311
0.4649 1.4437
0.465 1.44403
0.4651 1.44433
0.4652 1.44409
0.4653 1.44436
0.4654 1.44497
0.4655 1.44547
0.4656 1.44611
0.4657 1.44652
0.4658 1.44695
0.4659 1.4472
0.466 1.44734
0.4661 1.44738
0.4662 1.44758
0.4663 1.44821
0.4664 1.4486
0.4665 1.44865
0.4666 1.44861
0.4667 1.44863
0.4668 1.44914
0.4669 1.4496
0.467 1.45104
0.4671 1.45084
0.4672 1.45181
0.4673 1.4514
0.4674 1.45161
0.4675 1.45185
0.4676 1.45204
0.4677 1.45241
0.4678 1.45321
0.4679 1.45422
0.468 1.45445
0.4681 1.45462
0.4682 1.45491
0.4683 1.45517
0.4684 1.45558
0.4685 1.45592
0.4686 1.45672
0.4687 1.45747
0.4688 1.45751
0.4689 1.45808
0.469 1.45846
0.4691 1.45857
0.4692 1.45866
0.4693 1.45928
0.4694 1.45928
0.4695 1.45942
0.4696 1.45942
0.4697 1.45992
0.4698 1.46036
0.4699 1.46038
0.47 1.46079
0.4701 1.46074
0.4702 1.46026
0.4703 1.46
0.4704 1.46042
0.4705 1.4608
0.4706 1.46083
0.4707 1.46101
0.4708 1.461
0.4709 1.46151
0.471 1.46128
0.4711 1.46159
0.4712 1.46178
0.4713 1.46232
0.4714 1.46208
0.4715 1.46226
0.4716 1.46234
0.4717 1.46264
0.4718 1.46262
0.4719 1.46321
0.472 1.46334
0.4721 1.46348
0.4722 1.46425
0.4723 1.4644
0.4724 1.46441
0.4725 1.4648
0.4726 1.4644
0.4727 1.46473
0.4728 1.46515
0.4729 1.46583
0.473 1.46586
0.4731 1.46563
0.4732 1.46597
0.4733 1.46589
0.4734 1.46575
0.4735 1.46594
0.4736 1.46652
0.4737 1.46673
0.4738 1.46632
0.4739 1.46613
0.474 1.46654
0.4741 1.46684
0.4742 1.46689
0.4743 1.46782
0.4744 1.46803
0.4745 1.46841
0.4746 1.4686
0.4747 1.46928
0.4748 1.46972
0.4749 1.46972
0.475 1.47053
0.4751 1.4699
0.4752 1.47019
0.4753 1.47105
0.4754 1.47105
0.4755 1.47083
0.4756 1.47114
0.4757 1.47195
0.4758 1.47201
0.4759 1.47227
0.476 1.47252
0.4761 1.47265
0.4762 1.47297
0.4763 1.47307
0.4764 1.47393
0.4765 1.47458
0.4766 1.47417
0.4767 1.4749
0.4768 1.47503
0.4769 1.47504
0.477 1.4749
0.4771 1.47532
0.4772 1.47538
0.4773 1.47609
0.4774 1.47574
0.4775 1.47594
0.4776 1.47623
0.4777 1.47649
0.4778 1.47697
0.4779 1.47759
0.478 1.47733
0.4781 1.478
0.4782 1.47846
0.4783 1.47819
0.4784 1.4782
0.4785 1.47922
0.4786 1.47917
0.4787 1.48028
0.4788 1.48109
0.4789 1.48128
0.479 1.4811
0.4791 1.4812
0.4792 1.48095
0.4793 1.48104
0.4794 1.48138
0.4795 1.48154
0.4796 1.48207
0.4797 1.48261
0.4798 1.48272
0.4799 1.48217
0.48 1.48283
0.4801 1.48314
0.4802 1.48392
0.4803 1.48379
0.4804 1.48368
0.4805 1.4842
0.4806 1.48455
0.4807 1.4842
0.4808 1.48491
0.4809 1.48516
0.481 1.48545
0.4811 1.48573
0.4812 1.48637
0.4813 1.48647
0.4814 1.48628
0.4815 1.4863
0.4816 1.48665
0.4817 1.48705
0.4818 1.48774
0.4819 1.48797
0.482 1.48838
0.4821 1.48785
0.4822 1.48787
0.4823 1.48792
0.4824 1.48854
0.4825 1.48871
0.4826 1.48864
0.4827 1.48916
0.4828 1.48876
0.4829 1.48913
0.483 1.48854
0.4831 1.48871
0.4832 1.48875
0.4833 1.4888
0.4834 1.48901
0.4835 1.4892
0.4836 1.48986
0.4837 1.49042
0.4838 1.49111
0.4839 1.49206
0.484 1.492
0.4841 1.4924
0.4842 1.49272
0.4843 1.49297
0.4844 1.49322
0.4845 1.4937
0.4846 1.49396
0.4847 1.49508
0.4848 1.49498
0.4849 1.49561
0.485 1.49631
0.4851 1.49622
0.4852 1.49682
0.4853 1.49688
0.4854 1.49703
0.4855 1.49734
0.4856 1.49743
0.4857 1.49759
0.4858 1.49773
0.4859 1.49827
0.486 1.49878
0.4861 1.49867
0.4862 1.49911
0.4863 1.50003
0.4864 1.50035
0.4865 1.50091
0.4866 1.50168
0.4867 1.50196
0.4868 1.5019
0.4869 1.5027
0.487 1.50331
0.4871 1.50371
0.4872 1.50416
0.4873 1.50449
0.4874 1.50512
0.4875 1.50552
0.4876 1.50556
0.4877 1.50569
0.4878 1.50621
0.4879 1.50663
0.488 1.50727
0.4881 1.50757
0.4882 1.50761
0.4883 1.50795
0.4884 1.50823
0.4885 1.5086
0.4886 1.50921
0.4887 1.50924
0.4888 1.50966
0.4889 1.51023
0.489 1.51058
0.4891 1.51102
0.4892 1.5108
0.4893 1.51115
0.4894 1.51132
0.4895 1.51149
0.4896 1.51177
0.4897 1.5124
0.4898 1.51247
0.4899 1.51246
0.49 1.51266
0.4901 1.51244
0.4902 1.5129
0.4903 1.5131
0.4904 1.51333
0.4905 1.51341
0.4906 1.51416
0.4907 1.51381
0.4908 1.51391
0.4909 1.51435
0.491 1.51507
