0 0
0.0001 0.00040543
0.0002 0.000810144
0.0003 0.00121441
0.0004 0.00162752
0.0005 0.00200799
0.0006 0.0024136
0.0007 0.0027906
0.0008 0.00316915
0.0009 0.00355271
0.001 0.00396594
0.0011 0.00436684
0.0012 0.00475187
0.0013 0.00515428
0.0014 0.00554785
0.0015 0.00596131
0.0016 0.00634587
0.0017 0.00673143
0.0018 0.00712905
0.0019 0.00753083
0.002 0.00796392
0.0021 0.00834743
0.0022 0.00872026
0.0023 0.00912028
0.0024 0.00948196
0.0025 0.00986964
0.0026 0.0102757
0.0027 0.010628
0.0028 0.011028
0.0029 0.0113795
0.003 0.01173
0.0031 0.012122
0.0032 0.012532
0.0033 0.0129088
0.0034 0.0132775
0.0035 0.0137099
0.0036 0.0141186
0.0037 0.0145452
0.0038 0.0149602
0.0039 0.0153395
0.004 0.0156793
0.0041 0.0160896
0.0042 0.0165155
0.0043 0.0169348
0.0044 0.0173332
0.0045 0.0177632
0.0046 0.01812
0.0047 0.0185392
0.0048 0.018927
0.0049 0.0192844
0.005 0.0196792
0.0051 0.0200941
0.0052 0.0205142
0.0053 0.0209694
0.0054 0.0213481
0.0055 0.0217371
0.0056 0.022112
0.0057 0.0225345
0.0058 0.0229672
0.0059 0.0233321
0.006 0.0236627
0.0061 0.0241544
0.0062 0.0245182
0.0063 0.0249314
0.0064 0.0253506
0.0065 0.0257071
0.0066 0.0260887
0.0067 0.0264104
0.0068 0.0268229
0.0069 0.0272985
0.007 0.0277222
0.0071 0.0281656
0.0072 0.0285686
0.0073 0.0289159
0.0074 0.0293632
0.0075 0.0298049
0.0076 0.0302048
0.0077 0.0305677
0.0078 0.0309361
0.0079 0.0312604
0.008 0.0316679
0.0081 0.0321205
0.0082 0.0325903
0.0083 0.0329967
0.0084 0.0333625
0.0085 0.0337971
0.0086 0.0342192
0.0087 0.0345785
0.0088 0.0349698
0.0089 0.0353297
0.009 0.0357542
0.0091 0.03618
0.0092 0.0365611
0.0093 0.0369872
0.0094 0.0374377
0.0095 0.0378816
0.0096 0.0383146
0.0097 0.038659
0.0098 0.0390687
0.0099 0.0394875
0.01 0.039885
0.0101 0.0401256
0.0102 0.0404015
0.0103 0.040867
0.0104 0.0412644
0.0105 0.0416998
0.0106 0.0420728
0.0107 0.0424799
0.0108 0.0428801
0.0109 0.0433729
0.011 0.0437301
0.0111 0.0440654
0.0112 0.0444961
0.0113 0.0448992
0.0114 0.045306
0.0115 0.0456796
0.0116 0.0461338
0.0117 0.0466186
0.0118 0.0469072
0.0119 0.0473385
0.012 0.0477196
0.0121 0.048171
0.0122 0.0484669
0.0123 0.0487681
0.0124 0.0491931
0.0125 0.0496684
0.0126 0.0500395
0.0127 0.0505786
0.0128 0.050986
0.0129 0.0513529
0.013 0.0518814
0.0131 0.0522429
0.0132 0.052669
0.0133 0.0530528
0.0134 0.0535043
0.0135 0.0538387
0.0136 0.0541832
0.0137 0.0544455
0.0138 0.0547395
0.0139 0.0551595
0.014 0.0556136
0.0141 0.0560312
0.0142 0.0563744
0.0143 0.0569384
0.0144 0.0573147
0.0145 0.0577093
0.0146 0.0581644
0.0147 0.0584971
0.0148 0.0589175
0.0149 0.0593965
0.015 0.0596971
0.0151 0.0602167
0.0152 0.0605412
0.0153 0.0609201
0.0154 0.0612314
0.0155 0.0617124
0.0156 0.0620951
0.0157 0.0625777
0.0158 0.0630695
0.0159 0.063483
0.016 0.0638073
0.0161 0.0642032
0.0162 0.0644946
0.0163 0.0649128
0.0164 0.0653235
0.0165 0.0658159
0.0166 0.0660949
0.0167 0.066442
0.0168 0.0668485
0.0169 0.0671698
0.017 0.0676599
0.0171 0.0679483
0.0172 0.0682797
0.0173 0.0686537
0.0174 0.0690165
0.0175 0.0693057
0.0176 0.0697677
0.0177 0.070096
0.0178 0.070627
0.0179 0.0710459
0.018 0.0714168
0.0181 0.0718097
0.0182 0.0722376
0.0183 0.0727448
0.0184 0.0730911
0.0185 0.0734549
0.0186 0.0739185
0.0187 0.07431
0.0188 0.0747119
0.0189 0.0750379
0.019 0.0753408
0.0191 0.0758037
0.0192 0.0761007
0.0193 0.0763901
0.0194 0.0767689
0.0195 0.0771168
0.0196 0.0775276
0.0197 0.0778484
0.0198 0.0782654
0.0199 0.0786292
0.02 0.0790595
0.0201 0.0795108
0.0202 0.0798064
0.0203 0.0802016
0.0204 0.0804839
0.0205 0.0808718
0.0206 0.0812696
0.0207 0.0816383
0.0208 0.0821422
0.0209 0.0825105
0.021 0.0830383
0.0211 0.0834839
0.0212 0.0838309
0.0213 0.0842583
0.0214 0.0846001
0.0215 0.0849956
0.0216 0.085237
0.0217 0.0857008
0.0218 0.0859269
0.0219 0.0863721
0.022 0.0865779
0.0221 0.087098
0.0222 0.0875227
0.0223 0.0877992
0.0224 0.0881346
0.0225 0.0883927
0.0226 0.088802
0.0227 0.0892724
0.0228 0.0896288
0.0229 0.0898934
0.023 0.090283
0.0231 0.0905827
0.0232 0.0908027
0.0233 0.0910476
0.0234 0.0913226
0.0235 0.0915925
0.0236 0.0919705
0.0237 0.0922509
0.0238 0.0925143
0.0239 0.0929857
0.024 0.0935116
0.0241 0.0939739
0.0242 0.0944191
0.0243 0.0947019
0.0244 0.0951616
0.0245 0.0954943
0.0246 0.09582
0.0247 0.0961608
0.0248 0.0965798
0.0249 0.0971035
0.025 0.0975367
0.0251 0.0980774
0.0252 0.0984637
0.0253 0.0987903
0.0254 0.0990732
0.0255 0.0995875
0.0256 0.099795
0.0257 0.100207
0.0258 0.100571
0.0259 0.100847
0.026 0.10114
0.0261 0.101551
0.0262 0.101937
0.0263 0.102367
0.0264 0.102784
0.0265 0.103081
0.0266 0.1035
0.0267 0.103989
0.0268 0.10452
0.0269 0.104857
0.027 0.105198
0.0271 0.105493
0.0272 0.105957
0.0273 0.106448
0.0274 0.106965
0.0275 0.107275
0.0276 0.107705
0.0277 0.108095
0.0278 0.108453
0.0279 0.108718
0.028 0.109118
0.0281 0.109707
0.0282 0.110261
0.0283 0.110622
0.0284 0.111062
0.0285 0.111514
0.0286 0.111705
0.0287 0.111966
0.0288 0.112215
0.0289 0.112412
0.029 0.112698
0.0291 0.113051
0.0292 0.113491
0.0293 0.114023
0.0294 0.114169
0.0295 0.114579
0.0296 0.11498
0.0297 0.115295
0.0298 0.115581
0.0299 0.11604
0.03 0.116359
0.0301 0.116579
0.0302 0.116822
0.0303 0.117112
0.0304 0.117542
0.0305 0.117794
0.0306 0.118273
0.0307 0.118723
0.0308 0.119057
0.0309 0.119463
0.031 0.11996
0.0311 0.120299
0.0312 0.120525
0.0313 0.120803
0.0314 0.121148
0.0315 0.121459
0.0316 0.121878
0.0317 0.122156
0.0318 0.122414
0.0319 0.122891
0.032 0.123203
0.0321 0.123693
0.0322 0.12413
0.0323 0.124532
0.0324 0.12504
0.0325 0.125395
0.0326 0.125683
0.0327 0.126111
0.0328 0.126407
0.0329 0.126612
0.033 0.127042
0.0331 0.127335
0.0332 0.127672
0.0333 0.128129
0.0334 0.128578
0.0335 0.129092
0.0336 0.129544
0.0337 0.130038
0.0338 0.130361
0.0339 0.130617
0.034 0.131041
0.0341 0.131428
0.0342 0.132022
0.0343 0.132436
0.0344 0.132733
0.0345 0.132881
0.0346 0.13294
0.0347 0.133191
0.0348 0.133552
0.0349 0.13395
0.035 0.134166
0.0351 0.134563
0.0352 0.1349
0.0353 0.135351
0.0354 0.135654
0.0355 0.136048
0.0356 0.136479
0.0357 0.136946
0.0358 0.137439
0.0359 0.137725
0.036 0.138192
0.0361 0.138608
0.0362 0.138877
0.0363 0.13917
0.0364 0.139426
0.0365 0.139738
0.0366 0.140029
0.0367 0.14026
0.0368 0.140581
0.0369 0.141042
0.037 0.141447
0.0371 0.141886
0.0372 0.142317
0.0373 0.142871
0.0374 0.143207
0.0375 0.143455
0.0376 0.143528
0.0377 0.143868
0.0378 0.144272
0.0379 0.144598
0.038 0.144928
0.0381 0.145383
0.0382 0.145655
0.0383 0.14606
0.0384 0.146457
0.0385 0.14671
0.0386 0.147118
0.0387 0.14747
0.0388 0.147801
0.0389 0.148252
0.039 0.148547
0.0391 0.148845
0.0392 0.149435
0.0393 0.149753
0.0394 0.150129
0.0395 0.150538
0.0396 0.150947
0.0397 0.151403
0.0398 0.151791
0.0399 0.15221
0.04 0.152619
0.0401 0.153142
0.0402 0.153486
0.0403 0.153887
0.0404 0.15441
0.0405 0.154686
0.0406 0.155024
0.0407 0.155437
0.0408 0.155675
0.0409 0.156104
0.041 0.156601
0.0411 0.156923
0.0412 0.157378
0.0413 0.15778
0.0414 0.158135
0.0415 0.15854
0.0416 0.15883
0.0417 0.159367
0.0418 0.159783
0.0419 0.160316
0.042 0.160629
0.0421 0.161022
0.0422 0.161318
0.0423 0.161667
0.0424 0.162024
0.0425 0.162229
0.0426 0.162643
0.0427 0.163113
0.0428 0.1634
0.0429 0.163463
0.043 0.163932
0.0431 0.164227
0.0432 0.164652
0.0433 0.164974
0.0434 0.165421
0.0435 0.165574
0.0436 0.16608
0.0437 0.166449
0.0438 0.166837
0.0439 0.167149
0.044 0.167488
0.0441 0.167768
0.0442 0.167988
0.0443 0.168097
0.0444 0.16846
0.0445 0.168716
0.0446 0.168961
0.0447 0.169369
0.0448 0.169655
0.0449 0.170025
0.045 0.170398
0.0451 0.170628
0.0452 0.171015
0.0453 0.171381
0.0454 0.171647
0.0455 0.172177
0.0456 0.172496
0.0457 0.172991
0.0458 0.173142
0.0459 0.173341
0.046 0.173812
0.0461 0.174179
0.0462 0.174441
0.0463 0.17456
0.0464 0.175015
0.0465 0.175325
0.0466 0.175738
0.0467 0.176074
0.0468 0.176516
0.0469 0.176991
0.047 0.177018
0.0471 0.177322
0.0472 0.177821
0.0473 0.178006
0.0474 0.178625
0.0475 0.178913
0.0476 0.179176
0.0477 0.179364
0.0478 0.179747
0.0479 0.180134
0.048 0.180626
0.0481 0.181043
0.0482 0.181447
0.0483 0.181782
0.0484 0.18205
0.0485 0.182351
0.0486 0.182729
0.0487 0.183067
0.0488 0.183451
0.0489 0.183764
0.049 0.184148
0.0491 0.184324
0.0492 0.184709
0.0493 0.185246
0.0494 0.185597
0.0495 0.186178
0.0496 0.186442
0.0497 0.186734
0.0498 0.186949
0.0499 0.187241
0.05 0.187424
0.0501 0.187746
0.0502 0.18827
0.0503 0.188639
0.0504 0.189107
0.0505 0.189474
0.0506 0.189706
0.0507 0.190032
0.0508 0.190273
0.0509 0.190396
0.051 0.190769
0.0511 0.191066
0.0512 0.191196
0.0513 0.191636
0.0514 0.191926
0.0515 0.192326
0.0516 0.192612
0.0517 0.192701
0.0518 0.19294
0.0519 0.193297
0.052 0.193677
0.0521 0.19401
0.0522 0.194504
0.0523 0.194772
0.0524 0.195363
0.0525 0.195595
0.0526 0.196126
0.0527 0.196347
0.0528 0.196654
0.0529 0.19702
0.053 0.197322
0.0531 0.197572
0.0532 0.198037
0.0533 0.198241
0.0534 0.19846
0.0535 0.198685
0.0536 0.199056
0.0537 0.199568
0.0538 0.199876
0.0539 0.200254
0.054 0.20071
0.0541 0.200884
0.0542 0.201238
0.0543 0.201472
0.0544 0.201871
0.0545 0.202074
0.0546 0.202527
0.0547 0.202713
0.0548 0.202921
0.0549 0.203261
0.055 0.203589
0.0551 0.203969
0.0552 0.204388
0.0553 0.204586
0.0554 0.20485
0.0555 0.20523
0.0556 0.205717
0.0557 0.206083
0.0558 0.206355
0.0559 0.206622
0.056 0.207095
0.0561 0.207536
0.0562 0.207955
0.0563 0.208156
0.0564 0.208677
0.0565 0.20917
0.0566 0.209254
0.0567 0.209655
0.0568 0.210092
0.0569 0.210254
0.057 0.210718
0.0571 0.210958
0.0572 0.211302
0.0573 0.211506
0.0574 0.212054
0.0575 0.212634
0.0576 0.212918
0.0577 0.213148
0.0578 0.213742
0.0579 0.214163
0.058 0.214361
0.0581 0.214886
0.0582 0.21542
0.0583 0.215855
0.0584 0.216305
0.0585 0.216654
0.0586 0.217104
0.0587 0.217566
0.0588 0.217711
0.0589 0.217956
0.059 0.218472
0.0591 0.218815
0.0592 0.219064
0.0593 0.219422
0.0594 0.219773
0.0595 0.220459
0.0596 0.22068
0.0597 0.220985
0.0598 0.221465
0.0599 0.221807
0.06 0.222022
0.0601 0.222326
0.0602 0.222784
0.0603 0.222893
0.0604 0.223177
0.0605 0.223428
0.0606 0.223524
0.0607 0.224029
0.0608 0.224469
0.0609 0.224866
0.061 0.225459
0.0611 0.225559
0.0612 0.225941
0.0613 0.226221
0.0614 0.226441
0.0615 0.226727
0.0616 0.227223
0.0617 0.22773
0.0618 0.227742
0.0619 0.228066
0.062 0.22833
0.0621 0.228603
0.0622 0.228784
0.0623 0.229309
0.0624 0.229676
0.0625 0.229989
0.0626 0.230382
0.0627 0.230773
0.0628 0.23111
0.0629 0.231635
0.063 0.232147
0.0631 0.232423
0.0632 0.232883
0.0633 0.233167
0.0634 0.233596
0.0635 0.233743
0.0636 0.233904
0.0637 0.234275
0.0638 0.234535
0.0639 0.234672
0.064 0.235134
0.0641 0.235506
0.0642 0.235767
0.0643 0.236212
0.0644 0.236447
0.0645 0.236661
0.0646 0.236928
0.0647 0.237266
0.0648 0.23748
0.0649 0.237734
0.065 0.23821
0.0651 0.2386
0.0652 0.238715
0.0653 0.238904
0.0654 0.239337
0.0655 0.239574
0.0656 0.239858
0.0657 0.240365
0.0658 0.240677
0.0659 0.240869
0.066 0.241242
0.0661 0.241618
0.0662 0.241994
0.0663 0.242243
0.0664 0.242503
0.0665 0.242748
0.0666 0.24328
0.0667 0.243491
0.0668 0.243825
0.0669 0.24406
0.067 0.244615
0.0671 0.244951
0.0672 0.245273
0.0673 0.245524
0.0674 0.245873
0.0675 0.246027
0.0676 0.246574
0.0677 0.246783
0.0678 0.247171
0.0679 0.247538
0.068 0.247661
0.0681 0.247766
0.0682 0.247994
0.0683 0.248464
0.0684 0.24872
0.0685 0.249155
0.0686 0.248937
0.0687 0.249168
0.0688 0.249515
0.0689 0.250005
0.069 0.250315
0.0691 0.250676
0.0692 0.250992
0.0693 0.251404
0.0694 0.2518
0.0695 0.252282
0.0696 0.25274
0.0697 0.252998
0.0698 0.25332
0.0699 0.253747
0.07 0.254168
0.0701 0.254393
0.0702 0.254674
0.0703 0.255097
0.0704 0.255324
0.0705 0.255713
0.0706 0.255963
0.0707 0.256181
0.0708 0.25641
0.0709 0.256587
0.071 0.256903
0.0711 0.257089
0.0712 0.257503
0.0713 0.25785
0.0714 0.257932
0.0715 0.258121
0.0716 0.258341
0.0717 0.258578
0.0718 0.258949
0.0719 0.259209
0.072 0.259731
0.0721 0.260066
0.0722 0.260318
0.0723 0.260764
0.0724 0.261272
0.0725 0.261671
0.0726 0.261917
0.0727 0.262326
0.0728 0.262706
0.0729 0.263035
0.073 0.2633
0.0731 0.263731
0.0732 0.263945
0.0733 0.264185
0.0734 0.26448
0.0735 0.264983
0.0736 0.265397
0.0737 0.265812
0.0738 0.26619
0.0739 0.266494
0.074 0.266772
0.0741 0.267082
0.0742 0.267477
0.0743 0.267871
0.0744 0.26824
0.0745 0.268808
0.0746 0.269317
0.0747 0.269749
0.0748 0.269882
0.0749 0.270181
0.075 0.270336
0.0751 0.270394
0.0752 0.270851
0.0753 0.271065
0.0754 0.271399
0.0755 0.271898
0.0756 0.271996
0.0757 0.272433
0.0758 0.272644
0.0759 0.272809
0.076 0.273075
0.0761 0.273349
0.0762 0.273792
0.0763 0.274433
0.0764 0.274648
0.0765 0.274749
0.0766 0.275049
0.0767 0.275116
0.0768 0.275431
0.0769 0.275934
0.077 0.276019
0.0771 0.276119
0.0772 0.27641
0.0773 0.276695
0.0774 0.277179
0.0775 0.277469
0.0776 0.277789
0.0777 0.278208
0.0778 0.278311
0.0779 0.278533
0.078 0.278933
0.0781 0.279104
0.0782 0.279464
0.0783 0.279767
0.0784 0.280233
0.0785 0.280671
0.0786 0.281163
0.0787 0.281352
0.0788 0.281607
0.0789 0.281832
0.079 0.28237
0.0791 0.282699
0.0792 0.283108
0.0793 0.283069
0.0794 0.283192
0.0795 0.283544
0.0796 0.283797
0.0797 0.284414
0.0798 0.284736
0.0799 0.285095
0.08 0.285459
0.0801 0.285864
0.0802 0.286141
0.0803 0.286601
0.0804 0.287076
0.0805 0.287354
0.0806 0.287571
0.0807 0.28808
0.0808 0.288577
0.0809 0.288769
0.081 0.28916
0.0811 0.289734
0.0812 0.290291
0.0813 0.290685
0.0814 0.290918
0.0815 0.291107
0.0816 0.291477
0.0817 0.29182
0.0818 0.292224
0.0819 0.292585
0.082 0.292641
0.0821 0.293012
0.0822 0.293216
0.0823 0.293365
0.0824 0.293654
0.0825 0.294158
0.0826 0.294589
0.0827 0.294904
0.0828 0.29522
0.0829 0.29539
0.083 0.295842
0.0831 0.295977
0.0832 0.29624
0.0833 0.296423
0.0834 0.296972
0.0835 0.297287
0.0836 0.297571
0.0837 0.298148
0.0838 0.298427
0.0839 0.298678
0.084 0.298957
0.0841 0.29932
0.0842 0.299765
0.0843 0.300014
0.0844 0.300347
0.0845 0.300455
0.0846 0.301052
0.0847 0.301473
0.0848 0.301881
0.0849 0.30234
0.085 0.302624
0.0851 0.302741
0.0852 0.302966
0.0853 0.303382
0.0854 0.303417
0.0855 0.303642
0.0856 0.303784
0.0857 0.303924
0.0858 0.304443
0.0859 0.304746
0.086 0.305372
0.0861 0.305884
0.0862 0.305999
0.0863 0.306232
0.0864 0.306586
0.0865 0.306904
0.0866 0.306829
0.0867 0.307086
0.0868 0.307509
0.0869 0.30769
0.087 0.308082
0.0871 0.308465
0.0872 0.308674
0.0873 0.309077
0.0874 0.309507
0.0875 0.309784
0.0876 0.310078
0.0877 0.310528
0.0878 0.310792
0.0879 0.310962
0.088 0.311426
0.0881 0.312049
0.0882 0.312233
0.0883 0.312312
0.0884 0.312383
0.0885 0.312976
0.0886 0.313199
0.0887 0.313535
0.0888 0.313907
0.0889 0.314298
0.089 0.314581
0.0891 0.314789
0.0892 0.315094
0.0893 0.315275
0.0894 0.31571
0.0895 0.315945
0.0896 0.316168
0.0897 0.316308
0.0898 0.317026
0.0899 0.31745
0.09 0.317855
0.0901 0.317983
0.0902 0.318446
0.0903 0.318594
0.0904 0.319055
0.0905 0.319433
0.0906 0.319713
0.0907 0.319783
0.0908 0.320333
0.0909 0.320773
0.091 0.32111
0.0911 0.321595
0.0912 0.321951
0.0913 0.322197
0.0914 0.322538
0.0915 0.323009
0.0916 0.323202
0.0917 0.323548
0.0918 0.323746
0.0919 0.323897
0.092 0.324028
0.0921 0.3242
0.0922 0.324425
0.0923 0.324592
0.0924 0.325118
0.0925 0.325606
0.0926 0.3258
0.0927 0.326438
0.0928 0.326923
0.0929 0.327314
0.093 0.327744
0.0931 0.328077
0.0932 0.32841
0.0933 0.328614
0.0934 0.328706
0.0935 0.329014
0.0936 0.329727
0.0937 0.32976
0.0938 0.329966
0.0939 0.329973
0.094 0.330242
0.0941 0.330659
0.0942 0.331064
0.0943 0.331376
0.0944 0.331664
0.0945 0.332256
0.0946 0.332542
0.0947 0.332851
0.0948 0.333287
0.0949 0.333796
0.095 0.334401
0.0951 0.334947
0.0952 0.335517
0.0953 0.336188
0.0954 0.336373
0.0955 0.336495
0.0956 0.336729
0.0957 0.337226
0.0958 0.33737
0.0959 0.337711
0.096 0.337767
0.0961 0.338263
0.0962 0.338644
0.0963 0.338918
0.0964 0.338853
0.0965 0.339215
0.0966 0.339449
0.0967 0.339912
0.0968 0.340285
0.0969 0.34048
0.097 0.340931
0.0971 0.34106
0.0972 0.341271
0.0973 0.341637
0.0974 0.341976
0.0975 0.341966
0.0976 0.342313
0.0977 0.342566
0.0978 0.343053
0.0979 0.343651
0.098 0.344066
0.0981 0.344486
0.0982 0.34493
0.0983 0.345355
0.0984 0.345457
0.0985 0.345551
0.0986 0.345903
0.0987 0.34642
0.0988 0.346753
0.0989 0.347032
0.099 0.347498
0.0991 0.347752
0.0992 0.348013
0.0993 0.348306
0.0994 0.348677
0.0995 0.349096
0.0996 0.349193
0.0997 0.34945
0.0998 0.34968
0.0999 0.349933
0.1 0.350446
0.1001 0.350775
0.1002 0.351208
0.1003 0.351192
0.1004 0.351618
0.1005 0.352113
0.1006 0.352279
0.1007 0.352846
0.1008 0.353155
0.1009 0.353722
0.101 0.353955
0.1011 0.354272
0.1012 0.35466
0.1013 0.355286
0.1014 0.355584
0.1015 0.355785
0.1016 0.356254
0.1017 0.356698
0.1018 0.357159
0.1019 0.35728
0.102 0.357711
0.1021 0.358052
0.1022 0.358251
0.1023 0.358659
0.1024 0.358905
0.1025 0.359616
0.1026 0.359947
0.1027 0.360374
0.1028 0.360675
0.1029 0.361038
0.103 0.361536
0.1031 0.361707
0.1032 0.362199
0.1033 0.362644
0.1034 0.36295
0.1035 0.363065
0.1036 0.363417
0.1037 0.364027
0.1038 0.364203
0.1039 0.364421
0.104 0.364516
0.1041 0.365111
0.1042 0.365156
0.1043 0.365277
0.1044 0.36571
0.1045 0.365791
0.1046 0.365831
0.1047 0.366437
0.1048 0.366704
0.1049 0.366966
0.105 0.367109
0.1051 0.36749
0.1052 0.367747
0.1053 0.368179
0.1054 0.368582
0.1055 0.368769
0.1056 0.368906
0.1057 0.369715
0.1058 0.370344
0.1059 0.370739
0.106 0.37087
0.1061 0.371308
0.1062 0.371476
0.1063 0.371763
0.1064 0.371961
0.1065 0.372155
0.1066 0.372079
0.1067 0.372168
0.1068 0.372329
0.1069 0.372521
0.107 0.372641
0.1071 0.372984
0.1072 0.37322
0.1073 0.373496
0.1074 0.373612
0.1075 0.373997
0.1076 0.374431
0.1077 0.374888
0.1078 0.374911
0.1079 0.375124
0.108 0.375181
0.1081 0.375202
0.1082 0.375767
0.1083 0.375998
0.1084 0.375838
0.1085 0.376008
0.1086 0.376573
0.1087 0.377006
0.1088 0.377612
0.1089 0.377661
0.109 0.377836
0.1091 0.378399
0.1092 0.378845
0.1093 0.379435
0.1094 0.379636
0.1095 0.379973
0.1096 0.380289
0.1097 0.380701
0.1098 0.381314
0.1099 0.381506
0.11 0.381575
0.1101 0.3819
0.1102 0.382404
0.1103 0.382578
0.1104 0.382722
0.1105 0.382977
0.1106 0.383255
0.1107 0.383466
0.1108 0.383828
0.1109 0.384254
0.111 0.384351
0.1111 0.384797
0.1112 0.384897
0.1113 0.385439
0.1114 0.385625
0.1115 0.385722
0.1116 0.385988
0.1117 0.386596
0.1118 0.386635
0.1119 0.387061
0.112 0.386953
0.1121 0.387274
0.1122 0.387759
0.1123 0.388298
0.1124 0.388446
0.1125 0.388655
0.1126 0.389157
0.1127 0.389338
0.1128 0.38947
0.1129 0.38971
0.113 0.389853
0.1131 0.390213
0.1132 0.390765
0.1133 0.391044
0.1134 0.391451
0.1135 0.391841
0.1136 0.391889
0.1137 0.392277
0.1138 0.393056
0.1139 0.393221
0.114 0.393414
0.1141 0.393826
0.1142 0.394465
0.1143 0.394897
0.1144 0.395312
0.1145 0.395521
0.1146 0.396156
0.1147 0.396474
0.1148 0.396979
0.1149 0.397344
0.115 0.397582
0.1151 0.397939
0.1152 0.398457
0.1153 0.399111
0.1154 0.399226
0.1155 0.399621
0.1156 0.400031
0.1157 0.400421
0.1158 0.40104
0.1159 0.401279
0.116 0.401697
0.1161 0.401855
0.1162 0.402313
0.1163 0.402447
0.1164 0.402576
0.1165 0.403027
0.1166 0.403199
0.1167 0.403618
0.1168 0.403831
0.1169 0.404065
0.117 0.404654
0.1171 0.405016
0.1172 0.405221
0.1173 0.40571
0.1174 0.406174
0.1175 0.406682
0.1176 0.40706
0.1177 0.407286
0.1178 0.407821
0.1179 0.408166
0.118 0.408593
0.1181 0.408629
0.1182 0.408981
0.1183 0.409419
0.1184 0.409773
0.1185 0.410067
0.1186 0.410342
0.1187 0.41053
0.1188 0.410776
0.1189 0.411068
0.119 0.411463
0.1191 0.411604
0.1192 0.412277
0.1193 0.412574
0.1194 0.412906
0.1195 0.413408
0.1196 0.413842
0.1197 0.414095
0.1198 0.414241
0.1199 0.41485
0.12 0.41513
0.1201 0.415321
0.1202 0.415472
0.1203 0.415935
0.1204 0.416049
0.1205 0.416462
0.1206 0.416773
0.1207 0.417092
0.1208 0.417533
0.1209 0.417983
0.121 0.418207
0.1211 0.41844
0.1212 0.418467
0.1213 0.418887
0.1214 0.419232
0.1215 0.419384
0.1216 0.419863
0.1217 0.419797
0.1218 0.420158
0.1219 0.420626
0.122 0.420847
0.1221 0.420938
0.1222 0.421223
0.1223 0.421547
0.1224 0.421611
0.1225 0.422125
0.1226 0.422744
0.1227 0.422619
0.1228 0.423169
0.1229 0.423558
0.123 0.423832
0.1231 0.424019
0.1232 0.424257
0.1233 0.424476
0.1234 0.424603
0.1235 0.424922
0.1236 0.425329
0.1237 0.425428
0.1238 0.425869
0.1239 0.42636
0.124 0.426515
0.1241 0.426658
0.1242 0.427404
0.1243 0.427801
0.1244 0.428023
0.1245 0.428512
0.1246 0.428473
0.1247 0.428427
0.1248 0.429162
0.1249 0.429651
0.125 0.429907
0.1251 0.430101
0.1252 0.430274
0.1253 0.430591
0.1254 0.430932
0.1255 0.431373
0.1256 0.431653
0.1257 0.431959
0.1258 0.43248
0.1259 0.432802
0.126 0.432855
0.1261 0.432796
0.1262 0.433449
0.1263 0.433569
0.1264 0.433574
0.1265 0.433721
0.1266 0.434072
0.1267 0.434424
0.1268 0.434654
0.1269 0.434798
0.127 0.435035
0.1271 0.435659
0.1272 0.436195
0.1273 0.43642
0.1274 0.436444
0.1275 0.437162
0.1276 0.437561
0.1277 0.438202
0.1278 0.438874
0.1279 0.439449
0.128 0.439473
0.1281 0.43985
0.1282 0.439507
0.1283 0.439837
0.1284 0.440372
0.1285 0.440582
0.1286 0.440667
0.1287 0.441183
0.1288 0.441277
0.1289 0.441642
0.129 0.441989
0.1291 0.442255
0.1292 0.442644
0.1293 0.442924
0.1294 0.443216
0.1295 0.443641
0.1296 0.443785
0.1297 0.444162
0.1298 0.444445
0.1299 0.444662
0.13 0.445118
0.1301 0.445284
0.1302 0.445616
0.1303 0.44621
0.1304 0.446565
0.1305 0.447043
0.1306 0.447662
0.1307 0.44802
0.1308 0.44827
0.1309 0.449002
0.131 0.449427
0.1311 0.449737
0.1312 0.450207
0.1313 0.45051
0.1314 0.450525
0.1315 0.450743
0.1316 0.45094
0.1317 0.451152
0.1318 0.451346
0.1319 0.451742
0.132 0.452372
0.1321 0.452828
0.1322 0.453234
0.1323 0.453488
0.1324 0.453856
0.1325 0.453998
0.1326 0.454228
0.1327 0.454611
0.1328 0.454833
0.1329 0.455373
0.133 0.455694
0.1331 0.456131
0.1332 0.456488
0.1333 0.456602
0.1334 0.457207
0.1335 0.457568
0.1336 0.457952
0.1337 0.457973
0.1338 0.458226
0.1339 0.458249
0.134 0.458662
0.1341 0.45893
0.1342 0.459355
0.1343 0.460074
0.1344 0.460609
0.1345 0.461345
0.1346 0.461755
0.1347 0.462011
0.1348 0.462628
0.1349 0.462875
0.135 0.46298
0.1351 0.46328
0.1352 0.463755
0.1353 0.463701
0.1354 0.463884
0.1355 0.463951
0.1356 0.463961
0.1357 0.464573
0.1358 0.464987
0.1359 0.464995
0.136 0.465369
0.1361 0.465598
0.1362 0.465815
0.1363 0.465861
0.1364 0.466437
0.1365 0.466509
0.1366 0.466683
0.1367 0.466757
0.1368 0.466853
0.1369 0.467018
0.137 0.467289
0.1371 0.467784
0.1372 0.468171
0.1373 0.468521
0.1374 0.468838
0.1375 0.468912
0.1376 0.469347
0.1377 0.469544
0.1378 0.470111
0.1379 0.470369
0.138 0.470805
0.1381 0.470959
0.1382 0.471334
0.1383 0.471938
0.1384 0.472341
0.1385 0.47284
0.1386 0.473142
0.1387 0.473355
0.1388 0.473847
0.1389 0.474216
0.139 0.474615
0.1391 0.474451
0.1392 0.47502
0.1393 0.475389
0.1394 0.475946
0.1395 0.476248
0.1396 0.476582
0.1397 0.477197
0.1398 0.477446
0.1399 0.4776
0.14 0.478007
0.1401 0.478681
0.1402 0.478983
0.1403 0.479238
0.1404 0.479609
0.1405 0.480301
0.1406 0.480668
0.1407 0.480894
0.1408 0.481317
0.1409 0.481781
0.141 0.481999
0.1411 0.482518
0.1412 0.482967
0.1413 0.483411
0.1414 0.483693
0.1415 0.48384
0.1416 0.484158
0.1417 0.484353
0.1418 0.484808
0.1419 0.485139
0.142 0.485304
0.1421 0.485483
0.1422 0.485705
0.1423 0.486295
0.1424 0.486625
0.1425 0.487104
0.1426 0.487054
0.1427 0.487492
0.1428 0.48794
0.1429 0.48801
0.143 0.488295
0.1431 0.488827
0.1432 0.489222
0.1433 0.489544
0.1434 0.490088
0.1435 0.490704
0.1436 0.491148
0.1437 0.491513
0.1438 0.491961
0.1439 0.492123
0.144 0.492502
0.1441 0.492981
0.1442 0.493574
0.1443 0.494137
0.1444 0.494699
0.1445 0.49515
0.1446 0.495561
0.1447 0.495692
0.1448 0.496098
0.1449 0.496316
0.145 0.496663
0.1451 0.497196
0.1452 0.497678
0.1453 0.497972
0.1454 0.498228
0.1455 0.498419
0.1456 0.498808
0.1457 0.498976
0.1458 0.499526
0.1459 0.49957
0.146 0.499726
0.1461 0.500037
0.1462 0.500169
0.1463 0.500564
0.1464 0.500953
0.1465 0.501036
0.1466 0.501594
0.1467 0.502047
0.1468 0.502513
0.1469 0.502989
0.147 0.503722
0.1471 0.504062
0.1472 0.504296
0.1473 0.50425
0.1474 0.504791
0.1475 0.505451
0.1476 0.505767
0.1477 0.506126
0.1478 0.506424
0.1479 0.506798
0.148 0.507209
0.1481 0.507284
0.1482 0.507609
0.1483 0.507704
0.1484 0.508131
0.1485 0.508369
0.1486 0.508558
0.1487 0.508942
0.1488 0.508872
0.1489 0.509698
0.149 0.509934
0.1491 0.510227
0.1492 0.510586
0.1493 0.511046
0.1494 0.510975
0.1495 0.511009
0.1496 0.511106
0.1497 0.51149
0.1498 0.511573
0.1499 0.511824
0.15 0.512068
0.1501 0.512593
0.1502 0.512644
0.1503 0.513115
0.1504 0.513236
0.1505 0.513954
0.1506 0.514086
0.1507 0.514202
0.1508 0.514868
0.1509 0.515461
0.151 0.515914
0.1511 0.516262
0.1512 0.516845
0.1513 0.516978
0.1514 0.517287
0.1515 0.517635
0.1516 0.518231
0.1517 0.518592
0.1518 0.518836
0.1519 0.518968
0.152 0.519413
0.1521 0.519422
0.1522 0.520034
0.1523 0.520142
0.1524 0.520533
0.1525 0.52077
0.1526 0.52134
0.1527 0.521746
0.1528 0.521925
0.1529 0.522323
0.153 0.522869
0.1531 0.52281
0.1532 0.523733
0.1533 0.523633
0.1534 0.524014
0.1535 0.524129
0.1536 0.524182
0.1537 0.524632
0.1538 0.525287
0.1539 0.525274
0.154 0.525566
0.1541 0.525829
0.1542 0.526048
0.1543 0.526535
0.1544 0.526395
0.1545 0.526877
0.1546 0.527165
0.1547 0.527797
0.1548 0.528029
0.1549 0.528585
0.155 0.529232
0.1551 0.529644
0.1552 0.529853
0.1553 0.529885
0.1554 0.53032
0.1555 0.530732
0.1556 0.530991
0.1557 0.531326
0.1558 0.531673
0.1559 0.531699
0.156 0.532097
0.1561 0.532095
0.1562 0.532427
0.1563 0.532833
0.1564 0.533064
0.1565 0.53359
0.1566 0.533913
0.1567 0.534006
0.1568 0.534349
0.1569 0.534554
0.157 0.534629
0.1571 0.535084
0.1572 0.53546
0.1573 0.535678
0.1574 0.535709
0.1575 0.535901
0.1576 0.536189
0.1577 0.536562
0.1578 0.53645
0.1579 0.537005
0.158 0.537004
0.1581 0.537053
0.1582 0.537475
0.1583 0.537686
0.1584 0.537739
0.1585 0.538266
0.1586 0.538759
0.1587 0.538883
0.1588 0.539102
0.1589 0.539547
0.159 0.5399
0.1591 0.540082
0.1592 0.540347
0.1593 0.541005
0.1594 0.541286
0.1595 0.541301
0.1596 0.541405
0.1597 0.541856
0.1598 0.54198
0.1599 0.542295
0.16 0.542661
0.1601 0.543162
0.1602 0.543567
0.1603 0.54361
0.1604 0.544296
0.1605 0.544495
0.1606 0.544626
0.1607 0.545289
0.1608 0.54561
0.1609 0.545781
0.161 0.546263
0.1611 0.546898
0.1612 0.547274
0.1613 0.547794
0.1614 0.547988
0.1615 0.548286
0.1616 0.548523
0.1617 0.549
0.1618 0.549853
0.1619 0.55065
0.162 0.551059
0.1621 0.551524
0.1622 0.551777
0.1623 0.552024
0.1624 0.552357
0.1625 0.55289
0.1626 0.553681
0.1627 0.554043
0.1628 0.554286
0.1629 0.554328
0.163 0.554738
0.1631 0.554891
0.1632 0.555101
0.1633 0.555226
0.1634 0.555629
0.1635 0.555677
0.1636 0.556095
0.1637 0.556709
0.1638 0.557083
0.1639 0.557439
0.164 0.557371
0.1641 0.557669
0.1642 0.557942
0.1643 0.558161
0.1644 0.558283
0.1645 0.558345
0.1646 0.558764
0.1647 0.559099
0.1648 0.559729
0.1649 0.559871
0.165 0.560081
0.1651 0.560303
0.1652 0.560429
0.1653 0.560635
0.1654 0.561185
0.1655 0.561358
0.1656 0.561672
0.1657 0.561997
0.1658 0.562065
0.1659 0.562193
0.166 0.562599
0.1661 0.56283
0.1662 0.563374
0.1663 0.563603
0.1664 0.56383
0.1665 0.564116
0.1666 0.564654
0.1667 0.565088
0.1668 0.565266
0.1669 0.565491
0.167 0.56583
0.1671 0.566234
0.1672 0.566431
0.1673 0.566965
0.1674 0.567664
0.1675 0.568329
0.1676 0.568641
0.1677 0.569205
0.1678 0.569621
0.1679 0.569809
0.168 0.570046
0.1681 0.570518
0.1682 0.570573
0.1683 0.570815
0.1684 0.571323
0.1685 0.571752
0.1686 0.572301
0.1687 0.572666
0.1688 0.572671
0.1689 0.573161
0.169 0.573342
0.1691 0.573404
0.1692 0.574086
0.1693 0.57447
0.1694 0.574962
0.1695 0.575056
0.1696 0.575034
0.1697 0.575575
0.1698 0.575689
0.1699 0.575935
0.17 0.576427
0.1701 0.576531
0.1702 0.576683
0.1703 0.576672
0.1704 0.576853
0.1705 0.576939
0.1706 0.577419
0.1707 0.577443
0.1708 0.577152
0.1709 0.577233
0.171 0.577508
0.1711 0.57811
0.1712 0.578371
0.1713 0.578598
0.1714 0.578622
0.1715 0.578452
0.1716 0.578826
0.1717 0.579043
0.1718 0.579144
0.1719 0.579657
0.172 0.580171
0.1721 0.580467
0.1722 0.580995
0.1723 0.580938
0.1724 0.581445
0.1725 0.581309
0.1726 0.58148
0.1727 0.581439
0.1728 0.581968
0.1729 0.582342
0.173 0.582924
0.1731 0.583081
0.1732 0.583343
0.1733 0.583633
0.1734 0.584399
0.1735 0.584501
0.1736 0.584936
0.1737 0.585027
0.1738 0.585127
0.1739 0.585516
0.174 0.585735
0.1741 0.586
0.1742 0.586619
0.1743 0.58676
0.1744 0.587175
0.1745 0.587353
0.1746 0.587637
0.1747 0.587939
0.1748 0.588351
0.1749 0.588658
0.175 0.588956
0.1751 0.589338
0.1752 0.589589
0.1753 0.59035
0.1754 0.590482
0.1755 0.590975
0.1756 0.591184
0.1757 0.591592
0.1758 0.591701
0.1759 0.592212
0.176 0.592459
0.1761 0.592972
0.1762 0.593493
0.1763 0.594064
0.1764 0.59445
0.1765 0.594722
0.1766 0.595022
0.1767 0.59533
0.1768 0.595522
0.1769 0.596207
0.177 0.596541
0.1771 0.59692
0.1772 0.597442
0.1773 0.59789
0.1774 0.597923
0.1775 0.598362
0.1776 0.598964
0.1777 0.599281
0.1778 0.599611
0.1779 0.599926
0.178 0.600388
0.1781 0.600295
0.1782 0.600676
0.1783 0.601008
0.1784 0.601438
0.1785 0.601752
0.1786 0.602412
0.1787 0.60246
0.1788 0.602771
0.1789 0.603144
0.179 0.603232
0.1791 0.603697
0.1792 0.603958
0.1793 0.604156
0.1794 0.604564
0.1795 0.604768
0.1796 0.605119
0.1797 0.605318
0.1798 0.605439
0.1799 0.605796
0.18 0.606093
0.1801 0.606408
0.1802 0.606744
0.1803 0.606936
0.1804 0.607265
0.1805 0.607435
0.1806 0.607846
0.1807 0.60785
0.1808 0.608052
0.1809 0.608243
0.181 0.608399
0.1811 0.608775
0.1812 0.609193
0.1813 0.609612
0.1814 0.610023
0.1815 0.610534
0.1816 0.610924
0.1817 0.611121
0.1818 0.611272
0.1819 0.611237
0.182 0.611694
0.1821 0.611964
0.1822 0.611986
0.1823 0.612083
0.1824 0.612546
0.1825 0.612712
0.1826 0.612609
0.1827 0.613296
0.1828 0.613698
0.1829 0.614327
0.183 0.614439
0.1831 0.614442
0.1832 0.61461
0.1833 0.614869
0.1834 0.615189
0.1835 0.61548
0.1836 0.615883
0.1837 0.61626
0.1838 0.616513
0.1839 0.616667
0.184 0.616929
0.1841 0.617716
0.1842 0.617963
0.1843 0.618431
0.1844 0.61917
0.1845 0.619302
0.1846 0.619594
0.1847 0.61999
0.1848 0.620266
0.1849 0.620689
0.185 0.620697
0.1851 0.620888
0.1852 0.621105
0.1853 0.621244
0.1854 0.621678
0.1855 0.62237
0.1856 0.622316
0.1857 0.622739
0.1858 0.622463
0.1859 0.622858
0.186 0.623196
0.1861 0.623551
0.1862 0.624215
0.1863 0.624507
0.1864 0.624427
0.1865 0.625089
0.1866 0.62527
0.1867 0.625357
0.1868 0.626178
0.1869 0.626243
0.187 0.626691
0.1871 0.626971
0.1872 0.626871
0.1873 0.627638
0.1874 0.627973
0.1875 0.628505
0.1876 0.628884
0.1877 0.629489
0.1878 0.629822
0.1879 0.630061
0.188 0.630232
0.1881 0.63066
0.1882 0.630728
0.1883 0.631003
0.1884 0.631146
0.1885 0.631295
0.1886 0.631669
0.1887 0.632244
0.1888 0.632402
0.1889 0.632517
0.189 0.632599
0.1891 0.632812
0.1892 0.633273
0.1893 0.633246
0.1894 0.633578
0.1895 0.633932
0.1896 0.634397
0.1897 0.63465
0.1898 0.634748
0.1899 0.635171
0.19 0.635087
0.1901 0.635205
0.1902 0.635342
0.1903 0.635804
0.1904 0.636408
0.1905 0.637053
0.1906 0.637333
0.1907 0.637895
0.1908 0.637988
0.1909 0.638267
0.191 0.63885
0.1911 0.639183
0.1912 0.639603
0.1913 0.639752
0.1914 0.639845
0.1915 0.640128
0.1916 0.640509
0.1917 0.640798
0.1918 0.641053
0.1919 0.64112
0.192 0.641285
0.1921 0.641389
0.1922 0.642127
0.1923 0.642462
0.1924 0.642571
0.1925 0.642973
0.1926 0.64316
0.1927 0.643223
0.1928 0.643608
0.1929 0.643818
0.193 0.643869
0.1931 0.644
0.1932 0.644559
0.1933 0.644844
0.1934 0.645014
0.1935 0.645234
0.1936 0.645312
0.1937 0.645423
0.1938 0.645679
0.1939 0.646264
0.194 0.64679
0.1941 0.647223
0.1942 0.647065
0.1943 0.647149
0.1944 0.647196
0.1945 0.647404
0.1946 0.64773
0.1947 0.64828
0.1948 0.648254
0.1949 0.648462
0.195 0.648877
0.1951 0.649095
0.1952 0.649571
0.1953 0.650312
0.1954 0.650704
0.1955 0.65063
0.1956 0.651324
0.1957 0.651297
0.1958 0.651483
0.1959 0.651846
0.196 0.652272
0.1961 0.652692
0.1962 0.652815
0.1963 0.653101
0.1964 0.653049
0.1965 0.653757
0.1966 0.654457
0.1967 0.654816
0.1968 0.655071
0.1969 0.65535
0.197 0.655332
0.1971 0.655703
0.1972 0.656298
0.1973 0.656368
0.1974 0.656963
0.1975 0.657612
0.1976 0.657816
0.1977 0.658299
0.1978 0.658979
0.1979 0.659413
0.198 0.659594
0.1981 0.659765
0.1982 0.660026
0.1983 0.660442
0.1984 0.660491
0.1985 0.660828
0.1986 0.661188
0.1987 0.66145
0.1988 0.661915
0.1989 0.662172
0.199 0.662621
0.1991 0.663134
0.1992 0.663388
0.1993 0.664075
0.1994 0.664635
0.1995 0.664802
0.1996 0.66515
0.1997 0.665385
0.1998 0.665677
0.1999 0.666374
0.2 0.667042
0.2001 0.667226
0.2002 0.667857
0.2003 0.668136
0.2004 0.668518
0.2005 0.668967
0.2006 0.669415
0.2007 0.669602
0.2008 0.670119
0.2009 0.67076
0.201 0.671263
0.2011 0.67161
0.2012 0.672219
0.2013 0.672499
0.2014 0.672147
0.2015 0.672636
0.2016 0.673199
0.2017 0.673218
0.2018 0.673142
0.2019 0.673573
0.202 0.673864
0.2021 0.67401
0.2022 0.674241
0.2023 0.674249
0.2024 0.674349
0.2025 0.674661
0.2026 0.674765
0.2027 0.674855
0.2028 0.674902
0.2029 0.675092
0.203 0.675625
0.2031 0.675818
0.2032 0.676364
0.2033 0.676873
0.2034 0.677285
0.2035 0.677166
0.2036 0.677294
0.2037 0.678191
0.2038 0.678403
0.2039 0.678659
0.204 0.679439
0.2041 0.679969
0.2042 0.680293
0.2043 0.681138
0.2044 0.68101
0.2045 0.681396
0.2046 0.681847
0.2047 0.682048
0.2048 0.682595
0.2049 0.682673
0.205 0.683036
0.2051 0.683412
0.2052 0.68423
0.2053 0.684231
0.2054 0.684371
0.2055 0.684827
0.2056 0.685142
0.2057 0.685546
0.2058 0.685926
0.2059 0.686298
0.206 0.686889
0.2061 0.686895
0.2062 0.687169
0.2063 0.687273
0.2064 0.687396
0.2065 0.687574
0.2066 0.687471
0.2067 0.687853
0.2068 0.688175
0.2069 0.688176
0.207 0.688506
0.2071 0.689173
0.2072 0.689635
0.2073 0.689932
0.2074 0.69051
0.2075 0.690851
0.2076 0.690733
0.2077 0.690892
0.2078 0.691439
0.2079 0.691034
0.208 0.691134
0.2081 0.691098
0.2082 0.691058
0.2083 0.691786
0.2084 0.69204
0.2085 0.692384
0.2086 0.692714
0.2087 0.692981
0.2088 0.6933
0.2089 0.693534
0.209 0.693911
0.2091 0.694228
0.2092 0.694992
0.2093 0.694934
0.2094 0.694778
0.2095 0.694627
0.2096 0.694377
0.2097 0.69457
0.2098 0.694871
0.2099 0.695383
0.21 0.695864
0.2101 0.696577
0.2102 0.696807
0.2103 0.696887
0.2104 0.697058
0.2105 0.697539
0.2106 0.69826
0.2107 0.698394
0.2108 0.698575
0.2109 0.698854
0.211 0.699484
0.2111 0.699686
0.2112 0.699651
0.2113 0.700177
0.2114 0.700145
0.2115 0.699945
0.2116 0.699943
0.2117 0.700372
0.2118 0.700045
0.2119 0.700564
0.212 0.700746
0.2121 0.701156
0.2122 0.701441
0.2123 0.701757
0.2124 0.701599
0.2125 0.70177
0.2126 0.701781
0.2127 0.702093
0.2128 0.702434
0.2129 0.702668
0.213 0.703171
0.2131 0.703786
0.2132 0.703595
0.2133 0.703996
0.2134 0.704667
0.2135 0.704807
0.2136 0.704645
0.2137 0.705035
0.2138 0.705581
0.2139 0.705715
0.214 0.705948
0.2141 0.70658
0.2142 0.706952
0.2143 0.707615
0.2144 0.708039
0.2145 0.708144
0.2146 0.708772
0.2147 0.709015
0.2148 0.709325
0.2149 0.709783
0.215 0.710086
0.2151 0.710765
0.2152 0.711152
0.2153 0.711527
0.2154 0.71207
0.2155 0.712202
0.2156 0.712233
0.2157 0.712797
0.2158 0.712962
0.2159 0.713069
0.216 0.713505
0.2161 0.714182
0.2162 0.714515
0.2163 0.715133
0.2164 0.715761
0.2165 0.716278
0.2166 0.71666
0.2167 0.717245
0.2168 0.717896
0.2169 0.718138
0.217 0.718729
0.2171 0.71863
0.2172 0.718478
0.2173 0.718897
0.2174 0.719248
0.2175 0.719611
0.2176 0.719879
0.2177 0.720033
0.2178 0.720462
0.2179 0.721026
0.218 0.721406
0.2181 0.721728
0.2182 0.721976
0.2183 0.72265
0.2184 0.722962
0.2185 0.723613
0.2186 0.723738
0.2187 0.724309
0.2188 0.724853
0.2189 0.725298
0.219 0.725452
0.2191 0.725852
0.2192 0.726623
0.2193 0.72699
0.2194 0.727234
0.2195 0.728068
0.2196 0.728113
0.2197 0.728377
0.2198 0.728424
0.2199 0.729163
0.22 0.729383
0.2201 0.729749
0.2202 0.730189
0.2203 0.730536
0.2204 0.730834
0.2205 0.730944
0.2206 0.731216
0.2207 0.731612
0.2208 0.732003
0.2209 0.732612
0.221 0.732687
0.2211 0.733069
0.2212 0.73327
0.2213 0.733634
0.2214 0.733804
0.2215 0.734223
0.2216 0.734611
0.2217 0.734565
0.2218 0.735029
0.2219 0.735428
0.222 0.735831
0.2221 0.735635
0.2222 0.735963
0.2223 0.735774
0.2224 0.735931
0.2225 0.736281
0.2226 0.736918
0.2227 0.737365
0.2228 0.73789
0.2229 0.737673
0.223 0.73838
0.2231 0.738442
0.2232 0.738574
0.2233 0.738614
0.2234 0.738599
0.2235 0.739075
0.2236 0.739497
0.2237 0.739602
0.2238 0.739622
0.2239 0.739846
0.224 0.740679
0.2241 0.740812
0.2242 0.741065
0.2243 0.741314
0.2244 0.741212
0.2245 0.741386
0.2246 0.741736
0.2247 0.741777
0.2248 0.741888
0.2249 0.742312
0.225 0.742531
0.2251 0.742748
0.2252 0.743121
0.2253 0.743342
0.2254 0.743078
0.2255 0.7435
0.2256 0.743394
0.2257 0.743441
0.2258 0.743789
0.2259 0.744046
0.226 0.744262
0.2261 0.744282
0.2262 0.744864
0.2263 0.745225
0.2264 0.745889
0.2265 0.746177
0.2266 0.746425
0.2267 0.7468
0.2268 0.747295
0.2269 0.747757
0.227 0.747928
0.2271 0.748428
0.2272 0.749017
0.2273 0.749356
0.2274 0.749859
0.2275 0.75008
0.2276 0.750345
0.2277 0.750573
0.2278 0.751157
0.2279 0.751759
0.228 0.752049
0.2281 0.752208
0.2282 0.752257
0.2283 0.75263
0.2284 0.752818
0.2285 0.752694
0.2286 0.7534
0.2287 0.753589
0.2288 0.754099
0.2289 0.754335
0.229 0.754744
0.2291 0.754585
0.2292 0.754926
0.2293 0.755077
0.2294 0.755281
0.2295 0.755417
0.2296 0.755772
0.2297 0.756131
0.2298 0.756835
0.2299 0.757064
0.23 0.757285
0.2301 0.757739
0.2302 0.758334
0.2303 0.758626
0.2304 0.758771
0.2305 0.759168
0.2306 0.759802
0.2307 0.760054
0.2308 0.760722
0.2309 0.761497
0.231 0.761684
0.2311 0.76172
0.2312 0.762115
0.2313 0.762272
0.2314 0.762752
0.2315 0.763194
0.2316 0.763478
0.2317 0.764309
0.2318 0.764566
0.2319 0.764767
0.232 0.764838
0.2321 0.765487
0.2322 0.765794
0.2323 0.765923
0.2324 0.765993
0.2325 0.766389
0.2326 0.766305
0.2327 0.766568
0.2328 0.766899
0.2329 0.767339
0.233 0.767397
0.2331 0.767507
0.2332 0.767888
0.2333 0.767669
0.2334 0.767733
0.2335 0.767915
0.2336 0.768566
0.2337 0.76866
0.2338 0.769558
0.2339 0.770121
0.234 0.770579
0.2341 0.770695
0.2342 0.770933
0.2343 0.77113
0.2344 0.771821
0.2345 0.772041
0.2346 0.772191
0.2347 0.771785
0.2348 0.771785
0.2349 0.772127
0.235 0.771951
0.2351 0.772412
0.2352 0.772717
0.2353 0.773257
0.2354 0.773564
0.2355 0.773703
0.2356 0.774049
0.2357 0.774128
0.2358 0.774529
0.2359 0.775241
0.236 0.775778
0.2361 0.776197
0.2362 0.776245
0.2363 0.776771
0.2364 0.776923
0.2365 0.777183
0.2366 0.777306
0.2367 0.77745
0.2368 0.778026
0.2369 0.77801
0.237 0.777847
0.2371 0.778203
0.2372 0.778287
0.2373 0.778536
0.2374 0.778793
0.2375 0.779127
0.2376 0.778995
0.2377 0.779581
0.2378 0.780085
0.2379 0.780007
0.238 0.780275
0.2381 0.780616
0.2382 0.78125
0.2383 0.78188
0.2384 0.782163
0.2385 0.782261
0.2386 0.782974
0.2387 0.783396
0.2388 0.783956
0.2389 0.784208
0.239 0.784512
0.2391 0.784658
0.2392 0.784876
0.2393 0.785298
0.2394 0.785607
0.2395 0.785621
0.2396 0.785771
0.2397 0.785753
0.2398 0.786322
0.2399 0.786187
0.24 0.786425
0.2401 0.786819
0.2402 0.787162
0.2403 0.787261
0.2404 0.787292
0.2405 0.787757
0.2406 0.787611
0.2407 0.787959
0.2408 0.787999
0.2409 0.788125
0.241 0.788058
0.2411 0.788492
0.2412 0.788604
0.2413 0.789393
0.2414 0.789613
0.2415 0.789964
0.2416 0.790213
0.2417 0.790338
0.2418 0.790387
0.2419 0.790826
0.242 0.791161
0.2421 0.791438
0.2422 0.791639
0.2423 0.791705
0.2424 0.791929
0.2425 0.792686
0.2426 0.793406
0.2427 0.793546
0.2428 0.794112
0.2429 0.794627
0.243 0.795749
0.2431 0.796057
0.2432 0.796406
0.2433 0.796556
0.2434 0.797117
0.2435 0.796998
0.2436 0.797219
0.2437 0.797553
0.2438 0.797913
0.2439 0.798071
0.244 0.798794
0.2441 0.799387
0.2442 0.800071
0.2443 0.80046
0.2444 0.801207
0.2445 0.801827
0.2446 0.802241
0.2447 0.802887
0.2448 0.803232
0.2449 0.803754
0.245 0.804039
0.2451 0.804458
0.2452 0.804439
0.2453 0.804889
0.2454 0.805258
0.2455 0.805403
0.2456 0.805787
0.2457 0.805965
0.2458 0.806095
0.2459 0.806244
0.246 0.806523
0.2461 0.806666
0.2462 0.807419
0.2463 0.807651
0.2464 0.80796
0.2465 0.808682
0.2466 0.808822
0.2467 0.808625
0.2468 0.809148
0.2469 0.809021
0.247 0.809314
0.2471 0.809507
0.2472 0.809877
0.2473 0.81037
0.2474 0.810758
0.2475 0.811056
0.2476 0.811254
0.2477 0.811367
0.2478 0.811765
0.2479 0.812076
0.248 0.812741
0.2481 0.812938
0.2482 0.813028
0.2483 0.81298
0.2484 0.813304
0.2485 0.813934
0.2486 0.813911
0.2487 0.814259
0.2488 0.814659
0.2489 0.814864
0.249 0.815148
0.2491 0.815386
0.2492 0.815476
0.2493 0.815625
0.2494 0.816421
0.2495 0.816617
0.2496 0.816562
0.2497 0.816527
0.2498 0.816956
0.2499 0.817326
0.25 0.817825
0.2501 0.818359
0.2502 0.819142
0.2503 0.819742
0.2504 0.820337
0.2505 0.820315
0.2506 0.820929
0.2507 0.821609
0.2508 0.822125
0.2509 0.82241
0.251 0.822612
0.2511 0.82297
0.2512 0.823414
0.2513 0.823971
0.2514 0.824188
0.2515 0.824303
0.2516 0.823838
0.2517 0.823777
0.2518 0.823691
0.2519 0.824035
0.252 0.824361
0.2521 0.824107
0.2522 0.824581
0.2523 0.825197
0.2524 0.825756
0.2525 0.826532
0.2526 0.827165
0.2527 0.8272
0.2528 0.82744
0.2529 0.827813
0.253 0.828155
0.2531 0.828224
0.2532 0.828553
0.2533 0.828817
0.2534 0.829544
0.2535 0.830596
0.2536 0.830835
0.2537 0.831417
0.2538 0.831654
0.2539 0.832425
0.254 0.832743
0.2541 0.83291
0.2542 0.832833
0.2543 0.833033
0.2544 0.833329
0.2545 0.834087
0.2546 0.834687
0.2547 0.835124
0.2548 0.835129
0.2549 0.836205
0.255 0.836629
0.2551 0.836135
0.2552 0.836647
0.2553 0.836838
0.2554 0.837174
0.2555 0.837157
0.2556 0.837046
0.2557 0.837005
0.2558 0.836928
0.2559 0.837551
0.256 0.837492
0.2561 0.837516
0.2562 0.837935
0.2563 0.838433
0.2564 0.838703
0.2565 0.838689
0.2566 0.838826
0.2567 0.838819
0.2568 0.839203
0.2569 0.839236
0.257 0.839422
0.2571 0.839874
0.2572 0.840123
0.2573 0.840715
0.2574 0.840819
0.2575 0.841272
0.2576 0.841746
0.2577 0.841797
0.2578 0.842152
0.2579 0.842511
0.258 0.842721
0.2581 0.843095
0.2582 0.843186
0.2583 0.843784
0.2584 0.843966
0.2585 0.844627
0.2586 0.844778
0.2587 0.845609
0.2588 0.846015
0.2589 0.846529
0.259 0.846959
0.2591 0.846938
0.2592 0.847088
0.2593 0.847425
0.2594 0.847493
0.2595 0.847807
0.2596 0.847881
0.2597 0.847963
0.2598 0.847745
0.2599 0.848206
0.26 0.848709
0.2601 0.849288
0.2602 0.849782
0.2603 0.849646
0.2604 0.850431
0.2605 0.850643
0.2606 0.850676
0.2607 0.851077
0.2608 0.851611
0.2609 0.852023
0.261 0.852906
0.2611 0.853329
0.2612 0.854077
0.2613 0.854311
0.2614 0.854635
0.2615 0.854568
0.2616 0.854961
0.2617 0.855312
0.2618 0.854948
0.2619 0.855286
0.262 0.855381
0.2621 0.855326
0.2622 0.856217
0.2623 0.856905
0.2624 0.857468
0.2625 0.857825
0.2626 0.858156
0.2627 0.858234
0.2628 0.858335
0.2629 0.858953
0.263 0.859366
0.2631 0.859497
0.2632 0.859966
0.2633 0.860385
0.2634 0.860895
0.2635 0.861555
0.2636 0.861553
0.2637 0.861905
0.2638 0.862212
0.2639 0.862714
0.264 0.863407
0.2641 0.863658
0.2642 0.863433
0.2643 0.864203
0.2644 0.864928
0.2645 0.86509
0.2646 0.865947
0.2647 0.866367
0.2648 0.867012
0.2649 0.867518
0.265 0.868106
0.2651 0.868539
0.2652 0.868864
0.2653 0.869097
0.2654 0.869309
0.2655 0.869402
0.2656 0.870379
0.2657 0.870587
0.2658 0.871163
0.2659 0.87176
0.266 0.871805
0.2661 0.871711
0.2662 0.871521
0.2663 0.871699
0.2664 0.87167
0.2665 0.871674
0.2666 0.871876
0.2667 0.871572
0.2668 0.871738
0.2669 0.87162
0.267 0.871894
0.2671 0.872185
0.2672 0.872238
0.2673 0.871882
0.2674 0.872284
0.2675 0.872427
0.2676 0.872626
0.2677 0.872857
0.2678 0.873295
0.2679 0.873773
0.268 0.87388
0.2681 0.874057
0.2682 0.874542
0.2683 0.874952
0.2684 0.875734
0.2685 0.876032
0.2686 0.876194
0.2687 0.876259
0.2688 0.8768
0.2689 0.876662
0.269 0.877112
0.2691 0.877361
0.2692 0.8778
0.2693 0.878318
0.2694 0.878313
0.2695 0.878786
0.2696 0.878851
0.2697 0.878927
0.2698 0.879177
0.2699 0.879277
0.27 0.879505
0.2701 0.879711
0.2702 0.880187
0.2703 0.880407
0.2704 0.880812
0.2705 0.880969
0.2706 0.881125
0.2707 0.881461
0.2708 0.881657
0.2709 0.881873
0.271 0.882672
0.2711 0.882973
0.2712 0.883209
0.2713 0.883635
0.2714 0.883976
0.2715 0.88456
0.2716 0.88488
0.2717 0.885664
0.2718 0.885902
0.2719 0.886438
0.272 0.886887
0.2721 0.887524
0.2722 0.887985
0.2723 0.888347
0.2724 0.888758
0.2725 0.889374
0.2726 0.889546
0.2727 0.889959
0.2728 0.890622
0.2729 0.891197
0.273 0.891161
0.2731 0.891352
0.2732 0.891387
0.2733 0.891502
0.2734 0.891904
0.2735 0.892353
0.2736 0.89247
0.2737 0.892614
0.2738 0.892657
0.2739 0.89333
0.274 0.893365
0.2741 0.893553
0.2742 0.893913
0.2743 0.894129
0.2744 0.894851
0.2745 0.89474
0.2746 0.89484
0.2747 0.895125
0.2748 0.895613
0.2749 0.896079
0.275 0.896377
0.2751 0.896978
0.2752 0.897589
0.2753 0.897649
0.2754 0.898053
0.2755 0.89824
0.2756 0.898688
0.2757 0.898599
0.2758 0.899107
0.2759 0.899753
0.276 0.900275
0.2761 0.900455
0.2762 0.901156
0.2763 0.901618
0.2764 0.902308
0.2765 0.90243
0.2766 0.902723
0.2767 0.902626
0.2768 0.902798
0.2769 0.903059
0.277 0.903197
0.2771 0.903595
0.2772 0.903438
0.2773 0.903504
0.2774 0.904341
0.2775 0.904439
0.2776 0.904895
0.2777 0.90524
0.2778 0.905209
0.2779 0.905369
0.278 0.905917
0.2781 0.906662
0.2782 0.906583
0.2783 0.907393
0.2784 0.907692
0.2785 0.907923
0.2786 0.908226
0.2787 0.908361
0.2788 0.907919
0.2789 0.908295
0.279 0.908584
0.2791 0.9087
0.2792 0.908765
0.2793 0.909036
0.2794 0.909072
0.2795 0.909288
0.2796 0.909167
0.2797 0.909496
0.2798 0.90994
0.2799 0.910073
0.28 0.910152
0.2801 0.910723
0.2802 0.910895
0.2803 0.911464
0.2804 0.911903
0.2805 0.912404
0.2806 0.912954
0.2807 0.913425
0.2808 0.913645
0.2809 0.914221
0.281 0.914606
0.2811 0.914889
0.2812 0.915609
0.2813 0.915772
0.2814 0.916399
0.2815 0.916669
0.2816 0.917029
0.2817 0.9177
0.2818 0.917945
0.2819 0.917992
0.282 0.918194
0.2821 0.918104
0.2822 0.918391
0.2823 0.918407
0.2824 0.918953
0.2825 0.919232
0.2826 0.919439
0.2827 0.919628
0.2828 0.920101
0.2829 0.920797
0.283 0.921441
0.2831 0.921417
0.2832 0.922208
0.2833 0.922536
0.2834 0.922611
0.2835 0.922595
0.2836 0.922996
0.2837 0.923073
0.2838 0.92341
0.2839 0.923751
0.284 0.924185
0.2841 0.925203
0.2842 0.925502
0.2843 0.925646
0.2844 0.926349
0.2845 0.927008
0.2846 0.927299
0.2847 0.927608
0.2848 0.92805
0.2849 0.928627
0.285 0.92907
0.2851 0.929328
0.2852 0.929952
0.2853 0.929874
0.2854 0.929857
0.2855 0.930677
0.2856 0.930929
0.2857 0.931208
0.2858 0.931471
0.2859 0.931209
0.286 0.931706
0.2861 0.93189
0.2862 0.932273
0.2863 0.93239
0.2864 0.932763
0.2865 0.933683
0.2866 0.934387
0.2867 0.935035
0.2868 0.934993
0.2869 0.93517
0.287 0.93522
0.2871 0.935994
0.2872 0.936307
0.2873 0.936809
0.2874 0.93732
0.2875 0.937492
0.2876 0.937978
0.2877 0.937943
0.2878 0.938659
0.2879 0.939214
0.288 0.939574
0.2881 0.939821
0.2882 0.940306
0.2883 0.940405
0.2884 0.940541
0.2885 0.940699
0.2886 0.940961
0.2887 0.940955
0.2888 0.941263
0.2889 0.941071
0.289 0.941236
0.2891 0.941683
0.2892 0.942229
0.2893 0.942792
0.2894 0.942912
0.2895 0.943451
0.2896 0.943495
0.2897 0.943413
0.2898 0.943778
0.2899 0.943627
0.29 0.944026
0.2901 0.944553
0.2902 0.94492
0.2903 0.944841
0.2904 0.945154
0.2905 0.945166
0.2906 0.944976
0.2907 0.94569
0.2908 0.945935
0.2909 0.946283
0.291 0.946982
0.2911 0.94701
0.2912 0.947141
0.2913 0.946935
0.2914 0.947128
0.2915 0.947638
0.2916 0.947918
0.2917 0.948199
0.2918 0.948784
0.2919 0.949091
0.292 0.949759
0.2921 0.949659
0.2922 0.949659
0.2923 0.949551
0.2924 0.949667
0.2925 0.95028
0.2926 0.950381
0.2927 0.951204
0.2928 0.95182
0.2929 0.952005
0.293 0.951831
0.2931 0.952003
0.2932 0.951903
0.2933 0.952715
0.2934 0.953174
0.2935 0.95377
0.2936 0.953817
0.2937 0.954263
0.2938 0.954574
0.2939 0.955114
0.294 0.955601
0.2941 0.95564
0.2942 0.95582
0.2943 0.956199
0.2944 0.956634
0.2945 0.95686
0.2946 0.957206
0.2947 0.957268
0.2948 0.957955
0.2949 0.958161
0.295 0.958828
0.2951 0.959432
0.2952 0.959636
0.2953 0.960275
0.2954 0.960758
0.2955 0.961662
0.2956 0.962286
0.2957 0.962617
0.2958 0.96306
0.2959 0.963409
0.296 0.964178
0.2961 0.964141
0.2962 0.964332
0.2963 0.96476
0.2964 0.964842
0.2965 0.964929
0.2966 0.965856
0.2967 0.966312
0.2968 0.966539
0.2969 0.967227
0.297 0.967346
0.2971 0.967457
0.2972 0.967705
0.2973 0.968523
0.2974 0.96896
0.2975 0.969039
0.2976 0.969805
0.2977 0.970205
0.2978 0.970524
0.2979 0.970876
0.298 0.970915
0.2981 0.971085
0.2982 0.971019
0.2983 0.971605
0.2984 0.971965
0.2985 0.972016
0.2986 0.971889
0.2987 0.972183
0.2988 0.971908
0.2989 0.972464
0.299 0.972729
0.2991 0.973188
0.2992 0.97372
0.2993 0.973657
0.2994 0.973542
0.2995 0.973781
0.2996 0.973908
0.2997 0.974285
0.2998 0.974755
0.2999 0.97491
0.3 0.974979
0.3001 0.974931
0.3002 0.975533
0.3003 0.976082
0.3004 0.976466
0.3005 0.976692
0.3006 0.97692
0.3007 0.977542
0.3008 0.978002
0.3009 0.979002
0.301 0.979081
0.3011 0.979313
0.3012 0.97995
0.3013 0.980052
0.3014 0.980457
0.3015 0.980726
0.3016 0.980999
0.3017 0.981717
0.3018 0.982211
0.3019 0.982312
0.302 0.982664
0.3021 0.982926
0.3022 0.983568
0.3023 0.984237
0.3024 0.984772
0.3025 0.98552
0.3026 0.985908
0.3027 0.986065
0.3028 0.986136
0.3029 0.98623
0.303 0.987237
0.3031 0.987171
0.3032 0.987589
0.3033 0.987487
0.3034 0.987344
0.3035 0.98735
0.3036 0.987637
0.3037 0.987989
0.3038 0.988145
0.3039 0.988401
0.304 0.988397
0.3041 0.988213
0.3042 0.988327
0.3043 0.989006
0.3044 0.989295
0.3045 0.98905
0.3046 0.989169
0.3047 0.989397
0.3048 0.989786
0.3049 0.989552
0.305 0.990213
0.3051 0.990547
0.3052 0.991481
0.3053 0.991569
0.3054 0.991734
0.3055 0.991847
0.3056 0.991732
0.3057 0.991803
0.3058 0.992056
0.3059 0.992389
0.306 0.992864
0.3061 0.992718
0.3062 0.992875
0.3063 0.993773
0.3064 0.994042
0.3065 0.994691
0.3066 0.995659
0.3067 0.995571
0.3068 0.995727
0.3069 0.996054
0.307 0.996565
0.3071 0.997349
0.3072 0.997493
0.3073 0.998301
0.3074 0.998565
0.3075 0.998718
0.3076 0.998627
0.3077 0.999101
0.3078 0.99941
0.3079 0.999923
0.308 1.00016
0.3081 1.00048
0.3082 1.00109
0.3083 1.00107
0.3084 1.00163
0.3085 1.00174
0.3086 1.00164
0.3087 1.00174
0.3088 1.00205
0.3089 1.00219
0.309 1.0026
0.3091 1.0028
0.3092 1.00331
0.3093 1.00383
0.3094 1.00392
0.3095 1.00437
0.3096 1.00413
0.3097 1.0047
0.3098 1.00535
0.3099 1.00568
0.31 1.00577
0.3101 1.00654
0.3102 1.00748
0.3103 1.00772
0.3104 1.00807
0.3105 1.00837
0.3106 1.00846
0.3107 1.00886
0.3108 1.00945
0.3109 1.0103
0.311 1.01052
0.3111 1.01082
0.3112 1.01084
0.3113 1.01119
0.3114 1.01192
0.3115 1.01223
0.3116 1.01268
0.3117 1.01284
0.3118 1.01285
0.3119 1.01349
0.312 1.01348
0.3121 1.01374
0.3122 1.01411
0.3123 1.0145
0.3124 1.01525
0.3125 1.01581
0.3126 1.01636
0.3127 1.01621
0.3128 1.01624
0.3129 1.01643
0.313 1.01698
0.3131 1.01734
0.3132 1.0176
0.3133 1.01793
0.3134 1.01831
0.3135 1.01846
0.3136 1.01857
0.3137 1.01844
0.3138 1.01863
0.3139 1.01893
0.314 1.0191
0.3141 1.01962
0.3142 1.01991
0.3143 1.02014
0.3144 1.01996
0.3145 1.02042
0.3146 1.02065
0.3147 1.02068
0.3148 1.02122
0.3149 1.02161
0.315 1.02178
0.3151 1.02206
0.3152 1.02254
0.3153 1.02316
0.3154 1.02347
0.3155 1.02328
0.3156 1.02391
0.3157 1.02422
0.3158 1.02455
0.3159 1.02486
0.316 1.02525
0.3161 1.02521
0.3162 1.02562
0.3163 1.02609
0.3164 1.02664
0.3165 1.02673
0.3166 1.02694
0.3167 1.02682
0.3168 1.02702
0.3169 1.02716
0.317 1.02722
0.3171 1.02749
0.3172 1.028
0.3173 1.02846
0.3174 1.02887
0.3175 1.02909
0.3176 1.02926
0.3177 1.03031
0.3178 1.03048
0.3179 1.03052
0.318 1.03039
0.3181 1.03111
0.3182 1.03094
0.3183 1.03136
0.3184 1.03143
0.3185 1.0312
0.3186 1.03141
0.3187 1.03155
0.3188 1.03188
0.3189 1.0321
0.319 1.0328
0.3191 1.0329
0.3192 1.03301
0.3193 1.03352
0.3194 1.0335
0.3195 1.03395
0.3196 1.03458
0.3197 1.03486
0.3198 1.03531
0.3199 1.03599
0.32 1.03669
0.3201 1.03686
0.3202 1.03709
0.3203 1.03766
0.3204 1.03808
0.3205 1.03879
0.3206 1.03864
0.3207 1.03918
0.3208 1.0394
0.3209 1.03956
0.321 1.03981
0.3211 1.03989
0.3212 1.04055
0.3213 1.04081
0.3214 1.04093
0.3215 1.04067
0.3216 1.04129
0.3217 1.0415
0.3218 1.04158
0.3219 1.04172
0.322 1.04187
0.3221 1.04246
0.3222 1.04277
0.3223 1.04375
0.3224 1.04417
0.3225 1.04429
0.3226 1.04443
0.3227 1.04435
0.3228 1.04454
0.3229 1.04511
0.323 1.04533
0.3231 1.04587
0.3232 1.04611
0.3233 1.04655
0.3234 1.04688
0.3235 1.04712
0.3236 1.04752
0.3237 1.04818
0.3238 1.04859
0.3239 1.04883
0.324 1.04896
0.3241 1.04934
0.3242 1.04963
0.3243 1.0501
0.3244 1.05002
0.3245 1.05025
0.3246 1.05086
0.3247 1.05091
0.3248 1.05083
0.3249 1.0513
0.325 1.05171
0.3251 1.05255
0.3252 1.05267
0.3253 1.05247
0.3254 1.0526
0.3255 1.05261
0.3256 1.05298
0.3257 1.05364
0.3258 1.05419
0.3259 1.05495
0.326 1.05526
0.3261 1.0555
0.3262 1.05536
0.3263 1.05552
0.3264 1.056
0.3265 1.05622
0.3266 1.05616
0.3267 1.05594
0.3268 1.05573
0.3269 1.05615
0.327 1.0566
0.3271 1.05701
0.3272 1.05729
0.3273 1.0574
0.3274 1.05801
0.3275 1.05791
0.3276 1.05858
0.3277 1.05852
0.3278 1.0591
0.3279 1.05882
0.328 1.05938
0.3281 1.05938
0.3282 1.05981
0.3283 1.06001
0.3284 1.06028
0.3285 1.06023
0.3286 1.06047
0.3287 1.06063
0.3288 1.06142
0.3289 1.06212
0.329 1.06202
0.3291 1.06223
0.3292 1.062
0.3293 1.06259
0.3294 1.06265
0.3295 1.06253
0.3296 1.06306
0.3297 1.06313
0.3298 1.06382
0.3299 1.0642
0.33 1.0645
0.3301 1.06476
0.3302 1.06461
0.3303 1.06474
0.3304 1.06547
0.3305 1.06548
0.3306 1.0656
0.3307 1.0661
0.3308 1.06644
0.3309 1.06614
0.331 1.06598
0.3311 1.06573
0.3312 1.06587
0.3313 1.06583
0.3314 1.06569
0.3315 1.06578
0.3316 1.06575
0.3317 1.0664
0.3318 1.06707
0.3319 1.06726
0.332 1.06779
0.3321 1.06779
0.3322 1.06823
0.3323 1.06871
0.3324 1.06889
0.3325 1.06936
0.3326 1.06988
0.3327 1.07003
0.3328 1.06992
0.3329 1.06995
0.333 1.07003
0.3331 1.07073
0.3332 1.07148
0.3333 1.0718
0.3334 1.07184
0.3335 1.07189
0.3336 1.07219
0.3337 1.0726
0.3338 1.07298
0.3339 1.07291
0.334 1.07301
0.3341 1.07362
0.3342 1.07333
0.3343 1.07359
0.3344 1.07344
0.3345 1.07405
0.3346 1.07461
0.3347 1.07507
0.3348 1.07533
0.3349 1.07582
0.335 1.07604
0.3351 1.07626
0.3352 1.07607
0.3353 1.0764
0.3354 1.0767
0.3355 1.07708
0.3356 1.07729
0.3357 1.07775
0.3358 1.0779
0.3359 1.07782
0.336 1.07773
0.3361 1.07788
0.3362 1.07842
0.3363 1.07804
0.3364 1.07904
0.3365 1.07956
0.3366 1.07967
0.3367 1.07939
0.3368 1.07946
0.3369 1.0797
0.337 1.08014
0.3371 1.0801
0.3372 1.08001
0.3373 1.08009
0.3374 1.0807
0.3375 1.08112
0.3376 1.08136
0.3377 1.08166
0.3378 1.08223
0.3379 1.08233
0.338 1.08232
0.3381 1.08293
0.3382 1.08285
0.3383 1.08291
0.3384 1.08348
0.3385 1.08372
0.3386 1.08432
0.3387 1.08453
0.3388 1.0842
0.3389 1.08415
0.339 1.08407
0.3391 1.08435
0.3392 1.08479
0.3393 1.0852
0.3394 1.08522
0.3395 1.08534
0.3396 1.08589
0.3397 1.0862
0.3398 1.08667
0.3399 1.08702
0.34 1.08773
0.3401 1.08755
0.3402 1.08787
0.3403 1.08818
0.3404 1.08813
0.3405 1.08843
0.3406 1.08874
0.3407 1.08898
0.3408 1.08958
0.3409 1.09029
0.341 1.09075
0.3411 1.09096
0.3412 1.09148
0.3413 1.09138
0.3414 1.09147
0.3415 1.09181
0.3416 1.09216
0.3417 1.09235
0.3418 1.09287
0.3419 1.09317
0.342 1.09344
0.3421 1.09379
0.3422 1.0945
0.3423 1.09486
0.3424 1.09494
0.3425 1.09562
0.3426 1.09579
0.3427 1.09576
0.3428 1.09589
0.3429 1.09654
0.343 1.09671
0.3431 1.09741
0.3432 1.09735
0.3433 1.09829
0.3434 1.09855
0.3435 1.09945
0.3436 1.09969
0.3437 1.10022
0.3438 1.10054
0.3439 1.10072
0.344 1.10103
0.3441 1.10162
0.3442 1.10171
0.3443 1.10182
0.3444 1.10221
0.3445 1.10238
0.3446 1.10263
0.3447 1.10288
0.3448 1.10331
0.3449 1.10375
0.345 1.10389
0.3451 1.1043
0.3452 1.10395
0.3453 1.10426
0.3454 1.10443
0.3455 1.10455
0.3456 1.10481
0.3457 1.10571
0.3458 1.10594
0.3459 1.10682
0.346 1.10739
0.3461 1.10718
0.3462 1.10727
0.3463 1.10769
0.3464 1.10808
0.3465 1.10879
0.3466 1.1091
0.3467 1.10959
0.3468 1.1102
0.3469 1.11022
0.347 1.11002
0.3471 1.11053
0.3472 1.11058
0.3473 1.11075
0.3474 1.11053
0.3475 1.11085
0.3476 1.11096
0.3477 1.11178
0.3478 1.11224
0.3479 1.11257
0.348 1.11267
0.3481 1.11369
0.3482 1.11418
0.3483 1.1138
0.3484 1.11373
0.3485 1.11401
0.3486 1.11435
0.3487 1.11518
0.3488 1.11567
0.3489 1.11619
0.349 1.11605
0.3491 1.1168
0.3492 1.11672
0.3493 1.11729
0.3494 1.11809
0.3495 1.11839
0.3496 1.11829
0.3497 1.11897
0.3498 1.11953
0.3499 1.11973
0.35 1.11998
0.3501 1.12016
0.3502 1.12043
0.3503 1.12057
0.3504 1.12087
0.3505 1.12134
0.3506 1.12186
0.3507 1.1223
0.3508 1.1225
0.3509 1.12316
0.351 1.12351
0.3511 1.12399
0.3512 1.12497
0.3513 1.12547
0.3514 1.12582
0.3515 1.12577
0.3516 1.12624
0.3517 1.12667
0.3518 1.12686
0.3519 1.12698
0.352 1.12761
0.3521 1.12707
0.3522 1.12728
0.3523 1.12783
0.3524 1.12799
0.3525 1.12836
0.3526 1.12921
0.3527 1.12892
0.3528 1.12892
0.3529 1.12911
0.353 1.12953
0.3531 1.13008
0.3532 1.12968
0.3533 1.12951
0.3534 1.12996
0.3535 1.13002
0.3536 1.13056
0.3537 1.13082
0.3538 1.13154
0.3539 1.1314
0.354 1.13135
0.3541 1.1319
0.3542 1.13201
0.3543 1.1324
0.3544 1.13216
0.3545 1.13169
0.3546 1.13185
0.3547 1.13199
0.3548 1.13245
0.3549 1.13236
0.355 1.13324
0.3551 1.13361
0.3552 1.13418
0.3553 1.1346
0.3554 1.13512
0.3555 1.13513
0.3556 1.13539
0.3557 1.13522
0.3558 1.13582
0.3559 1.13598
0.356 1.13575
0.3561 1.13581
0.3562 1.13599
0.3563 1.13615
0.3564 1.13617
0.3565 1.13653
0.3566 1.13695
0.3567 1.1375
0.3568 1.13786
0.3569 1.13815
0.357 1.13844
0.3571 1.13866
0.3572 1.13841
0.3573 1.13906
0.3574 1.13939
0.3575 1.13965
0.3576 1.13977
0.3577 1.14082
0.3578 1.14103
0.3579 1.14149
0.358 1.14161
0.3581 1.14199
0.3582 1.14211
0.3583 1.14244
0.3584 1.14255
0.3585 1.14307
0.3586 1.14268
0.3587 1.14271
0.3588 1.14267
0.3589 1.14292
0.359 1.14393
0.3591 1.14377
0.3592 1.14421
0.3593 1.14466
0.3594 1.14497
0.3595 1.14533
0.3596 1.1454
0.3597 1.14503
0.3598 1.14573
0.3599 1.14613
0.36 1.14598
0.3601 1.14598
0.3602 1.14636
0.3603 1.14705
0.3604 1.14703
0.3605 1.14717
0.3606 1.14735
0.3607 1.14774
0.3608 1.14783
0.3609 1.14826
0.361 1.14896
0.3611 1.14939
0.3612 1.15002
0.3613 1.15055
0.3614 1.15074
0.3615 1.15088
0.3616 1.15116
0.3617 1.15115
0.3618 1.15147
0.3619 1.15109
0.362 1.1515
0.3621 1.15162
0.3622 1.15216
0.3623 1.15194
0.3624 1.15237
0.3625 1.15203
0.3626 1.15227
0.3627 1.15287
0.3628 1.15299
0.3629 1.15334
0.363 1.15332
0.3631 1.15338
0.3632 1.15375
0.3633 1.15399
0.3634 1.15435
0.3635 1.15434
0.3636 1.15451
0.3637 1.15479
0.3638 1.15566
0.3639 1.15547
0.364 1.15617
0.3641 1.15687
0.3642 1.15747
0.3643 1.15783
0.3644 1.15835
0.3645 1.15826
0.3646 1.15884
0.3647 1.15927
0.3648 1.15882
0.3649 1.1594
0.365 1.15946
0.3651 1.15952
0.3652 1.16002
0.3653 1.16031
0.3654 1.16083
0.3655 1.16178
0.3656 1.16231
0.3657 1.16239
0.3658 1.16265
0.3659 1.16295
0.366 1.16307
0.3661 1.16396
0.3662 1.16433
0.3663 1.16492
0.3664 1.16517
0.3665 1.16528
0.3666 1.16582
0.3667 1.16609
0.3668 1.16605
0.3669 1.16624
0.367 1.16636
0.3671 1.16633
0.3672 1.16692
0.3673 1.16681
0.3674 1.16657
0.3675 1.16681
0.3676 1.16716
0.3677 1.16698
0.3678 1.16775
0.3679 1.16818
0.368 1.16899
0.3681 1.16908
0.3682 1.16907
0.3683 1.16934
0.3684 1.16985
0.3685 1.17033
0.3686 1.17077
0.3687 1.17105
0.3688 1.17146
0.3689 1.17169
0.369 1.17185
0.3691 1.17228
0.3692 1.17232
0.3693 1.17259
0.3694 1.17302
0.3695 1.17371
0.3696 1.17327
0.3697 1.17355
0.3698 1.17419
0.3699 1.17404
0.37 1.17447
0.3701 1.17483
0.3702 1.17503
0.3703 1.17568
0.3704 1.17656
0.3705 1.17653
0.3706 1.17738
0.3707 1.17764
0.3708 1.17789
0.3709 1.17808
0.371 1.17819
0.3711 1.17901
0.3712 1.17913
0.3713 1.1801
0.3714 1.18027
0.3715 1.18025
0.3716 1.18044
0.3717 1.18093
0.3718 1.18165
0.3719 1.18197
0.372 1.18222
0.3721 1.18221
0.3722 1.18274
0.3723 1.18363
0.3724 1.1836
0.3725 1.18389
0.3726 1.18401
0.3727 1.18397
0.3728 1.18424
0.3729 1.18418
0.373 1.18405
0.3731 1.18429
0.3732 1.18457
0.3733 1.18489
0.3734 1.18482
0.3735 1.18523
0.3736 1.18583
0.3737 1.18583
0.3738 1.18587
0.3739 1.18608
0.374 1.18613
0.3741 1.1866
0.3742 1.18635
0.3743 1.18667
0.3744 1.18749
0.3745 1.18786
0.3746 1.18835
0.3747 1.18835
0.3748 1.18865
0.3749 1.18879
0.375 1.18946
0.3751 1.18943
0.3752 1.18975
0.3753 1.19054
0.3754 1.19125
0.3755 1.19188
0.3756 1.1925
0.3757 1.19277
0.3758 1.19295
0.3759 1.19354
0.376 1.19406
0.3761 1.19409
0.3762 1.19355
0.3763 1.19377
0.3764 1.1948
0.3765 1.19523
0.3766 1.19547
0.3767 1.19562
0.3768 1.19548
0.3769 1.19567
0.377 1.19618
0.3771 1.19639
0.3772 1.19697
0.3773 1.19724
0.3774 1.19751
0.3775 1.1983
0.3776 1.19887
0.3777 1.19933
0.3778 1.19988
0.3779 1.20024
0.378 1.20052
0.3781 1.20097
0.3782 1.20109
0.3783 1.20141
0.3784 1.20144
0.3785 1.20143
0.3786 1.20168
0.3787 1.202
0.3788 1.20272
0.3789 1.2029
0.379 1.20331
0.3791 1.20406
0.3792 1.20412
0.3793 1.20473
0.3794 1.20479
0.3795 1.20494
0.3796 1.20521
0.3797 1.20588
0.3798 1.20653
0.3799 1.20624
0.38 1.2068
0.3801 1.20729
0.3802 1.20757
0.3803 1.20789
0.3804 1.20846
0.3805 1.2086
0.3806 1.20884
0.3807 1.20943
0.3808 1.20955
0.3809 1.20969
0.381 1.21038
0.3811 1.20983
0.3812 1.2101
0.3813 1.21011
0.3814 1.21026
0.3815 1.21101
0.3816 1.2112
0.3817 1.21166
0.3818 1.21156
0.3819 1.21226
0.382 1.21275
0.3821 1.21382
0.3822 1.21373
0.3823 1.2149
0.3824 1.21525
0.3825 1.21569
0.3826 1.21597
0.3827 1.21652
0.3828 1.2169
0.3829 1.21733
0.383 1.21789
0.3831 1.21817
0.3832 1.21808
0.3833 1.21838
0.3834 1.21868
0.3835 1.21892
0.3836 1.21826
0.3837 1.21836
0.3838 1.21862
0.3839 1.21859
0.384 1.21898
0.3841 1.21884
0.3842 1.21905
0.3843 1.2188
0.3844 1.21907
0.3845 1.21952
0.3846 1.22045
0.3847 1.22051
0.3848 1.22056
0.3849 1.22087
0.385 1.22143
0.3851 1.22198
0.3852 1.22234
0.3853 1.2224
0.3854 1.22261
0.3855 1.22341
0.3856 1.22387
0.3857 1.22404
0.3858 1.22431
0.3859 1.225
0.386 1.22535
0.3861 1.22554
0.3862 1.22632
0.3863 1.22646
0.3864 1.22667
0.3865 1.22727
0.3866 1.2276
0.3867 1.22808
0.3868 1.22864
0.3869 1.22903
0.387 1.22933
0.3871 1.22951
0.3872 1.2298
0.3873 1.23084
0.3874 1.23108
0.3875 1.2311
0.3876 1.23188
0.3877 1.23175
0.3878 1.2319
0.3879 1.23181
0.388 1.23181
0.3881 1.23231
0.3882 1.23213
0.3883 1.23198
0.3884 1.23209
0.3885 1.23223
0.3886 1.23281
0.3887 1.23305
0.3888 1.23314
0.3889 1.23373
0.389 1.23433
0.3891 1.2342
0.3892 1.23395
0.3893 1.2338
0.3894 1.23441
0.3895 1.2348
0.3896 1.23514
0.3897 1.23567
0.3898 1.23562
0.3899 1.23555
0.39 1.23524
0.3901 1.23521
0.3902 1.23521
0.3903 1.23567
0.3904 1.23607
0.3905 1.23646
0.3906 1.23682
0.3907 1.23745
0.3908 1.23707
0.3909 1.23802
0.391 1.2385
0.3911 1.23841
0.3912 1.23813
0.3913 1.23854
0.3914 1.23869
0.3915 1.23909
0.3916 1.23896
0.3917 1.2389
0.3918 1.23953
0.3919 1.23945
0.392 1.23997
0.3921 1.24017
0.3922 1.24025
0.3923 1.24142
0.3924 1.24211
0.3925 1.24238
0.3926 1.24319
0.3927 1.24321
0.3928 1.24333
0.3929 1.24405
0.393 1.24417
0.3931 1.24408
0.3932 1.24408
0.3933 1.24408
0.3934 1.24379
0.3935 1.2444
0.3936 1.24499
0.3937 1.2451
0.3938 1.24503
0.3939 1.24561
0.394 1.24609
0.3941 1.2468
0.3942 1.24707
0.3943 1.24702
0.3944 1.24806
0.3945 1.24836
0.3946 1.24857
0.3947 1.24866
0.3948 1.24883
0.3949 1.24882
0.395 1.24964
0.3951 1.25
0.3952 1.25038
0.3953 1.25031
0.3954 1.25068
0.3955 1.25123
0.3956 1.25155
0.3957 1.25134
0.3958 1.2519
0.3959 1.25211
0.396 1.2524
0.3961 1.25276
0.3962 1.2532
0.3963 1.25379
0.3964 1.25432
0.3965 1.25481
0.3966 1.25488
0.3967 1.2553
0.3968 1.2557
0.3969 1.25597
0.397 1.25595
0.3971 1.25634
0.3972 1.25623
0.3973 1.25641
0.3974 1.25662
0.3975 1.25631
0.3976 1.25621
0.3977 1.25673
0.3978 1.25718
0.3979 1.25743
0.398 1.25694
0.3981 1.25745
0.3982 1.25786
0.3983 1.25802
0.3984 1.25825
0.3985 1.2583
0.3986 1.25857
0.3987 1.25826
0.3988 1.25846
0.3989 1.25833
0.399 1.25915
0.3991 1.25943
0.3992 1.25957
0.3993 1.26007
0.3994 1.25966
0.3995 1.26005
0.3996 1.26049
0.3997 1.26107
0.3998 1.26163
0.3999 1.26202
0.4 1.26215
0.4001 1.2625
0.4002 1.26235
0.4003 1.26246
0.4004 1.26261
0.4005 1.26264
0.4006 1.26287
0.4007 1.2634
0.4008 1.26367
0.4009 1.26325
0.401 1.26336
0.4011 1.26353
0.4012 1.26402
0.4013 1.26406
0.4014 1.26409
0.4015 1.26475
0.4016 1.26534
0.4017 1.26618
0.4018 1.26629
0.4019 1.26666
0.402 1.26702
0.4021 1.2671
0.4022 1.26769
0.4023 1.26728
0.4024 1.26742
0.4025 1.26729
0.4026 1.26809
0.4027 1.26816
0.4028 1.26813
0.4029 1.26877
0.403 1.2685
0.4031 1.26797
0.4032 1.26791
0.4033 1.26797
0.4034 1.26779
0.4035 1.268
0.4036 1.26842
0.4037 1.26828
0.4038 1.26861
0.4039 1.26883
0.404 1.26937
0.4041 1.27055
0.4042 1.27042
0.4043 1.27045
0.4044 1.27102
0.4045 1.27131
0.4046 1.27202
0.4047 1.27251
0.4048 1.27277
0.4049 1.27319
0.405 1.27343
0.4051 1.27358
0.4052 1.27327
0.4053 1.27339
0.4054 1.27366
0.4055 1.27381
0.4056 1.27418
0.4057 1.2746
0.4058 1.27541
0.4059 1.27633
0.406 1.2768
0.4061 1.27669
0.4062 1.27677
0.4063 1.2774
0.4064 1.27752
0.4065 1.27775
0.4066 1.27812
0.4067 1.27907
0.4068 1.27939
0.4069 1.27956
0.407 1.28003
0.4071 1.28026
0.4072 1.28052
0.4073 1.28117
0.4074 1.28137
0.4075 1.28219
0.4076 1.28269
0.4077 1.28243
0.4078 1.28272
0.4079 1.28285
0.408 1.2832
0.4081 1.28405
0.4082 1.28474
0.4083 1.28527
0.4084 1.28525
0.4085 1.28534
0.4086 1.28549
0.4087 1.28561
0.4088 1.28633
0.4089 1.28583
0.409 1.28648
0.4091 1.28656
0.4092 1.28717
0.4093 1.28767
0.4094 1.28872
0.4095 1.28881
0.4096 1.28918
0.4097 1.28957
0.4098 1.29004
0.4099 1.29086
0.41 1.29112
0.4101 1.2916
0.4102 1.29187
0.4103 1.29168
0.4104 1.29223
0.4105 1.29215
0.4106 1.29254
0.4107 1.29314
0.4108 1.29355
0.4109 1.2941
0.411 1.29488
0.4111 1.29497
0.4112 1.29484
0.4113 1.29516
0.4114 1.29556
0.4115 1.29639
0.4116 1.29686
0.4117 1.29666
0.4118 1.29697
0.4119 1.29746
0.412 1.2982
0.4121 1.29868
0.4122 1.29937
0.4123 1.29956
0.4124 1.2997
0.4125 1.30004
0.4126 1.29969
0.4127 1.29992
0.4128 1.29945
0.4129 1.29989
0.413 1.30021
0.4131 1.30052
0.4132 1.30076
0.4133 1.30133
0.4134 1.30104
0.4135 1.30132
0.4136 1.30173
0.4137 1.302
0.4138 1.30261
0.4139 1.30278
0.414 1.3028
0.4141 1.30329
0.4142 1.30399
0.4143 1.30423
0.4144 1.30473
0.4145 1.30562
0.4146 1.30573
0.4147 1.30632
0.4148 1.30681
0.4149 1.30715
0.415 1.30704
0.4151 1.30756
0.4152 1.30811
0.4153 1.30829
0.4154 1.3081
0.4155 1.30894
0.4156 1.30917
0.4157 1.30968
0.4158 1.30948
0.4159 1.31009
0.416 1.31046
0.4161 1.31026
0.4162 1.31003
0.4163 1.31089
0.4164 1.31131
0.4165 1.31125
0.4166 1.31177
0.4167 1.31195
0.4168 1.31264
0.4169 1.31331
0.417 1.31371
0.4171 1.31403
0.4172 1.3141
0.4173 1.31433
0.4174 1.31481
0.4175 1.31466
0.4176 1.3149
0.4177 1.31505
0.4178 1.31523
0.4179 1.31546
0.418 1.31576
0.4181 1.31651
0.4182 1.31575
0.4183 1.316
0.4184 1.31591
0.4185 1.31597
0.4186 1.3166
0.4187 1.31685
0.4188 1.31697
0.4189 1.31727
0.419 1.31734
0.4191 1.31782
0.4192 1.31821
0.4193 1.31811
0.4194 1.31866
0.4195 1.31926
0.4196 1.31909
0.4197 1.31924
0.4198 1.31958
0.4199 1.32038
0.42 1.32119
0.4201 1.3217
0.4202 1.32237
0.4203 1.32226
0.4204 1.32286
0.4205 1.32354
0.4206 1.32381
0.4207 1.32372
0.4208 1.32368
0.4209 1.3237
0.421 1.3238
0.4211 1.32406
0.4212 1.32425
0.4213 1.32477
0.4214 1.32498
0.4215 1.32541
0.4216 1.32599
0.4217 1.32627
0.4218 1.32656
0.4219 1.3272
0.422 1.32715
0.4221 1.32727
0.4222 1.32792
0.4223 1.32823
0.4224 1.32849
0.4225 1.32868
0.4226 1.32826
0.4227 1.32858
0.4228 1.32813
0.4229 1.32827
0.423 1.32833
0.4231 1.32855
0.4232 1.32901
0.4233 1.32969
0.4234 1.33059
0.4235 1.33085
0.4236 1.33081
0.4237 1.33089
0.4238 1.3314
0.4239 1.33146
0.424 1.33174
0.4241 1.33183
0.4242 1.33175
0.4243 1.33183
0.4244 1.33215
0.4245 1.33261
0.4246 1.33244
0.4247 1.33314
0.4248 1.33337
0.4249 1.33412
0.425 1.33419
0.4251 1.33478
0.4252 1.33463
0.4253 1.335
0.4254 1.33499
0.4255 1.33555
0.4256 1.33588
0.4257 1.33604
0.4258 1.33661
0.4259 1.33626
0.426 1.33628
0.4261 1.33657
0.4262 1.3365
0.4263 1.33701
0.4264 1.33723
0.4265 1.3375
0.4266 1.33751
0.4267 1.33759
0.4268 1.33759
0.4269 1.33841
0.427 1.33811
0.4271 1.33861
0.4272 1.33879
0.4273 1.33859
0.4274 1.3387
0.4275 1.33907
0.4276 1.33944
0.4277 1.33985
0.4278 1.34046
0.4279 1.34094
0.428 1.34109
0.4281 1.34188
0.4282 1.34208
0.4283 1.3427
0.4284 1.34301
0.4285 1.34344
0.4286 1.34394
0.4287 1.34404
0.4288 1.3446
0.4289 1.34464
0.429 1.34498
0.4291 1.34562
0.4292 1.34586
0.4293 1.34618
0.4294 1.34593
0.4295 1.34571
0.4296 1.34558
0.4297 1.3458
0.4298 1.34609
0.4299 1.3463
0.43 1.34622
0.4301 1.34673
0.4302 1.34756
0.4303 1.3481
0.4304 1.34848
0.4305 1.34869
0.4306 1.34879
0.4307 1.34951
0.4308 1.35003
0.4309 1.35063
0.431 1.3511
0.4311 1.35103
0.4312 1.35055
0.4313 1.3512
0.4314 1.35099
0.4315 1.35124
0.4316 1.35142
0.4317 1.35182
0.4318 1.35224
0.4319 1.35252
0.432 1.35275
0.4321 1.35262
0.4322 1.35326
0.4323 1.35344
0.4324 1.35363
0.4325 1.35384
0.4326 1.35444
0.4327 1.35495
0.4328 1.3556
0.4329 1.3563
0.433 1.35628
0.4331 1.35722
0.4332 1.35696
0.4333 1.35705
0.4334 1.35752
0.4335 1.35796
0.4336 1.35774
0.4337 1.35761
0.4338 1.35758
0.4339 1.35809
0.434 1.35838
0.4341 1.35876
0.4342 1.35889
0.4343 1.35896
0.4344 1.35973
0.4345 1.35993
0.4346 1.36029
0.4347 1.36016
0.4348 1.36069
0.4349 1.36136
0.435 1.36174
0.4351 1.36215
0.4352 1.36205
0.4353 1.36265
0.4354 1.363
0.4355 1.36402
0.4356 1.3645
0.4357 1.3648
0.4358 1.3654
0.4359 1.36523
0.436 1.3652
0.4361 1.36532
0.4362 1.36565
0.4363 1.36562
0.4364 1.36652
0.4365 1.36692
0.4366 1.3673
0.4367 1.36778
0.4368 1.36851
0.4369 1.3695
0.437 1.36982
0.4371 1.3705
0.4372 1.37082
0.4373 1.37092
0.4374 1.37131
0.4375 1.37195
0.4376 1.3718
0.4377 1.37222
0.4378 1.37256
0.4379 1.37324
0.438 1.37334
0.4381 1.37333
0.4382 1.37395
0.4383 1.3742
0.4384 1.37454
0.4385 1.37451
0.4386 1.37496
0.4387 1.37556
0.4388 1.37628
0.4389 1.37651
0.439 1.37699
0.4391 1.37689
0.4392 1.37636
0.4393 1.37656
0.4394 1.37669
0.4395 1.37699
0.4396 1.37733
0.4397 1.37792
0.4398 1.37842
0.4399 1.37881
0.44 1.37957
0.4401 1.37974
0.4402 1.37975
0.4403 1.38087
0.4404 1.38038
0.4405 1.38114
0.4406 1.38124
0.4407 1.38133
0.4408 1.38126
0.4409 1.38136
0.441 1.3818
0.4411 1.38255
0.4412 1.38241
0.4413 1.38263
0.4414 1.38257
0.4415 1.38316
0.4416 1.38331
0.4417 1.38316
0.4418 1.38351
0.4419 1.38358
0.442 1.38395
0.4421 1.38435
0.4422 1.38506
0.4423 1.38518
0.4424 1.38645
0.4425 1.38669
0.4426 1.38645
0.4427 1.38666
0.4428 1.38696
0.4429 1.38751
0.443 1.38784
0.4431 1.38882
0.4432 1.38875
0.4433 1.38857
0.4434 1.38854
0.4435 1.38824
0.4436 1.38852
0.4437 1.38869
0.4438 1.38883
0.4439 1.38903
0.444 1.38963
0.4441 1.3902
0.4442 1.39014
0.4443 1.39042
0.4444 1.39058
0.4445 1.39115
0.4446 1.39143
0.4447 1.39132
0.4448 1.39156
0.4449 1.39234
0.445 1.39262
0.4451 1.39261
0.4452 1.39321
0.4453 1.39394
0.4454 1.39408
0.4455 1.39357
0.4456 1.39384
0.4457 1.39433
0.4458 1.39432
0.4459 1.39498
0.446 1.39486
0.4461 1.39511
0.4462 1.39523
0.4463 1.39542
0.4464 1.39597
0.4465 1.39704
0.4466 1.39753
0.4467 1.39774
0.4468 1.39842
0.4469 1.39929
0.447 1.39952
0.4471 1.39978
0.4472 1.40053
0.4473 1.40086
0.4474 1.40128
0.4475 1.40179
0.4476 1.40262
0.4477 1.40282
0.4478 1.40297
0.4479 1.40296
0.448 1.40269
0.4481 1.40277
0.4482 1.40307
0.4483 1.40348
0.4484 1.40416
0.4485 1.40483
0.4486 1.40594
0.4487 1.40583
0.4488 1.40611
0.4489 1.40624
0.449 1.40655
0.4491 1.4061
0.4492 1.40714
0.4493 1.40721
0.4494 1.40737
0.4495 1.40738
0.4496 1.40731
0.4497 1.40738
0.4498 1.40806
0.4499 1.40858
0.45 1.40913
0.4501 1.4097
0.4502 1.40946
0.4503 1.40917
0.4504 1.40931
0.4505 1.40961
0.4506 1.41022
0.4507 1.41073
0.4508 1.41117
0.4509 1.41114
0.451 1.41134
0.4511 1.4115
0.4512 1.41226
0.4513 1.41253
0.4514 1.41292
0.4515 1.41277
0.4516 1.41288
0.4517 1.41284
0.4518 1.41315
0.4519 1.4134
0.452 1.41365
0.4521 1.41412
0.4522 1.41396
0.4523 1.41412
0.4524 1.41443
0.4525 1.41496
0.4526 1.41542
0.4527 1.41592
0.4528 1.41639
0.4529 1.41691
0.453 1.41719
0.4531 1.41792
0.4532 1.41788
0.4533 1.41842
0.4534 1.41887
0.4535 1.4186
0.4536 1.41907
0.4537 1.41938
0.4538 1.4196
0.4539 1.41977
0.454 1.42046
0.4541 1.42087
0.4542 1.42033
0.4543 1.4209
0.4544 1.42056
0.4545 1.42083
0.4546 1.42137
0.4547 1.42143
0.4548 1.42174
0.4549 1.42145
0.455 1.42192
0.4551 1.42276
0.4552 1.42327
0.4553 1.42358
0.4554 1.42352
0.4555 1.42351
0.4556 1.42386
0.4557 1.42418
0.4558 1.42513
0.4559 1.42591
0.456 1.42601
0.4561 1.42601
0.4562 1.42661
0.4563 1.42672
0.4564 1.42611
0.4565 1.42659
0.4566 1.42688
0.4567 1.42687
0.4568 1.42747
0.4569 1.42819
0.457 1.42871
0.4571 1.42904
0.4572 1.4289
0.4573 1.42865
0.4574 1.42899
0.4575 1.42929
0.4576 1.42952
0.4577 1.4304
0.4578 1.43053
0.4579 1.43081
0.458 1.43114
0.4581 1.43117
0.4582 1.43215
0.4583 1.43296
0.4584 1.43282
0.4585 1.43331
0.4586 1.43369
0.4587 1.43411
0.4588 1.43467
0.4589 1.43557
0.459 1.43562
0.4591 1.43577
0.4592 1.43576
0.4593 1.43554
0.4594 1.43586
0.4595 1.43609
0.4596 1.43628
0.4597 1.43634
0.4598 1.43635
0.4599 1.43653
0.46 1.43702
0.4601 1.43761
0.4602 1.43712
0.4603 1.43716
0.4604 1.43705
0.4605 1.43727
0.4606 1.43754
0.4607 1.43734
0.4608 1.43834
0.4609 1.43903
0.461 1.43957
0.4611 1.43978
0.4612 1.44013
0.4613 1.44119
0.4614 1.44142
0.4615 1.44238
0.4616 1.44254
0.4617 1.44208
0.4618 1.44177
0.4619 1.44182
0.462 1.44219
0.4621 1.44253
0.4622 1.44237
0.4623 1.44241
0.4624 1.44313
0.4625 1.44417
0.4626 1.44444
0.4627 1.4446
0.4628 1.44533
0.4629 1.44528
0.463 1.44553
0.4631 1.44593
0.4632 1.44622
0.4633 1.44634
0.4634 1.44604
0.4635 1.44564
0.4636 1.44661
0.4637 1.44764
0.4638 1.44812
0.4639 1.44771
0.464 1.44789
0.4641 1.44825
0.4642 1.4483
0.4643 1.44843
0.4644 1.44866
0.4645 1.44875
0.4646 1.44928
0.4647 1.44957
0.4648 1.44952
0.4649 1.45026
0.465 1.45018
0.4651 1.4508
0.4652 1.45109
0.4653 1.45083
0.4654 1.4511
0.4655 1.45155
0.4656 1.45242
0.4657 1.45308
0.4658 1.45314
0.4659 1.4536
0.466 1.45381
0.4661 1.45424
0.4662 1.45454
0.4663 1.45455
0.4664 1.45502
0.4665 1.45555
0.4666 1.456
0.4667 1.45662
0.4668 1.45732
0.4669 1.45709
0.467 1.45759
0.4671 1.45744
0.4672 1.45763
0.4673 1.45787
0.4674 1.45847
0.4675 1.45916
0.4676 1.45915
0.4677 1.45938
0.4678 1.45958
0.4679 1.45974
0.468 1.46039
0.4681 1.46045
0.4682 1.46077
0.4683 1.46128
0.4684 1.46171
0.4685 1.46144
0.4686 1.46124
0.4687 1.46132
0.4688 1.46148
0.4689 1.46199
0.469 1.46259
0.4691 1.46355
0.4692 1.4635
0.4693 1.4635
0.4694 1.46405
0.4695 1.46438
0.4696 1.46473
0.4697 1.46496
0.4698 1.46513
0.4699 1.46542
0.47 1.46552
0.4701 1.46583
0.4702 1.46578
0.4703 1.46674
0.4704 1.46701
0.4705 1.46728
0.4706 1.46739
0.4707 1.46749
0.4708 1.46745
0.4709 1.46808
0.471 1.46862
0.4711 1.46838
0.4712 1.4685
0.4713 1.46859
0.4714 1.46903
0.4715 1.46926
0.4716 1.46983
0.4717 1.47026
0.4718 1.47047
0.4719 1.47001
0.472 1.46903
0.4721 1.46927
0.4722 1.46954
0.4723 1.46968
0.4724 1.47013
0.4725 1.47116
0.4726 1.47105
0.4727 1.47147
0.4728 1.47181
0.4729 1.47191
0.473 1.47276
0.4731 1.47289
0.4732 1.47285
0.4733 1.47367
0.4734 1.47409
0.4735 1.47421
0.4736 1.4743
0.4737 1.47508
0.4738 1.47483
0.4739 1.47461
0.474 1.47523
0.4741 1.47449
0.4742 1.47455
0.4743 1.47536
0.4744 1.47579
0.4745 1.4762
0.4746 1.47685
0.4747 1.47683
0.4748 1.47706
0.4749 1.47738
0.475 1.47785
0.4751 1.47778
0.4752 1.47812
0.4753 1.47828
0.4754 1.47877
0.4755 1.47879
0.4756 1.47865
0.4757 1.47871
0.4758 1.47873
0.4759 1.47882
0.476 1.47905
0.4761 1.4794
0.4762 1.47949
0.4763 1.47933
0.4764 1.47968
0.4765 1.48037
0.4766 1.48116
0.4767 1.48157
0.4768 1.48179
0.4769 1.48148
0.477 1.48163
0.4771 1.48152
0.4772 1.48153
0.4773 1.48162
0.4774 1.48226
0.4775 1.48258
0.4776 1.48277
0.4777 1.48373
0.4778 1.48362
0.4779 1.4837
0.478 1.48356
0.4781 1.48325
0.4782 1.48335
0.4783 1.48378
0.4784 1.48438
0.4785 1.48477
0.4786 1.48479
0.4787 1.48538
0.4788 1.48585
0.4789 1.48594
0.479 1.48669
0.4791 1.48687
0.4792 1.48719
0.4793 1.48741
0.4794 1.48758
0.4795 1.48748
0.4796 1.4875
0.4797 1.48776
0.4798 1.48818
0.4799 1.48848
0.48 1.48887
0.4801 1.4886
0.4802 1.48911
0.4803 1.48938
0.4804 1.48898
0.4805 1.48906
0.4806 1.48889
0.4807 1.4889
0.4808 1.4888
0.4809 1.48884
0.481 1.48871
0.4811 1.48847
0.4812 1.48872
0.4813 1.48875
0.4814 1.48887
0.4815 1.48914
0.4816 1.48904
0.4817 1.48907
0.4818 1.48954
0.4819 1.48996
0.482 1.49059
0.4821 1.49009
0.4822 1.49055
0.4823 1.49152
0.4824 1.49154
0.4825 1.49142
0.4826 1.49174
0.4827 1.49175
0.4828 1.49184
0.4829 1.49326
0.483 1.49414
0.4831 1.4936
0.4832 1.49392
0.4833 1.49505
0.4834 1.49561
0.4835 1.4955
0.4836 1.4964
0.4837 1.49603
0.4838 1.49667
0.4839 1.49718
0.484 1.49742
0.4841 1.4976
0.4842 1.49771
0.4843 1.49798
0.4844 1.49787
0.4845 1.4981
0.4846 1.49816
0.4847 1.4984
0.4848 1.49916
0.4849 1.49902
0.485 1.49917
0.4851 1.49855
0.4852 1.49848
0.4853 1.49895
0.4854 1.49918
0.4855 1.49943
0.4856 1.49955
0.4857 1.49942
0.4858 1.49994
0.4859 1.4999
0.486 1.49965
0.4861 1.49983
0.4862 1.50014
0.4863 1.50014
0.4864 1.50012
0.4865 1.49984
0.4866 1.50033
0.4867 1.50061
0.4868 1.50135
0.4869 1.50168
0.487 1.50205
0.4871 1.50199
0.4872 1.50207
0.4873 1.50217
0.4874 1.50271
0.4875 1.50277
0.4876 1.50343
0.4877 1.50417
0.4878 1.50424
0.4879 1.50451
0.488 1.50378
0.4881 1.50437
0.4882 1.5044
0.4883 1.50471
0.4884 1.50478
0.4885 1.50505
0.4886 1.50513
0.4887 1.50572
0.4888 1.50584
0.4889 1.50618
0.489 1.5064
0.4891 1.50654
0.4892 1.50688
0.4893 1.5079
0.4894 1.50773
0.4895 1.50806
0.4896 1.50866
0.4897 1.5087
0.4898 1.50825
0.4899 1.50888
0.49 1.50887
0.4901 1.50933
0.4902 1.50991
0.4903 1.51068
0.4904 1.51128
0.4905 1.51122
0.4906 1.51143
0.4907 1.51201
0.4908 1.51206
0.4909 1.51194
0.491 1.51204
