0 0
0.0001 0.000403542
0.0002 0.00080723
0.0003 0.00119902
0.0004 0.00159738
0.0005 0.00199502
0.0006 0.00237894
0.0007 0.00279236
0.0008 0.00317532
0.0009 0.00358481
0.001 0.00395718
0.0011 0.00434601
0.0012 0.00472753
0.0013 0.0051241
0.0014 0.00551479
0.0015 0.00596606
0.0016 0.00635007
0.0017 0.00672821
0.0018 0.00712395
0.0019 0.00752238
0.002 0.00793296
0.0021 0.008313
0.0022 0.00874286
0.0023 0.00914509
0.0024 0.0095642
0.0025 0.00998309
0.0026 0.0104185
0.0027 0.0108129
0.0028 0.0111732
0.0029 0.0115582
0.003 0.011906
0.0031 0.0123256
0.0032 0.0126757
0.0033 0.013041
0.0034 0.0134912
0.0035 0.0138592
0.0036 0.0142427
0.0037 0.0146073
0.0038 0.0150057
0.0039 0.0153544
0.004 0.0157995
0.0041 0.0161737
0.0042 0.016625
0.0043 0.0169519
0.0044 0.0173879
0.0045 0.0177755
0.0046 0.0181625
0.0047 0.0185767
0.0048 0.0189972
0.0049 0.0194478
0.005 0.0198086
0.0051 0.0201328
0.0052 0.0206234
0.0053 0.0209503
0.0054 0.0213601
0.0055 0.0217534
0.0056 0.0221256
0.0057 0.022467
0.0058 0.0227481
0.0059 0.0230921
0.006 0.0235124
0.0061 0.0238896
0.0062 0.0242718
0.0063 0.0246571
0.0064 0.0249824
0.0065 0.0253986
0.0066 0.025858
0.0067 0.0262358
0.0068 0.0267115
0.0069 0.0271067
0.007 0.0275107
0.0071 0.0279154
0.0072 0.0283047
0.0073 0.0286319
0.0074 0.0289938
0.0075 0.0294095
0.0076 0.0297533
0.0077 0.0301417
0.0078 0.0306175
0.0079 0.031021
0.008 0.0314606
0.0081 0.031867
0.0082 0.0322161
0.0083 0.0326497
0.0084 0.0330375
0.0085 0.0333751
0.0086 0.0337883
0.0087 0.0342478
0.0088 0.0345895
0.0089 0.0349284
0.009 0.035384
0.0091 0.0356397
0.0092 0.0361043
0.0093 0.0364767
0.0094 0.0370581
0.0095 0.037393
0.0096 0.0378994
0.0097 0.038362
0.0098 0.0388429
0.0099 0.0393213
0.01 0.0395856
0.0101 0.0400014
0.0102 0.040311
0.0103 0.0407167
0.0104 0.0411175
0.0105 0.0415401
0.0106 0.0420214
0.0107 0.042427
0.0108 0.0428218
0.0109 0.04318
0.011 0.0436538
0.0111 0.0440421
0.0112 0.0445249
0.0113 0.0448003
0.0114 0.0451942
0.0115 0.0455846
0.0116 0.046016
0.0117 0.0463288
0.0118 0.0466591
0.0119 0.0469996
0.012 0.0473935
0.0121 0.0478632
0.0122 0.0481852
0.0123 0.0485981
0.0124 0.0489182
0.0125 0.0493967
0.0126 0.0498555
0.0127 0.0502246
0.0128 0.0506742
0.0129 0.0511004
0.013 0.0514735
0.0131 0.0518278
0.0132 0.0522493
0.0133 0.0526411
0.0134 0.0530134
0.0135 0.0534392
0.0136 0.0536648
0.0137 0.054024
0.0138 0.0544962
0.0139 0.0547648
0.014 0.0552564
0.0141 0.0556638
0.0142 0.0560212
0.0143 0.0564733
0.0144 0.0568854
0.0145 0.0573843
0.0146 0.0578207
0.0147 0.0581145
0.0148 0.0583581
0.0149 0.0586321
0.015 0.0590643
0.0151 0.0593595
0.0152 0.0597145
0.0153 0.0601274
0.0154 0.0604274
0.0155 0.0608421
0.0156 0.06113
0.0157 0.0614655
0.0158 0.061758
0.0159 0.0619805
0.016 0.0624709
0.0161 0.0628397
0.0162 0.0632669
0.0163 0.0636959
0.0164 0.0639656
0.0165 0.0643565
0.0166 0.0648383
0.0167 0.0651959
0.0168 0.0655467
0.0169 0.0659952
0.017 0.0664279
0.0171 0.0667117
0.0172 0.0671176
0.0173 0.0674319
0.0174 0.0678083
0.0175 0.0682183
0.0176 0.0686305
0.0177 0.0689975
0.0178 0.0693924
0.0179 0.0698007
0.018 0.0702218
0.0181 0.0706575
0.0182 0.0710547
0.0183 0.0714128
0.0184 0.0718032
0.0185 0.072226
0.0186 0.0725726
0.0187 0.0729363
0.0188 0.0732513
0.0189 0.0736705
0.019 0.0740862
0.0191 0.0745064
0.0192 0.0749993
0.0193 0.0753157
0.0194 0.0755681
0.0195 0.0759105
0.0196 0.0763089
0.0197 0.0767837
0.0198 0.0772577
0.0199 0.0777565
0.02 0.0781733
0.0201 0.0785458
0.0202 0.0789281
0.0203 0.0792634
0.0204 0.0798208
0.0205 0.0802468
0.0206 0.0806384
0.0207 0.081178
0.0208 0.0815404
0.0209 0.0818182
0.021 0.0820996
0.0211 0.0823726
0.0212 0.0828372
0.0213 0.0833069
0.0214 0.0835355
0.0215 0.0839132
0.0216 0.0842776
0.0217 0.0847206
0.0218 0.0850407
0.0219 0.0854421
0.022 0.0858634
0.0221 0.0862814
0.0222 0.0866215
0.0223 0.0870944
0.0224 0.0874685
0.0225 0.087922
0.0226 0.088365
0.0227 0.0888417
0.0228 0.0892922
0.0229 0.0896989
0.023 0.090219
0.0231 0.0905697
0.0232 0.0909312
0.0233 0.0912322
0.0234 0.0917042
0.0235 0.0922368
0.0236 0.0926414
0.0237 0.0931061
0.0238 0.0933924
0.0239 0.0936993
0.024 0.0940733
0.0241 0.094466
0.0242 0.0946742
0.0243 0.0950846
0.0244 0.0955215
0.0245 0.0960313
0.0246 0.0962884
0.0247 0.0966791
0.0248 0.0969297
0.0249 0.0971869
0.025 0.0974974
0.0251 0.0978598
0.0252 0.0983675
0.0253 0.098695
0.0254 0.0991517
0.0255 0.099646
0.0256 0.10011
0.0257 0.100289
0.0258 0.100719
0.0259 0.100918
0.026 0.101278
0.0261 0.101618
0.0262 0.101898
0.0263 0.102247
0.0264 0.102504
0.0265 0.102959
0.0266 0.103323
0.0267 0.103677
0.0268 0.104015
0.0269 0.104385
0.027 0.104784
0.0271 0.10512
0.0272 0.105565
0.0273 0.106015
0.0274 0.10638
0.0275 0.106908
0.0276 0.107435
0.0277 0.10792
0.0278 0.108278
0.0279 0.108525
0.028 0.108912
0.0281 0.109215
0.0282 0.109543
0.0283 0.11006
0.0284 0.110238
0.0285 0.110569
0.0286 0.111034
0.0287 0.111544
0.0288 0.111962
0.0289 0.112442
0.029 0.112862
0.0291 0.113247
0.0292 0.113398
0.0293 0.113822
0.0294 0.114171
0.0295 0.114462
0.0296 0.114845
0.0297 0.115435
0.0298 0.115575
0.0299 0.115956
0.03 0.116387
0.0301 0.116827
0.0302 0.117326
0.0303 0.117619
0.0304 0.118109
0.0305 0.118436
0.0306 0.118838
0.0307 0.119092
0.0308 0.119402
0.0309 0.119838
0.031 0.120207
0.0311 0.12049
0.0312 0.12094
0.0313 0.121292
0.0314 0.121606
0.0315 0.122009
0.0316 0.122413
0.0317 0.122731
0.0318 0.123002
0.0319 0.123496
0.032 0.123676
0.0321 0.123943
0.0322 0.124192
0.0323 0.12454
0.0324 0.124807
0.0325 0.125341
0.0326 0.125715
0.0327 0.126026
0.0328 0.126401
0.0329 0.126643
0.033 0.126969
0.0331 0.127255
0.0332 0.127622
0.0333 0.127768
0.0334 0.128111
0.0335 0.128455
0.0336 0.128689
0.0337 0.129004
0.0338 0.12946
0.0339 0.129827
0.034 0.130332
0.0341 0.130713
0.0342 0.131035
0.0343 0.131333
0.0344 0.131601
0.0345 0.13199
0.0346 0.132545
0.0347 0.133036
0.0348 0.133412
0.0349 0.133765
0.035 0.13427
0.0351 0.134708
0.0352 0.13516
0.0353 0.135473
0.0354 0.135909
0.0355 0.136192
0.0356 0.136606
0.0357 0.136985
0.0358 0.137332
0.0359 0.137681
0.036 0.137987
0.0361 0.138395
0.0362 0.138924
0.0363 0.139376
0.0364 0.139689
0.0365 0.140088
0.0366 0.140489
0.0367 0.140893
0.0368 0.141323
0.0369 0.141826
0.037 0.14214
0.0371 0.142449
0.0372 0.143018
0.0373 0.143283
0.0374 0.14345
0.0375 0.143623
0.0376 0.143841
0.0377 0.144168
0.0378 0.14451
0.0379 0.144907
0.038 0.145465
0.0381 0.145674
0.0382 0.146109
0.0383 0.146393
0.0384 0.146641
0.0385 0.147016
0.0386 0.147187
0.0387 0.147615
0.0388 0.147833
0.0389 0.148145
0.039 0.148422
0.0391 0.148722
0.0392 0.149114
0.0393 0.149553
0.0394 0.149919
0.0395 0.150398
0.0396 0.150642
0.0397 0.151009
0.0398 0.151532
0.0399 0.151897
0.04 0.152061
0.0401 0.152396
0.0402 0.152899
0.0403 0.153308
0.0404 0.153691
0.0405 0.153997
0.0406 0.154409
0.0407 0.154758
0.0408 0.154942
0.0409 0.155308
0.041 0.155668
0.0411 0.155953
0.0412 0.156322
0.0413 0.15675
0.0414 0.156966
0.0415 0.157344
0.0416 0.157645
0.0417 0.157869
0.0418 0.158292
0.0419 0.158792
0.042 0.159216
0.0421 0.159848
0.0422 0.160181
0.0423 0.160654
0.0424 0.160856
0.0425 0.161176
0.0426 0.161542
0.0427 0.161926
0.0428 0.162191
0.0429 0.1623
0.043 0.162726
0.0431 0.163015
0.0432 0.163411
0.0433 0.163811
0.0434 0.164179
0.0435 0.164361
0.0436 0.164714
0.0437 0.164823
0.0438 0.165322
0.0439 0.165634
0.044 0.16604
0.0441 0.166411
0.0442 0.166547
0.0443 0.167107
0.0444 0.167511
0.0445 0.167844
0.0446 0.168201
0.0447 0.168516
0.0448 0.168917
0.0449 0.16914
0.045 0.169482
0.0451 0.169832
0.0452 0.170215
0.0453 0.170503
0.0454 0.170968
0.0455 0.171324
0.0456 0.171795
0.0457 0.171921
0.0458 0.172194
0.0459 0.172436
0.046 0.172648
0.0461 0.172984
0.0462 0.173253
0.0463 0.173502
0.0464 0.173851
0.0465 0.174266
0.0466 0.174606
0.0467 0.174853
0.0468 0.174976
0.0469 0.175176
0.047 0.175504
0.0471 0.175644
0.0472 0.176028
0.0473 0.176509
0.0474 0.176926
0.0475 0.176957
0.0476 0.177358
0.0477 0.177518
0.0478 0.178095
0.0479 0.178341
0.048 0.178887
0.0481 0.179356
0.0482 0.180004
0.0483 0.1803
0.0484 0.180547
0.0485 0.180573
0.0486 0.180999
0.0487 0.181501
0.0488 0.181902
0.0489 0.18205
0.049 0.182397
0.0491 0.18265
0.0492 0.182712
0.0493 0.183053
0.0494 0.183505
0.0495 0.183828
0.0496 0.183894
0.0497 0.184429
0.0498 0.184841
0.0499 0.185049
0.05 0.18535
0.0501 0.185927
0.0502 0.186209
0.0503 0.186548
0.0504 0.186781
0.0505 0.187183
0.0506 0.187693
0.0507 0.188004
0.0508 0.188294
0.0509 0.189002
0.051 0.189336
0.0511 0.189488
0.0512 0.189873
0.0513 0.190139
0.0514 0.190527
0.0515 0.190839
0.0516 0.191242
0.0517 0.191558
0.0518 0.191711
0.0519 0.192039
0.052 0.192397
0.0521 0.192666
0.0522 0.192911
0.0523 0.193259
0.0524 0.193501
0.0525 0.193906
0.0526 0.194265
0.0527 0.194593
0.0528 0.194963
0.0529 0.195244
0.053 0.195549
0.0531 0.195759
0.0532 0.196123
0.0533 0.19656
0.0534 0.197018
0.0535 0.197423
0.0536 0.197525
0.0537 0.197795
0.0538 0.198259
0.0539 0.198771
0.054 0.199025
0.0541 0.199338
0.0542 0.199941
0.0543 0.199976
0.0544 0.200366
0.0545 0.200724
0.0546 0.200872
0.0547 0.201211
0.0548 0.201368
0.0549 0.201731
0.055 0.202163
0.0551 0.20256
0.0552 0.202652
0.0553 0.203018
0.0554 0.203399
0.0555 0.20364
0.0556 0.20399
0.0557 0.204195
0.0558 0.204448
0.0559 0.204678
0.056 0.20495
0.0561 0.205588
0.0562 0.20604
0.0563 0.206156
0.0564 0.206608
0.0565 0.206875
0.0566 0.207391
0.0567 0.207751
0.0568 0.208044
0.0569 0.208284
0.057 0.208681
0.0571 0.209004
0.0572 0.209479
0.0573 0.209728
0.0574 0.209645
0.0575 0.210234
0.0576 0.210571
0.0577 0.210912
0.0578 0.211285
0.0579 0.211684
0.058 0.212073
0.0581 0.212358
0.0582 0.212791
0.0583 0.213067
0.0584 0.213402
0.0585 0.213646
0.0586 0.213993
0.0587 0.214252
0.0588 0.214728
0.0589 0.21518
0.059 0.215264
0.0591 0.215498
0.0592 0.215882
0.0593 0.216147
0.0594 0.216587
0.0595 0.217054
0.0596 0.217227
0.0597 0.21742
0.0598 0.217891
0.0599 0.21809
0.06 0.218318
0.0601 0.218746
0.0602 0.219259
0.0603 0.219714
0.0604 0.220172
0.0605 0.220491
0.0606 0.22084
0.0607 0.221213
0.0608 0.221514
0.0609 0.221835
0.061 0.221981
0.0611 0.222442
0.0612 0.223
0.0613 0.223479
0.0614 0.223723
0.0615 0.223966
0.0616 0.224154
0.0617 0.224446
0.0618 0.224878
0.0619 0.225292
0.062 0.225485
0.0621 0.225871
0.0622 0.226057
0.0623 0.226505
0.0624 0.226701
0.0625 0.226941
0.0626 0.227264
0.0627 0.2277
0.0628 0.228166
0.0629 0.228554
0.063 0.228787
0.0631 0.229247
0.0632 0.229473
0.0633 0.229776
0.0634 0.230123
0.0635 0.230774
0.0636 0.230992
0.0637 0.231241
0.0638 0.23175
0.0639 0.232223
0.064 0.232569
0.0641 0.232711
0.0642 0.232715
0.0643 0.233189
0.0644 0.233397
0.0645 0.233624
0.0646 0.233946
0.0647 0.234381
0.0648 0.234795
0.0649 0.235123
0.065 0.2356
0.0651 0.235914
0.0652 0.236424
0.0653 0.236757
0.0654 0.237152
0.0655 0.237412
0.0656 0.237596
0.0657 0.23784
0.0658 0.238246
0.0659 0.238659
0.066 0.238721
0.0661 0.238998
0.0662 0.239186
0.0663 0.239326
0.0664 0.23952
0.0665 0.239852
0.0666 0.240148
0.0667 0.240688
0.0668 0.24107
0.0669 0.241394
0.067 0.241697
0.0671 0.241949
0.0672 0.24219
0.0673 0.242488
0.0674 0.242708
0.0675 0.242979
0.0676 0.243038
0.0677 0.243396
0.0678 0.243622
0.0679 0.243737
0.068 0.244019
0.0681 0.244198
0.0682 0.244581
0.0683 0.244882
0.0684 0.24523
0.0685 0.24556
0.0686 0.245883
0.0687 0.246325
0.0688 0.246478
0.0689 0.246698
0.069 0.24704
0.0691 0.247513
0.0692 0.247845
0.0693 0.2483
0.0694 0.248813
0.0695 0.248862
0.0696 0.249105
0.0697 0.249556
0.0698 0.249887
0.0699 0.250029
0.07 0.250352
0.0701 0.250724
0.0702 0.251083
0.0703 0.251469
0.0704 0.251661
0.0705 0.25211
0.0706 0.252375
0.0707 0.252649
0.0708 0.252959
0.0709 0.253279
0.071 0.253514
0.0711 0.25394
0.0712 0.254368
0.0713 0.254711
0.0714 0.254863
0.0715 0.255372
0.0716 0.25567
0.0717 0.255986
0.0718 0.256261
0.0719 0.256308
0.072 0.256659
0.0721 0.256829
0.0722 0.256919
0.0723 0.257073
0.0724 0.257462
0.0725 0.257866
0.0726 0.258033
0.0727 0.25827
0.0728 0.258302
0.0729 0.258326
0.073 0.258437
0.0731 0.258781
0.0732 0.258872
0.0733 0.25928
0.0734 0.259498
0.0735 0.259889
0.0736 0.260277
0.0737 0.260567
0.0738 0.261029
0.0739 0.261447
0.074 0.261806
0.0741 0.262005
0.0742 0.262473
0.0743 0.262773
0.0744 0.263145
0.0745 0.263448
0.0746 0.263679
0.0747 0.263947
0.0748 0.264123
0.0749 0.264611
0.075 0.265007
0.0751 0.265094
0.0752 0.265549
0.0753 0.265851
0.0754 0.266106
0.0755 0.266424
0.0756 0.266739
0.0757 0.267
0.0758 0.267396
0.0759 0.267693
0.076 0.267958
0.0761 0.268144
0.0762 0.268481
0.0763 0.268706
0.0764 0.268958
0.0765 0.269159
0.0766 0.26937
0.0767 0.269797
0.0768 0.270357
0.0769 0.270626
0.077 0.271095
0.0771 0.271584
0.0772 0.271996
0.0773 0.272162
0.0774 0.27234
0.0775 0.272751
0.0776 0.273096
0.0777 0.273335
0.0778 0.273488
0.0779 0.273922
0.078 0.274349
0.0781 0.274833
0.0782 0.274891
0.0783 0.275367
0.0784 0.275552
0.0785 0.276076
0.0786 0.276403
0.0787 0.276726
0.0788 0.277095
0.0789 0.277405
0.079 0.277603
0.0791 0.277801
0.0792 0.27822
0.0793 0.278751
0.0794 0.279283
0.0795 0.279659
0.0796 0.280161
0.0797 0.280565
0.0798 0.280985
0.0799 0.281278
0.08 0.281613
0.0801 0.281975
0.0802 0.28237
0.0803 0.282639
0.0804 0.282834
0.0805 0.283157
0.0806 0.283563
0.0807 0.28373
0.0808 0.284014
0.0809 0.284331
0.081 0.284686
0.0811 0.28483
0.0812 0.285245
0.0813 0.285646
0.0814 0.285994
0.0815 0.286181
0.0816 0.286487
0.0817 0.286868
0.0818 0.287061
0.0819 0.287462
0.082 0.287655
0.0821 0.288008
0.0822 0.288323
0.0823 0.288695
0.0824 0.28919
0.0825 0.289461
0.0826 0.289684
0.0827 0.290061
0.0828 0.290318
0.0829 0.290825
0.083 0.291044
0.0831 0.291369
0.0832 0.29163
0.0833 0.292197
0.0834 0.292687
0.0835 0.292906
0.0836 0.293302
0.0837 0.293838
0.0838 0.294106
0.0839 0.294499
0.084 0.294852
0.0841 0.294957
0.0842 0.295424
0.0843 0.29554
0.0844 0.2961
0.0845 0.296193
0.0846 0.296534
0.0847 0.296895
0.0848 0.297476
0.0849 0.29815
0.085 0.298394
0.0851 0.298866
0.0852 0.299053
0.0853 0.299279
0.0854 0.299512
0.0855 0.299908
0.0856 0.299936
0.0857 0.300568
0.0858 0.300628
0.0859 0.30076
0.086 0.301016
0.0861 0.301211
0.0862 0.301409
0.0863 0.301614
0.0864 0.301934
0.0865 0.302153
0.0866 0.302532
0.0867 0.302511
0.0868 0.303061
0.0869 0.303443
0.087 0.30363
0.0871 0.303976
0.0872 0.304018
0.0873 0.30409
0.0874 0.304578
0.0875 0.304956
0.0876 0.305113
0.0877 0.305728
0.0878 0.305992
0.0879 0.306288
0.088 0.306607
0.0881 0.306747
0.0882 0.307219
0.0883 0.307337
0.0884 0.307876
0.0885 0.308337
0.0886 0.308808
0.0887 0.308979
0.0888 0.30935
0.0889 0.309642
0.089 0.309895
0.0891 0.310095
0.0892 0.310432
0.0893 0.3109
0.0894 0.311374
0.0895 0.311699
0.0896 0.312149
0.0897 0.312146
0.0898 0.31246
0.0899 0.312565
0.09 0.312995
0.0901 0.313252
0.0902 0.313501
0.0903 0.314082
0.0904 0.314426
0.0905 0.314712
0.0906 0.314858
0.0907 0.315195
0.0908 0.315427
0.0909 0.315716
0.091 0.315715
0.0911 0.316243
0.0912 0.316307
0.0913 0.316666
0.0914 0.316742
0.0915 0.316959
0.0916 0.317305
0.0917 0.317383
0.0918 0.317651
0.0919 0.318156
0.092 0.318684
0.0921 0.319294
0.0922 0.319724
0.0923 0.319835
0.0924 0.320191
0.0925 0.320708
0.0926 0.321108
0.0927 0.321362
0.0928 0.321585
0.0929 0.321906
0.093 0.322109
0.0931 0.322696
0.0932 0.323158
0.0933 0.323479
0.0934 0.32395
0.0935 0.324051
0.0936 0.324202
0.0937 0.324275
0.0938 0.324329
0.0939 0.324742
0.094 0.325185
0.0941 0.325638
0.0942 0.32591
0.0943 0.326275
0.0944 0.326683
0.0945 0.327073
0.0946 0.327254
0.0947 0.327614
0.0948 0.327921
0.0949 0.328108
0.095 0.328125
0.0951 0.328536
0.0952 0.328798
0.0953 0.329021
0.0954 0.329321
0.0955 0.32967
0.0956 0.329626
0.0957 0.329824
0.0958 0.330065
0.0959 0.330044
0.096 0.330124
0.0961 0.330357
0.0962 0.330593
0.0963 0.330977
0.0964 0.331422
0.0965 0.331915
0.0966 0.332279
0.0967 0.332557
0.0968 0.332637
0.0969 0.332937
0.097 0.333457
0.0971 0.333614
0.0972 0.334163
0.0973 0.334718
0.0974 0.334882
0.0975 0.335237
0.0976 0.335293
0.0977 0.335831
0.0978 0.336072
0.0979 0.336434
0.098 0.337012
0.0981 0.337321
0.0982 0.337552
0.0983 0.338217
0.0984 0.338637
0.0985 0.338944
0.0986 0.339571
0.0987 0.339625
0.0988 0.340041
0.0989 0.34058
0.099 0.341008
0.0991 0.341153
0.0992 0.341638
0.0993 0.341842
0.0994 0.342107
0.0995 0.342279
0.0996 0.342478
0.0997 0.342781
0.0998 0.343259
0.0999 0.343457
0.1 0.343489
0.1001 0.343988
0.1002 0.344694
0.1003 0.345219
0.1004 0.345496
0.1005 0.345746
0.1006 0.346068
0.1007 0.34634
0.1008 0.346476
0.1009 0.346839
0.101 0.347213
0.1011 0.347265
0.1012 0.3476
0.1013 0.347915
0.1014 0.348018
0.1015 0.348375
0.1016 0.348727
0.1017 0.348847
0.1018 0.349151
0.1019 0.349568
0.102 0.349822
0.1021 0.349977
0.1022 0.350517
0.1023 0.351096
0.1024 0.351269
0.1025 0.351503
0.1026 0.351608
0.1027 0.351998
0.1028 0.352532
0.1029 0.353366
0.103 0.353496
0.1031 0.353867
0.1032 0.354007
0.1033 0.354317
0.1034 0.354758
0.1035 0.355373
0.1036 0.355572
0.1037 0.355995
0.1038 0.356568
0.1039 0.357016
0.104 0.357327
0.1041 0.357598
0.1042 0.358056
0.1043 0.35836
0.1044 0.358711
0.1045 0.359167
0.1046 0.359412
0.1047 0.360329
0.1048 0.360728
0.1049 0.361093
0.105 0.361391
0.1051 0.361914
0.1052 0.362323
0.1053 0.362723
0.1054 0.362917
0.1055 0.362992
0.1056 0.363537
0.1057 0.363686
0.1058 0.363918
0.1059 0.364223
0.106 0.364605
0.1061 0.364699
0.1062 0.365228
0.1063 0.365334
0.1064 0.365655
0.1065 0.365957
0.1066 0.366397
0.1067 0.366597
0.1068 0.366931
0.1069 0.367176
0.107 0.367777
0.1071 0.368583
0.1072 0.368705
0.1073 0.368793
0.1074 0.369247
0.1075 0.369613
0.1076 0.369847
0.1077 0.37043
0.1078 0.370659
0.1079 0.371153
0.108 0.371579
0.1081 0.372112
0.1082 0.37233
0.1083 0.372698
0.1084 0.372978
0.1085 0.373444
0.1086 0.37364
0.1087 0.373764
0.1088 0.374134
0.1089 0.374544
0.109 0.374741
0.1091 0.37515
0.1092 0.375337
0.1093 0.375784
0.1094 0.376344
0.1095 0.376648
0.1096 0.376969
0.1097 0.377257
0.1098 0.377503
0.1099 0.377939
0.11 0.378016
0.1101 0.378282
0.1102 0.378619
0.1103 0.379127
0.1104 0.379757
0.1105 0.379696
0.1106 0.380022
0.1107 0.380197
0.1108 0.380641
0.1109 0.380928
0.111 0.381023
0.1111 0.381173
0.1112 0.381628
0.1113 0.382015
0.1114 0.382237
0.1115 0.382646
0.1116 0.383039
0.1117 0.38353
0.1118 0.383799
0.1119 0.384314
0.112 0.38489
0.1121 0.385498
0.1122 0.385793
0.1123 0.386066
0.1124 0.386156
0.1125 0.38643
0.1126 0.38667
0.1127 0.386956
0.1128 0.387241
0.1129 0.387287
0.113 0.387701
0.1131 0.388046
0.1132 0.388231
0.1133 0.3886
0.1134 0.388907
0.1135 0.389148
0.1136 0.389487
0.1137 0.38968
0.1138 0.389952
0.1139 0.38998
0.114 0.390382
0.1141 0.3906
0.1142 0.390783
0.1143 0.390856
0.1144 0.391032
0.1145 0.391358
0.1146 0.391846
0.1147 0.392409
0.1148 0.392803
0.1149 0.39315
0.115 0.393461
0.1151 0.393567
0.1152 0.393855
0.1153 0.394025
0.1154 0.394088
0.1155 0.39438
0.1156 0.39457
0.1157 0.394486
0.1158 0.394669
0.1159 0.395041
0.116 0.395097
0.1161 0.395379
0.1162 0.395956
0.1163 0.396348
0.1164 0.396939
0.1165 0.397469
0.1166 0.397807
0.1167 0.39787
0.1168 0.398143
0.1169 0.398682
0.117 0.398974
0.1171 0.398999
0.1172 0.399102
0.1173 0.399229
0.1174 0.399663
0.1175 0.399996
0.1176 0.400391
0.1177 0.400605
0.1178 0.401048
0.1179 0.401559
0.118 0.401622
0.1181 0.402118
0.1182 0.402313
0.1183 0.402322
0.1184 0.402547
0.1185 0.403066
0.1186 0.403603
0.1187 0.404073
0.1188 0.404704
0.1189 0.405181
0.119 0.405379
0.1191 0.405257
0.1192 0.405317
0.1193 0.405698
0.1194 0.405966
0.1195 0.406618
0.1196 0.40678
0.1197 0.4074
0.1198 0.407933
0.1199 0.408258
0.12 0.408787
0.1201 0.408886
0.1202 0.409357
0.1203 0.409807
0.1204 0.41026
0.1205 0.410553
0.1206 0.411034
0.1207 0.411297
0.1208 0.411877
0.1209 0.412114
0.121 0.412454
0.1211 0.412701
0.1212 0.412864
0.1213 0.413233
0.1214 0.413785
0.1215 0.414198
0.1216 0.41438
0.1217 0.414418
0.1218 0.41471
0.1219 0.41512
0.122 0.415217
0.1221 0.415434
0.1222 0.41603
0.1223 0.416159
0.1224 0.416421
0.1225 0.41665
0.1226 0.416971
0.1227 0.417259
0.1228 0.417534
0.1229 0.418053
0.123 0.418571
0.1231 0.419133
0.1232 0.419222
0.1233 0.419755
0.1234 0.420326
0.1235 0.42072
0.1236 0.421162
0.1237 0.421399
0.1238 0.421848
0.1239 0.42228
0.124 0.4226
0.1241 0.422909
0.1242 0.423202
0.1243 0.423781
0.1244 0.424259
0.1245 0.424377
0.1246 0.424686
0.1247 0.425364
0.1248 0.426057
0.1249 0.426411
0.125 0.42676
0.1251 0.427113
0.1252 0.42723
0.1253 0.427362
0.1254 0.427515
0.1255 0.427835
0.1256 0.4279
0.1257 0.428528
0.1258 0.428757
0.1259 0.428999
0.126 0.429386
0.1261 0.429816
0.1262 0.430246
0.1263 0.430454
0.1264 0.43061
0.1265 0.430663
0.1266 0.431335
0.1267 0.431691
0.1268 0.432089
0.1269 0.432426
0.127 0.432845
0.1271 0.433253
0.1272 0.433495
0.1273 0.433733
0.1274 0.434007
0.1275 0.434593
0.1276 0.435078
0.1277 0.43511
0.1278 0.435367
0.1279 0.436006
0.128 0.436421
0.1281 0.436645
0.1282 0.436817
0.1283 0.436884
0.1284 0.43708
0.1285 0.437297
0.1286 0.437789
0.1287 0.438591
0.1288 0.438939
0.1289 0.439019
0.129 0.439369
0.1291 0.439604
0.1292 0.44006
0.1293 0.440498
0.1294 0.440851
0.1295 0.441064
0.1296 0.441503
0.1297 0.44177
0.1298 0.442196
0.1299 0.442882
0.13 0.443126
0.1301 0.443256
0.1302 0.443394
0.1303 0.443515
0.1304 0.443935
0.1305 0.444464
0.1306 0.44449
0.1307 0.44484
0.1308 0.44545
0.1309 0.445999
0.131 0.44641
0.1311 0.446595
0.1312 0.446595
0.1313 0.446823
0.1314 0.446711
0.1315 0.446793
0.1316 0.447166
0.1317 0.44758
0.1318 0.447714
0.1319 0.448155
0.132 0.448693
0.1321 0.448985
0.1322 0.449494
0.1323 0.449682
0.1324 0.44981
0.1325 0.450399
0.1326 0.450669
0.1327 0.451038
0.1328 0.451609
0.1329 0.451997
0.133 0.452264
0.1331 0.452464
0.1332 0.452766
0.1333 0.453032
0.1334 0.453451
0.1335 0.453935
0.1336 0.454041
0.1337 0.454554
0.1338 0.454939
0.1339 0.455318
0.134 0.455659
0.1341 0.455998
0.1342 0.456157
0.1343 0.456594
0.1344 0.456742
0.1345 0.457024
0.1346 0.45727
0.1347 0.457822
0.1348 0.458478
0.1349 0.458548
0.135 0.458957
0.1351 0.459461
0.1352 0.460161
0.1353 0.460354
0.1354 0.460532
0.1355 0.460776
0.1356 0.461211
0.1357 0.461695
0.1358 0.461989
0.1359 0.462233
0.136 0.462548
0.1361 0.462865
0.1362 0.463192
0.1363 0.463483
0.1364 0.46409
0.1365 0.464362
0.1366 0.464672
0.1367 0.464487
0.1368 0.465055
0.1369 0.465465
0.137 0.465737
0.1371 0.466284
0.1372 0.466557
0.1373 0.466775
0.1374 0.466924
0.1375 0.467066
0.1376 0.46725
0.1377 0.467336
0.1378 0.467724
0.1379 0.468267
0.138 0.468249
0.1381 0.468642
0.1382 0.468717
0.1383 0.469393
0.1384 0.469439
0.1385 0.469757
0.1386 0.469991
0.1387 0.470445
0.1388 0.470731
0.1389 0.470712
0.139 0.471116
0.1391 0.471133
0.1392 0.471323
0.1393 0.471623
0.1394 0.472204
0.1395 0.47246
0.1396 0.472854
0.1397 0.473306
0.1398 0.473522
0.1399 0.473686
0.14 0.47359
0.1401 0.473884
0.1402 0.474309
0.1403 0.474442
0.1404 0.474943
0.1405 0.475178
0.1406 0.475429
0.1407 0.476168
0.1408 0.476311
0.1409 0.476697
0.141 0.477301
0.1411 0.477696
0.1412 0.478179
0.1413 0.478058
0.1414 0.478668
0.1415 0.479034
0.1416 0.479227
0.1417 0.479794
0.1418 0.480209
0.1419 0.480443
0.142 0.480369
0.1421 0.480571
0.1422 0.480703
0.1423 0.481128
0.1424 0.481556
0.1425 0.481703
0.1426 0.482096
0.1427 0.4825
0.1428 0.483014
0.1429 0.483244
0.143 0.483557
0.1431 0.483729
0.1432 0.48409
0.1433 0.484365
0.1434 0.484713
0.1435 0.484989
0.1436 0.48524
0.1437 0.485304
0.1438 0.484902
0.1439 0.485057
0.144 0.485525
0.1441 0.485645
0.1442 0.485857
0.1443 0.486031
0.1444 0.486626
0.1445 0.486894
0.1446 0.48734
0.1447 0.487716
0.1448 0.488226
0.1449 0.48839
0.145 0.488731
0.1451 0.488996
0.1452 0.489573
0.1453 0.489804
0.1454 0.489798
0.1455 0.490265
0.1456 0.490503
0.1457 0.490967
0.1458 0.491174
0.1459 0.491299
0.146 0.491803
0.1461 0.492383
0.1462 0.492806
0.1463 0.493328
0.1464 0.493481
0.1465 0.493864
0.1466 0.494055
0.1467 0.494061
0.1468 0.49414
0.1469 0.494542
0.147 0.494912
0.1471 0.49521
0.1472 0.495457
0.1473 0.495616
0.1474 0.495878
0.1475 0.496074
0.1476 0.496609
0.1477 0.49694
0.1478 0.497448
0.1479 0.497852
0.148 0.497888
0.1481 0.498163
0.1482 0.498737
0.1483 0.499132
0.1484 0.49947
0.1485 0.499522
0.1486 0.499617
0.1487 0.499982
0.1488 0.500084
0.1489 0.500144
0.149 0.500742
0.1491 0.500905
0.1492 0.501431
0.1493 0.501587
0.1494 0.501606
0.1495 0.502107
0.1496 0.502223
0.1497 0.502601
0.1498 0.50292
0.1499 0.503384
0.15 0.503878
0.1501 0.504347
0.1502 0.504703
0.1503 0.505219
0.1504 0.505482
0.1505 0.505694
0.1506 0.506033
0.1507 0.506913
0.1508 0.507102
0.1509 0.507549
0.151 0.508189
0.1511 0.508683
0.1512 0.50901
0.1513 0.509442
0.1514 0.509925
0.1515 0.510256
0.1516 0.51079
0.1517 0.511116
0.1518 0.511596
0.1519 0.511743
0.152 0.512237
0.1521 0.512353
0.1522 0.512691
0.1523 0.512877
0.1524 0.51307
0.1525 0.513359
0.1526 0.513912
0.1527 0.514423
0.1528 0.514747
0.1529 0.515396
0.153 0.515727
0.1531 0.515484
0.1532 0.515966
0.1533 0.516077
0.1534 0.516475
0.1535 0.516864
0.1536 0.517126
0.1537 0.517511
0.1538 0.51785
0.1539 0.518171
0.154 0.51834
0.1541 0.518653
0.1542 0.518833
0.1543 0.51903
0.1544 0.519412
0.1545 0.519549
0.1546 0.5198
0.1547 0.520031
0.1548 0.520613
0.1549 0.521266
0.155 0.52193
0.1551 0.521914
0.1552 0.522312
0.1553 0.52285
0.1554 0.523153
0.1555 0.52351
0.1556 0.524177
0.1557 0.524255
0.1558 0.52458
0.1559 0.525574
0.156 0.526112
0.1561 0.525991
0.1562 0.526402
0.1563 0.526443
0.1564 0.526574
0.1565 0.52674
0.1566 0.526914
0.1567 0.527576
0.1568 0.527669
0.1569 0.527574
0.157 0.5281
0.1571 0.52811
0.1572 0.528804
0.1573 0.528847
0.1574 0.528397
0.1575 0.528609
0.1576 0.529085
0.1577 0.529657
0.1578 0.529685
0.1579 0.530004
0.158 0.530031
0.1581 0.530639
0.1582 0.53081
0.1583 0.531266
0.1584 0.53149
0.1585 0.531798
0.1586 0.532124
0.1587 0.532799
0.1588 0.533166
0.1589 0.53371
0.159 0.533795
0.1591 0.534227
0.1592 0.534583
0.1593 0.534902
0.1594 0.53517
0.1595 0.535186
0.1596 0.535939
0.1597 0.536065
0.1598 0.536041
0.1599 0.536291
0.16 0.536732
0.1601 0.537003
0.1602 0.537143
0.1603 0.537621
0.1604 0.538128
0.1605 0.538403
0.1606 0.538165
0.1607 0.538653
0.1608 0.538977
0.1609 0.538913
0.161 0.539295
0.1611 0.53953
0.1612 0.539804
0.1613 0.540156
0.1614 0.540541
0.1615 0.540835
0.1616 0.541399
0.1617 0.541516
0.1618 0.541666
0.1619 0.541791
0.162 0.542251
0.1621 0.542327
0.1622 0.542589
0.1623 0.542369
0.1624 0.542668
0.1625 0.54355
0.1626 0.543661
0.1627 0.544139
0.1628 0.544212
0.1629 0.544766
0.163 0.544826
0.1631 0.545001
0.1632 0.545243
0.1633 0.545784
0.1634 0.545945
0.1635 0.546195
0.1636 0.546487
0.1637 0.54677
0.1638 0.54706
0.1639 0.547475
0.164 0.547939
0.1641 0.548314
0.1642 0.548756
0.1643 0.549189
0.1644 0.549522
0.1645 0.549547
0.1646 0.55007
0.1647 0.55032
0.1648 0.550744
0.1649 0.551243
0.165 0.551747
0.1651 0.552145
0.1652 0.552502
0.1653 0.55319
0.1654 0.553823
0.1655 0.554196
0.1656 0.554636
0.1657 0.55482
0.1658 0.555176
0.1659 0.555563
0.166 0.555919
0.1661 0.556357
0.1662 0.556732
0.1663 0.557001
0.1664 0.557364
0.1665 0.557563
0.1666 0.557853
0.1667 0.558055
0.1668 0.558745
0.1669 0.559234
0.167 0.559434
0.1671 0.559711
0.1672 0.559644
0.1673 0.559905
0.1674 0.560129
0.1675 0.560349
0.1676 0.56013
0.1677 0.560515
0.1678 0.560823
0.1679 0.561455
0.168 0.561979
0.1681 0.562054
0.1682 0.562153
0.1683 0.562264
0.1684 0.562761
0.1685 0.56288
0.1686 0.563219
0.1687 0.563174
0.1688 0.563886
0.1689 0.564307
0.169 0.564627
0.1691 0.56458
0.1692 0.565334
0.1693 0.565884
0.1694 0.565875
0.1695 0.566298
0.1696 0.56669
0.1697 0.566759
0.1698 0.567063
0.1699 0.567639
0.17 0.567589
0.1701 0.568083
0.1702 0.568262
0.1703 0.56858
0.1704 0.569289
0.1705 0.569854
0.1706 0.56997
0.1707 0.570625
0.1708 0.570936
0.1709 0.570931
0.171 0.571513
0.1711 0.5715
0.1712 0.57186
0.1713 0.572344
0.1714 0.572372
0.1715 0.572479
0.1716 0.572884
0.1717 0.573372
0.1718 0.573745
0.1719 0.57404
0.172 0.574742
0.1721 0.575047
0.1722 0.575286
0.1723 0.575729
0.1724 0.575784
0.1725 0.576407
0.1726 0.576288
0.1727 0.576644
0.1728 0.57726
0.1729 0.577828
0.173 0.577929
0.1731 0.578509
0.1732 0.578699
0.1733 0.578967
0.1734 0.579367
0.1735 0.579629
0.1736 0.579721
0.1737 0.58004
0.1738 0.580189
0.1739 0.58065
0.174 0.581025
0.1741 0.581194
0.1742 0.581141
0.1743 0.58132
0.1744 0.58178
0.1745 0.582141
0.1746 0.581972
0.1747 0.582346
0.1748 0.582814
0.1749 0.583067
0.175 0.583218
0.1751 0.583253
0.1752 0.583969
0.1753 0.584005
0.1754 0.584509
0.1755 0.585234
0.1756 0.585589
0.1757 0.58576
0.1758 0.585917
0.1759 0.586437
0.176 0.586596
0.1761 0.586985
0.1762 0.587258
0.1763 0.587485
0.1764 0.587577
0.1765 0.587909
0.1766 0.588041
0.1767 0.588566
0.1768 0.588911
0.1769 0.589331
0.177 0.589568
0.1771 0.589607
0.1772 0.589747
0.1773 0.590056
0.1774 0.590246
0.1775 0.590092
0.1776 0.590532
0.1777 0.590848
0.1778 0.591054
0.1779 0.591074
0.178 0.591334
0.1781 0.591776
0.1782 0.591999
0.1783 0.59254
0.1784 0.592932
0.1785 0.593135
0.1786 0.593669
0.1787 0.593702
0.1788 0.594089
0.1789 0.594604
0.179 0.594577
0.1791 0.595018
0.1792 0.595479
0.1793 0.595721
0.1794 0.596436
0.1795 0.596355
0.1796 0.597003
0.1797 0.596963
0.1798 0.597235
0.1799 0.59731
0.18 0.597854
0.1801 0.597853
0.1802 0.598008
0.1803 0.598069
0.1804 0.598386
0.1805 0.59871
0.1806 0.598953
0.1807 0.599099
0.1808 0.599658
0.1809 0.599947
0.181 0.599991
0.1811 0.600359
0.1812 0.600812
0.1813 0.601258
0.1814 0.601585
0.1815 0.601752
0.1816 0.602006
0.1817 0.6024
0.1818 0.602944
0.1819 0.603172
0.182 0.603603
0.1821 0.603863
0.1822 0.604208
0.1823 0.604656
0.1824 0.604974
0.1825 0.605257
0.1826 0.605709
0.1827 0.605948
0.1828 0.606516
0.1829 0.607166
0.183 0.607405
0.1831 0.607699
0.1832 0.607838
0.1833 0.608433
0.1834 0.609004
0.1835 0.609158
0.1836 0.609616
0.1837 0.61009
0.1838 0.61047
0.1839 0.610611
0.184 0.611004
0.1841 0.611202
0.1842 0.61127
0.1843 0.61107
0.1844 0.611139
0.1845 0.611374
0.1846 0.611652
0.1847 0.611743
0.1848 0.611799
0.1849 0.612407
0.185 0.612469
0.1851 0.61329
0.1852 0.61352
0.1853 0.61392
0.1854 0.614313
0.1855 0.614387
0.1856 0.615018
0.1857 0.615212
0.1858 0.61568
0.1859 0.615596
0.186 0.616255
0.1861 0.616943
0.1862 0.617048
0.1863 0.617317
0.1864 0.617923
0.1865 0.618441
0.1866 0.619443
0.1867 0.619892
0.1868 0.62007
0.1869 0.620182
0.187 0.620285
0.1871 0.620388
0.1872 0.620589
0.1873 0.620814
0.1874 0.621243
0.1875 0.621147
0.1876 0.621235
0.1877 0.62154
0.1878 0.622253
0.1879 0.62214
0.188 0.623102
0.1881 0.623851
0.1882 0.624214
0.1883 0.624516
0.1884 0.625135
0.1885 0.625471
0.1886 0.62592
0.1887 0.626746
0.1888 0.626948
0.1889 0.627067
0.189 0.627351
0.1891 0.627416
0.1892 0.627469
0.1893 0.627723
0.1894 0.628353
0.1895 0.62846
0.1896 0.628449
0.1897 0.628711
0.1898 0.629502
0.1899 0.629663
0.19 0.630305
0.1901 0.630869
0.1902 0.631372
0.1903 0.631845
0.1904 0.632437
0.1905 0.632875
0.1906 0.633102
0.1907 0.633296
0.1908 0.633203
0.1909 0.633382
0.191 0.633824
0.1911 0.633782
0.1912 0.63398
0.1913 0.633865
0.1914 0.634199
0.1915 0.634123
0.1916 0.634219
0.1917 0.634391
0.1918 0.634512
0.1919 0.634145
0.192 0.634357
0.1921 0.634947
0.1922 0.635417
0.1923 0.635396
0.1924 0.635511
0.1925 0.635838
0.1926 0.636095
0.1927 0.636262
0.1928 0.636562
0.1929 0.636965
0.193 0.636932
0.1931 0.637239
0.1932 0.637667
0.1933 0.637498
0.1934 0.637725
0.1935 0.638121
0.1936 0.638756
0.1937 0.639221
0.1938 0.639443
0.1939 0.639667
0.194 0.639971
0.1941 0.640688
0.1942 0.640976
0.1943 0.641105
0.1944 0.641706
0.1945 0.641798
0.1946 0.641844
0.1947 0.642047
0.1948 0.642319
0.1949 0.6427
0.195 0.643313
0.1951 0.643688
0.1952 0.644177
0.1953 0.644476
0.1954 0.644711
0.1955 0.645255
0.1956 0.645604
0.1957 0.645702
0.1958 0.645803
0.1959 0.645714
0.196 0.645972
0.1961 0.64627
0.1962 0.646242
0.1963 0.646969
0.1964 0.647017
0.1965 0.647455
0.1966 0.647767
0.1967 0.648068
0.1968 0.648958
0.1969 0.649375
0.197 0.649916
0.1971 0.650108
0.1972 0.65027
0.1973 0.650573
0.1974 0.651199
0.1975 0.651144
0.1976 0.651545
0.1977 0.652234
0.1978 0.652649
0.1979 0.653037
0.198 0.653026
0.1981 0.653645
0.1982 0.654011
0.1983 0.654098
0.1984 0.65455
0.1985 0.65513
0.1986 0.655671
0.1987 0.655969
0.1988 0.655977
0.1989 0.656498
0.199 0.656608
0.1991 0.65685
0.1992 0.657123
0.1993 0.65771
0.1994 0.658011
0.1995 0.658544
0.1996 0.658806
0.1997 0.658581
0.1998 0.658702
0.1999 0.658872
0.2 0.658789
0.2001 0.659268
0.2002 0.658977
0.2003 0.659053
0.2004 0.659626
0.2005 0.660265
0.2006 0.660817
0.2007 0.661455
0.2008 0.661796
0.2009 0.662347
0.201 0.662398
0.2011 0.662617
0.2012 0.662898
0.2013 0.663482
0.2014 0.663815
0.2015 0.664166
0.2016 0.664301
0.2017 0.664733
0.2018 0.665146
0.2019 0.665482
0.202 0.665436
0.2021 0.665747
0.2022 0.666181
0.2023 0.666507
0.2024 0.666749
0.2025 0.666765
0.2026 0.667021
0.2027 0.667588
0.2028 0.668606
0.2029 0.669031
0.203 0.66948
0.2031 0.669623
0.2032 0.669574
0.2033 0.669889
0.2034 0.670336
0.2035 0.670724
0.2036 0.671156
0.2037 0.671682
0.2038 0.672098
0.2039 0.672573
0.204 0.67283
0.2041 0.673073
0.2042 0.673234
0.2043 0.673352
0.2044 0.673588
0.2045 0.673818
0.2046 0.6745
0.2047 0.67491
0.2048 0.675599
0.2049 0.675755
0.205 0.675931
0.2051 0.676179
0.2052 0.67657
0.2053 0.677215
0.2054 0.677445
0.2055 0.677745
0.2056 0.677796
0.2057 0.678112
0.2058 0.678099
0.2059 0.678507
0.206 0.679193
0.2061 0.679623
0.2062 0.679724
0.2063 0.67998
0.2064 0.680612
0.2065 0.680943
0.2066 0.680901
0.2067 0.681392
0.2068 0.681589
0.2069 0.682067
0.207 0.681917
0.2071 0.681983
0.2072 0.682516
0.2073 0.682415
0.2074 0.682769
0.2075 0.682806
0.2076 0.682801
0.2077 0.682849
0.2078 0.682943
0.2079 0.683352
0.208 0.683995
0.2081 0.684441
0.2082 0.684698
0.2083 0.684641
0.2084 0.684867
0.2085 0.685171
0.2086 0.685246
0.2087 0.685673
0.2088 0.685762
0.2089 0.686482
0.209 0.686799
0.2091 0.686999
0.2092 0.687279
0.2093 0.687662
0.2094 0.688524
0.2095 0.688985
0.2096 0.688975
0.2097 0.688855
0.2098 0.689123
0.2099 0.689087
0.21 0.689374
0.2101 0.689698
0.2102 0.690166
0.2103 0.690273
0.2104 0.690389
0.2105 0.690793
0.2106 0.691258
0.2107 0.691714
0.2108 0.691844
0.2109 0.692275
0.211 0.692612
0.2111 0.692933
0.2112 0.693223
0.2113 0.694001
0.2114 0.694107
0.2115 0.694261
0.2116 0.694393
0.2117 0.694554
0.2118 0.694944
0.2119 0.695232
0.212 0.695662
0.2121 0.696068
0.2122 0.696482
0.2123 0.697027
0.2124 0.697521
0.2125 0.697778
0.2126 0.698083
0.2127 0.697906
0.2128 0.698627
0.2129 0.698831
0.213 0.698679
0.2131 0.699172
0.2132 0.699616
0.2133 0.700078
0.2134 0.699946
0.2135 0.700312
0.2136 0.700594
0.2137 0.700349
0.2138 0.700778
0.2139 0.700776
0.214 0.701181
0.2141 0.701274
0.2142 0.701451
0.2143 0.70241
0.2144 0.702368
0.2145 0.702507
0.2146 0.703063
0.2147 0.703609
0.2148 0.703728
0.2149 0.704682
0.215 0.704688
0.2151 0.705069
0.2152 0.70515
0.2153 0.705488
0.2154 0.70595
0.2155 0.706147
0.2156 0.706705
0.2157 0.707034
0.2158 0.707551
0.2159 0.708141
0.216 0.708329
0.2161 0.709088
0.2162 0.709101
0.2163 0.709461
0.2164 0.709984
0.2165 0.71042
0.2166 0.710548
0.2167 0.710923
0.2168 0.710871
0.2169 0.711426
0.217 0.711717
0.2171 0.711905
0.2172 0.712063
0.2173 0.71285
0.2174 0.712893
0.2175 0.713151
0.2176 0.713271
0.2177 0.71332
0.2178 0.713579
0.2179 0.714074
0.218 0.714522
0.2181 0.714875
0.2182 0.715427
0.2183 0.716322
0.2184 0.71665
0.2185 0.716873
0.2186 0.717062
0.2187 0.71715
0.2188 0.717302
0.2189 0.717834
0.219 0.71832
0.2191 0.719004
0.2192 0.719602
0.2193 0.720139
0.2194 0.72039
0.2195 0.72043
0.2196 0.720991
0.2197 0.72153
0.2198 0.722147
0.2199 0.721998
0.22 0.721843
0.2201 0.722301
0.2202 0.722501
0.2203 0.722713
0.2204 0.723464
0.2205 0.723481
0.2206 0.723898
0.2207 0.72387
0.2208 0.724152
0.2209 0.724214
0.221 0.724365
0.2211 0.725343
0.2212 0.725579
0.2213 0.726302
0.2214 0.726777
0.2215 0.727123
0.2216 0.727608
0.2217 0.728315
0.2218 0.728253
0.2219 0.728381
0.222 0.728424
0.2221 0.728584
0.2222 0.728719
0.2223 0.728834
0.2224 0.729242
0.2225 0.729681
0.2226 0.729988
0.2227 0.730052
0.2228 0.730273
0.2229 0.730389
0.223 0.730905
0.2231 0.731068
0.2232 0.731189
0.2233 0.731466
0.2234 0.731665
0.2235 0.732473
0.2236 0.732504
0.2237 0.732959
0.2238 0.732984
0.2239 0.733414
0.224 0.733794
0.2241 0.733927
0.2242 0.734298
0.2243 0.734747
0.2244 0.735118
0.2245 0.735163
0.2246 0.735337
0.2247 0.735719
0.2248 0.73599
0.2249 0.736126
0.225 0.736254
0.2251 0.736544
0.2252 0.736703
0.2253 0.737339
0.2254 0.737967
0.2255 0.738024
0.2256 0.738823
0.2257 0.738835
0.2258 0.739456
0.2259 0.739663
0.226 0.74045
0.2261 0.740958
0.2262 0.740862
0.2263 0.741352
0.2264 0.741637
0.2265 0.741723
0.2266 0.74174
0.2267 0.742299
0.2268 0.74247
0.2269 0.743051
0.227 0.743489
0.2271 0.743724
0.2272 0.744353
0.2273 0.744563
0.2274 0.74462
0.2275 0.745382
0.2276 0.74551
0.2277 0.745822
0.2278 0.746037
0.2279 0.746325
0.228 0.746776
0.2281 0.74699
0.2282 0.74726
0.2283 0.7474
0.2284 0.74789
0.2285 0.748114
0.2286 0.748739
0.2287 0.74955
0.2288 0.749937
0.2289 0.750187
0.229 0.750539
0.2291 0.750654
0.2292 0.75087
0.2293 0.751195
0.2294 0.751776
0.2295 0.752642
0.2296 0.753028
0.2297 0.753312
0.2298 0.753912
0.2299 0.754285
0.23 0.754676
0.2301 0.75524
0.2302 0.755523
0.2303 0.755826
0.2304 0.756316
0.2305 0.756485
0.2306 0.756439
0.2307 0.756914
0.2308 0.757374
0.2309 0.758077
0.231 0.758541
0.2311 0.759085
0.2312 0.759556
0.2313 0.760311
0.2314 0.760592
0.2315 0.761046
0.2316 0.761111
0.2317 0.76164
0.2318 0.76182
0.2319 0.762452
0.232 0.762494
0.2321 0.763186
0.2322 0.763498
0.2323 0.76424
0.2324 0.764606
0.2325 0.764469
0.2326 0.765011
0.2327 0.765211
0.2328 0.765753
0.2329 0.765909
0.233 0.766012
0.2331 0.76605
0.2332 0.766658
0.2333 0.766749
0.2334 0.766968
0.2335 0.767801
0.2336 0.767879
0.2337 0.768152
0.2338 0.768515
0.2339 0.769106
0.234 0.769522
0.2341 0.769623
0.2342 0.770306
0.2343 0.770454
0.2344 0.77056
0.2345 0.770972
0.2346 0.771324
0.2347 0.771091
0.2348 0.770928
0.2349 0.771472
0.235 0.771774
0.2351 0.772375
0.2352 0.772739
0.2353 0.772965
0.2354 0.773297
0.2355 0.773622
0.2356 0.774326
0.2357 0.774285
0.2358 0.774476
0.2359 0.774835
0.236 0.774797
0.2361 0.77546
0.2362 0.776205
0.2363 0.776156
0.2364 0.776171
0.2365 0.776546
0.2366 0.776948
0.2367 0.777193
0.2368 0.777678
0.2369 0.778028
0.237 0.778519
0.2371 0.779107
0.2372 0.779381
0.2373 0.779516
0.2374 0.779823
0.2375 0.779692
0.2376 0.77994
0.2377 0.780153
0.2378 0.78051
0.2379 0.780718
0.238 0.781121
0.2381 0.781344
0.2382 0.781729
0.2383 0.781929
0.2384 0.782453
0.2385 0.782498
0.2386 0.782415
0.2387 0.782945
0.2388 0.782931
0.2389 0.783305
0.239 0.783597
0.2391 0.783857
0.2392 0.783948
0.2393 0.784552
0.2394 0.784822
0.2395 0.784947
0.2396 0.785491
0.2397 0.786404
0.2398 0.786908
0.2399 0.787383
0.24 0.787505
0.2401 0.787794
0.2402 0.788033
0.2403 0.788371
0.2404 0.788434
0.2405 0.788453
0.2406 0.788886
0.2407 0.789023
0.2408 0.789525
0.2409 0.790202
0.241 0.790384
0.2411 0.790714
0.2412 0.790932
0.2413 0.791059
0.2414 0.791184
0.2415 0.791469
0.2416 0.791855
0.2417 0.792382
0.2418 0.79231
0.2419 0.792834
0.242 0.793472
0.2421 0.793727
0.2422 0.794035
0.2423 0.794127
0.2424 0.794477
0.2425 0.794427
0.2426 0.794512
0.2427 0.794724
0.2428 0.795171
0.2429 0.79534
0.243 0.795697
0.2431 0.79606
0.2432 0.796495
0.2433 0.797056
0.2434 0.797049
0.2435 0.79782
0.2436 0.798503
0.2437 0.798753
0.2438 0.798669
0.2439 0.798585
0.244 0.799147
0.2441 0.799753
0.2442 0.799514
0.2443 0.799672
0.2444 0.800052
0.2445 0.80043
0.2446 0.800795
0.2447 0.800787
0.2448 0.80098
0.2449 0.80119
0.245 0.801852
0.2451 0.802583
0.2452 0.80253
0.2453 0.80291
0.2454 0.803342
0.2455 0.803836
0.2456 0.803848
0.2457 0.803779
0.2458 0.804365
0.2459 0.804497
0.246 0.805434
0.2461 0.805313
0.2462 0.805209
0.2463 0.80548
0.2464 0.805873
0.2465 0.805977
0.2466 0.805991
0.2467 0.80641
0.2468 0.80669
0.2469 0.807038
0.247 0.807066
0.2471 0.807772
0.2472 0.80837
0.2473 0.808642
0.2474 0.809444
0.2475 0.809804
0.2476 0.809818
0.2477 0.810027
0.2478 0.810088
0.2479 0.809971
0.248 0.81
0.2481 0.810557
0.2482 0.81095
0.2483 0.81121
0.2484 0.811357
0.2485 0.81153
0.2486 0.811768
0.2487 0.812205
0.2488 0.812808
0.2489 0.813461
0.249 0.813515
0.2491 0.814249
0.2492 0.814187
0.2493 0.814714
0.2494 0.814991
0.2495 0.814716
0.2496 0.814515
0.2497 0.814895
0.2498 0.815347
0.2499 0.81567
0.25 0.815906
0.2501 0.816006
0.2502 0.816472
0.2503 0.816792
0.2504 0.817377
0.2505 0.817571
0.2506 0.817588
0.2507 0.817937
0.2508 0.818273
0.2509 0.81895
0.251 0.819253
0.2511 0.819535
0.2512 0.819889
0.2513 0.820003
0.2514 0.820957
0.2515 0.821846
0.2516 0.821986
0.2517 0.822373
0.2518 0.822942
0.2519 0.823607
0.252 0.823641
0.2521 0.824043
0.2522 0.824578
0.2523 0.825067
0.2524 0.825564
0.2525 0.825735
0.2526 0.825917
0.2527 0.826207
0.2528 0.826563
0.2529 0.826778
0.253 0.827105
0.2531 0.82773
0.2532 0.82822
0.2533 0.828853
0.2534 0.82934
0.2535 0.829467
0.2536 0.829845
0.2537 0.830017
0.2538 0.830322
0.2539 0.830403
0.254 0.830768
0.2541 0.831155
0.2542 0.831722
0.2543 0.832276
0.2544 0.832797
0.2545 0.833078
0.2546 0.833386
0.2547 0.833536
0.2548 0.833968
0.2549 0.834344
0.255 0.83447
0.2551 0.835189
0.2552 0.835566
0.2553 0.835735
0.2554 0.83607
0.2555 0.836308
0.2556 0.836817
0.2557 0.837129
0.2558 0.837161
0.2559 0.837534
0.256 0.837365
0.2561 0.837928
0.2562 0.838111
0.2563 0.838503
0.2564 0.838671
0.2565 0.838865
0.2566 0.838975
0.2567 0.839414
0.2568 0.839719
0.2569 0.839989
0.257 0.840227
0.2571 0.840768
0.2572 0.840704
0.2573 0.841543
0.2574 0.842049
0.2575 0.842525
0.2576 0.842956
0.2577 0.843296
0.2578 0.843096
0.2579 0.843618
0.258 0.844155
0.2581 0.844148
0.2582 0.844139
0.2583 0.844328
0.2584 0.844681
0.2585 0.844941
0.2586 0.844971
0.2587 0.845151
0.2588 0.84527
0.2589 0.845746
0.259 0.846158
0.2591 0.846613
0.2592 0.847081
0.2593 0.84745
0.2594 0.847931
0.2595 0.848261
0.2596 0.848525
0.2597 0.848569
0.2598 0.848809
0.2599 0.848412
0.26 0.849068
0.2601 0.849727
0.2602 0.850496
0.2603 0.850921
0.2604 0.851556
0.2605 0.851973
0.2606 0.852005
0.2607 0.852285
0.2608 0.852581
0.2609 0.852994
0.261 0.853408
0.2611 0.853315
0.2612 0.852802
0.2613 0.852671
0.2614 0.852712
0.2615 0.853204
0.2616 0.853206
0.2617 0.853421
0.2618 0.853828
0.2619 0.854256
0.262 0.854493
0.2621 0.855325
0.2622 0.856143
0.2623 0.856655
0.2624 0.856919
0.2625 0.857404
0.2626 0.857385
0.2627 0.857592
0.2628 0.857765
0.2629 0.857869
0.263 0.85803
0.2631 0.858517
0.2632 0.858699
0.2633 0.859109
0.2634 0.859419
0.2635 0.860094
0.2636 0.861014
0.2637 0.861752
0.2638 0.861921
0.2639 0.86223
0.264 0.862573
0.2641 0.862911
0.2642 0.862985
0.2643 0.863561
0.2644 0.863407
0.2645 0.863914
0.2646 0.863913
0.2647 0.864146
0.2648 0.864486
0.2649 0.865392
0.265 0.86537
0.2651 0.865323
0.2652 0.865548
0.2653 0.866253
0.2654 0.866518
0.2655 0.867177
0.2656 0.867794
0.2657 0.868627
0.2658 0.868838
0.2659 0.86929
0.266 0.870052
0.2661 0.870754
0.2662 0.871214
0.2663 0.871095
0.2664 0.871563
0.2665 0.872311
0.2666 0.873043
0.2667 0.873374
0.2668 0.874069
0.2669 0.874138
0.267 0.874504
0.2671 0.874869
0.2672 0.874783
0.2673 0.875344
0.2674 0.875453
0.2675 0.876033
0.2676 0.876297
0.2677 0.876675
0.2678 0.876529
0.2679 0.876834
0.268 0.877149
0.2681 0.877265
0.2682 0.877713
0.2683 0.877671
0.2684 0.877975
0.2685 0.878641
0.2686 0.878772
0.2687 0.879147
0.2688 0.879949
0.2689 0.880058
0.269 0.879804
0.2691 0.879901
0.2692 0.880246
0.2693 0.880997
0.2694 0.881691
0.2695 0.881856
0.2696 0.881769
0.2697 0.882041
0.2698 0.882144
0.2699 0.882524
0.27 0.883163
0.2701 0.883405
0.2702 0.883406
0.2703 0.883265
0.2704 0.883751
0.2705 0.88381
0.2706 0.884315
0.2707 0.884504
0.2708 0.885136
0.2709 0.885688
0.271 0.885814
0.2711 0.885925
0.2712 0.886564
0.2713 0.887535
0.2714 0.887744
0.2715 0.887738
0.2716 0.88835
0.2717 0.888568
0.2718 0.888553
0.2719 0.889102
0.272 0.889256
0.2721 0.889374
0.2722 0.889661
0.2723 0.890055
0.2724 0.889969
0.2725 0.889919
0.2726 0.890311
0.2727 0.890609
0.2728 0.89071
0.2729 0.891051
0.273 0.891189
0.2731 0.891716
0.2732 0.891932
0.2733 0.8925
0.2734 0.892967
0.2735 0.893526
0.2736 0.893604
0.2737 0.893776
0.2738 0.893894
0.2739 0.894471
0.274 0.894862
0.2741 0.895257
0.2742 0.895472
0.2743 0.896099
0.2744 0.896179
0.2745 0.896644
0.2746 0.897005
0.2747 0.897311
0.2748 0.897946
0.2749 0.897985
0.275 0.898421
0.2751 0.898134
0.2752 0.898455
0.2753 0.898666
0.2754 0.898682
0.2755 0.898823
0.2756 0.899478
0.2757 0.900085
0.2758 0.900281
0.2759 0.900665
0.276 0.900948
0.2761 0.90109
0.2762 0.901087
0.2763 0.90125
0.2764 0.902083
0.2765 0.902391
0.2766 0.902506
0.2767 0.903005
0.2768 0.903125
0.2769 0.903309
0.277 0.903443
0.2771 0.903948
0.2772 0.904213
0.2773 0.904757
0.2774 0.905202
0.2775 0.905268
0.2776 0.905317
0.2777 0.90539
0.2778 0.905323
0.2779 0.905788
0.278 0.906088
0.2781 0.906382
0.2782 0.906932
0.2783 0.907458
0.2784 0.907847
0.2785 0.908198
0.2786 0.908511
0.2787 0.908871
0.2788 0.909592
0.2789 0.909539
0.279 0.90972
0.2791 0.910083
0.2792 0.909836
0.2793 0.909613
0.2794 0.910212
0.2795 0.910548
0.2796 0.91109
0.2797 0.911429
0.2798 0.911619
0.2799 0.911798
0.28 0.912428
0.2801 0.912604
0.2802 0.9128
0.2803 0.91323
0.2804 0.913605
0.2805 0.914089
0.2806 0.914455
0.2807 0.914547
0.2808 0.915186
0.2809 0.915652
0.281 0.915976
0.2811 0.916311
0.2812 0.916902
0.2813 0.91723
0.2814 0.917315
0.2815 0.917624
0.2816 0.918376
0.2817 0.918599
0.2818 0.918649
0.2819 0.918819
0.282 0.919517
0.2821 0.91968
0.2822 0.920375
0.2823 0.920422
0.2824 0.920511
0.2825 0.920549
0.2826 0.92137
0.2827 0.921549
0.2828 0.921553
0.2829 0.921605
0.283 0.921813
0.2831 0.922318
0.2832 0.922576
0.2833 0.922966
0.2834 0.922662
0.2835 0.922975
0.2836 0.923204
0.2837 0.923285
0.2838 0.923635
0.2839 0.923731
0.284 0.92408
0.2841 0.924477
0.2842 0.924893
0.2843 0.925141
0.2844 0.925267
0.2845 0.925713
0.2846 0.925792
0.2847 0.925979
0.2848 0.926334
0.2849 0.926938
0.285 0.926812
0.2851 0.926841
0.2852 0.92721
0.2853 0.927578
0.2854 0.927725
0.2855 0.928272
0.2856 0.928398
0.2857 0.928733
0.2858 0.928649
0.2859 0.928875
0.286 0.929624
0.2861 0.929962
0.2862 0.930371
0.2863 0.930591
0.2864 0.93056
0.2865 0.931114
0.2866 0.93129
0.2867 0.931506
0.2868 0.931917
0.2869 0.932567
0.287 0.933148
0.2871 0.93345
0.2872 0.933641
0.2873 0.934151
0.2874 0.934926
0.2875 0.934938
0.2876 0.935164
0.2877 0.935561
0.2878 0.936171
0.2879 0.936473
0.288 0.936566
0.2881 0.936768
0.2882 0.937579
0.2883 0.937729
0.2884 0.938288
0.2885 0.938678
0.2886 0.939368
0.2887 0.939531
0.2888 0.939499
0.2889 0.939614
0.289 0.940573
0.2891 0.941066
0.2892 0.941651
0.2893 0.941909
0.2894 0.942392
0.2895 0.942857
0.2896 0.943405
0.2897 0.943337
0.2898 0.94387
0.2899 0.94381
0.29 0.944123
0.2901 0.94445
0.2902 0.944533
0.2903 0.945221
0.2904 0.945277
0.2905 0.945165
0.2906 0.945764
0.2907 0.945828
0.2908 0.946156
0.2909 0.946183
0.291 0.946265
0.2911 0.946537
0.2912 0.947168
0.2913 0.947838
0.2914 0.948074
0.2915 0.948149
0.2916 0.948917
0.2917 0.949464
0.2918 0.949791
0.2919 0.949786
0.292 0.950539
0.2921 0.950474
0.2922 0.950289
0.2923 0.950102
0.2924 0.950753
0.2925 0.950979
0.2926 0.95121
0.2927 0.951949
0.2928 0.951837
0.2929 0.952505
0.293 0.952279
0.2931 0.952839
0.2932 0.953142
0.2933 0.953099
0.2934 0.953196
0.2935 0.95385
0.2936 0.95415
0.2937 0.953995
0.2938 0.954125
0.2939 0.954298
0.294 0.954787
0.2941 0.955267
0.2942 0.955409
0.2943 0.955312
0.2944 0.955366
0.2945 0.95582
0.2946 0.956497
0.2947 0.95689
0.2948 0.956943
0.2949 0.956801
0.295 0.956816
0.2951 0.957049
0.2952 0.95739
0.2953 0.957419
0.2954 0.957536
0.2955 0.957668
0.2956 0.957535
0.2957 0.957718
0.2958 0.957649
0.2959 0.957976
0.296 0.95833
0.2961 0.958603
0.2962 0.958969
0.2963 0.959182
0.2964 0.959585
0.2965 0.959489
0.2966 0.96047
0.2967 0.961312
0.2968 0.961464
0.2969 0.962169
0.297 0.962503
0.2971 0.962556
0.2972 0.962166
0.2973 0.961912
0.2974 0.962169
0.2975 0.961686
0.2976 0.961764
0.2977 0.962359
0.2978 0.962899
0.2979 0.963023
0.298 0.963525
0.2981 0.96403
0.2982 0.964324
0.2983 0.964392
0.2984 0.964528
0.2985 0.96447
0.2986 0.965017
0.2987 0.965399
0.2988 0.965877
0.2989 0.965706
0.299 0.965647
0.2991 0.966014
0.2992 0.965818
0.2993 0.965843
0.2994 0.965879
0.2995 0.965889
0.2996 0.966285
0.2997 0.966736
0.2998 0.967384
0.2999 0.96804
0.3 0.968227
0.3001 0.968102
0.3002 0.968428
0.3003 0.967796
0.3004 0.968223
0.3005 0.968136
0.3006 0.969057
0.3007 0.969357
0.3008 0.96952
0.3009 0.969651
0.301 0.970289
0.3011 0.970657
0.3012 0.970761
0.3013 0.97173
0.3014 0.971758
0.3015 0.971881
0.3016 0.971679
0.3017 0.972022
0.3018 0.972127
0.3019 0.972506
0.302 0.973094
0.3021 0.974334
0.3022 0.974692
0.3023 0.974231
0.3024 0.974331
0.3025 0.974548
0.3026 0.974374
0.3027 0.97455
0.3028 0.975115
0.3029 0.975791
0.303 0.976824
0.3031 0.977074
0.3032 0.977141
0.3033 0.976624
0.3034 0.976826
0.3035 0.977304
0.3036 0.977621
0.3037 0.977745
0.3038 0.978112
0.3039 0.978324
0.304 0.978784
0.3041 0.979262
0.3042 0.98003
0.3043 0.979974
0.3044 0.980666
0.3045 0.981408
0.3046 0.981803
0.3047 0.981948
0.3048 0.982168
0.3049 0.982434
0.305 0.982677
0.3051 0.982861
0.3052 0.983139
0.3053 0.983699
0.3054 0.983925
0.3055 0.984638
0.3056 0.985135
0.3057 0.985495
0.3058 0.985668
0.3059 0.986026
0.306 0.986522
0.3061 0.986973
0.3062 0.987064
0.3063 0.987157
0.3064 0.987039
0.3065 0.987771
0.3066 0.987827
0.3067 0.98787
0.3068 0.988103
0.3069 0.988636
0.307 0.989161
0.3071 0.98901
0.3072 0.989412
0.3073 0.989751
0.3074 0.990133
0.3075 0.990121
0.3076 0.990278
0.3077 0.990551
0.3078 0.990677
0.3079 0.991216
0.308 0.991663
0.3081 0.991644
0.3082 0.991889
0.3083 0.992292
0.3084 0.992044
0.3085 0.992416
0.3086 0.992496
0.3087 0.993245
0.3088 0.99386
0.3089 0.99444
0.309 0.99486
0.3091 0.995419
0.3092 0.995362
0.3093 0.995346
0.3094 0.995657
0.3095 0.996184
0.3096 0.996524
0.3097 0.996684
0.3098 0.997124
0.3099 0.997176
0.31 0.99748
0.3101 0.997953
0.3102 0.998164
0.3103 0.998686
0.3104 0.998661
0.3105 0.999482
0.3106 1.00004
0.3107 1.00014
0.3108 1.00081
0.3109 1.00104
0.311 1.00116
0.3111 1.00169
0.3112 1.002
0.3113 1.0024
0.3114 1.00251
0.3115 1.00246
0.3116 1.00297
0.3117 1.00325
0.3118 1.00321
0.3119 1.00354
0.312 1.00405
0.3121 1.00432
0.3122 1.0043
0.3123 1.00406
0.3124 1.0041
0.3125 1.00433
0.3126 1.0046
0.3127 1.00445
0.3128 1.00498
0.3129 1.00516
0.313 1.00518
0.3131 1.00601
0.3132 1.00658
0.3133 1.00738
0.3134 1.00777
0.3135 1.0083
0.3136 1.00841
0.3137 1.00835
0.3138 1.0091
0.3139 1.00935
0.314 1.01058
0.3141 1.01127
0.3142 1.01115
0.3143 1.01086
0.3144 1.01092
0.3145 1.01119
0.3146 1.011
0.3147 1.01112
0.3148 1.01196
0.3149 1.01184
0.315 1.01202
0.3151 1.01227
0.3152 1.01246
0.3153 1.01271
0.3154 1.01279
0.3155 1.01315
0.3156 1.01359
0.3157 1.01354
0.3158 1.01392
0.3159 1.01444
0.316 1.01419
0.3161 1.01419
0.3162 1.01455
0.3163 1.01465
0.3164 1.01434
0.3165 1.0146
0.3166 1.01464
0.3167 1.01487
0.3168 1.01449
0.3169 1.0149
0.317 1.01525
0.3171 1.01581
0.3172 1.01635
0.3173 1.01651
0.3174 1.01742
0.3175 1.0179
0.3176 1.01773
0.3177 1.01828
0.3178 1.01872
0.3179 1.01911
0.318 1.01919
0.3181 1.01928
0.3182 1.01963
0.3183 1.02016
0.3184 1.02029
0.3185 1.02072
0.3186 1.02162
0.3187 1.02239
0.3188 1.02269
0.3189 1.02333
0.319 1.02348
0.3191 1.02323
0.3192 1.0234
0.3193 1.02412
0.3194 1.02443
0.3195 1.02474
0.3196 1.02458
0.3197 1.02463
0.3198 1.02598
0.3199 1.02578
0.32 1.02607
0.3201 1.02632
0.3202 1.02653
0.3203 1.02745
0.3204 1.02768
0.3205 1.02769
0.3206 1.02794
0.3207 1.02753
0.3208 1.02803
0.3209 1.02823
0.321 1.02861
0.3211 1.02918
0.3212 1.02954
0.3213 1.02958
0.3214 1.03015
0.3215 1.03054
0.3216 1.03078
0.3217 1.03183
0.3218 1.03219
0.3219 1.0323
0.322 1.03295
0.3221 1.03369
0.3222 1.03397
0.3223 1.03444
0.3224 1.03478
0.3225 1.03517
0.3226 1.03553
0.3227 1.0363
0.3228 1.0363
0.3229 1.03641
0.323 1.03672
0.3231 1.03733
0.3232 1.03741
0.3233 1.03778
0.3234 1.03829
0.3235 1.03799
0.3236 1.03845
0.3237 1.03897
0.3238 1.03969
0.3239 1.03968
0.324 1.03948
0.3241 1.03975
0.3242 1.04049
0.3243 1.04112
0.3244 1.04108
0.3245 1.04098
0.3246 1.04124
0.3247 1.04156
0.3248 1.04188
0.3249 1.0426
0.325 1.04276
0.3251 1.04314
0.3252 1.04406
0.3253 1.0448
0.3254 1.04517
0.3255 1.0458
0.3256 1.04643
0.3257 1.04634
0.3258 1.04644
0.3259 1.04673
0.326 1.04704
0.3261 1.04753
0.3262 1.04812
0.3263 1.04854
0.3264 1.04961
0.3265 1.05018
0.3266 1.05053
0.3267 1.05149
0.3268 1.05251
0.3269 1.05255
0.327 1.05347
0.3271 1.05381
0.3272 1.05431
0.3273 1.05462
0.3274 1.05467
0.3275 1.05483
0.3276 1.05537
0.3277 1.05552
0.3278 1.05625
0.3279 1.05595
0.328 1.05683
0.3281 1.05702
0.3282 1.05722
0.3283 1.05757
0.3284 1.05819
0.3285 1.05862
0.3286 1.05892
0.3287 1.0594
0.3288 1.05949
0.3289 1.0592
0.329 1.05939
0.3291 1.05991
0.3292 1.06011
0.3293 1.06011
0.3294 1.06043
0.3295 1.06006
0.3296 1.06039
0.3297 1.06097
0.3298 1.0613
0.3299 1.06189
0.33 1.06202
0.3301 1.06232
0.3302 1.06283
0.3303 1.06312
0.3304 1.06332
0.3305 1.06352
0.3306 1.06345
0.3307 1.06378
0.3308 1.06403
0.3309 1.06429
0.331 1.06405
0.3311 1.06433
0.3312 1.06508
0.3313 1.06491
0.3314 1.06503
0.3315 1.06483
0.3316 1.06468
0.3317 1.06469
0.3318 1.06529
0.3319 1.06617
0.332 1.06648
0.3321 1.06702
0.3322 1.06744
0.3323 1.06771
0.3324 1.06882
0.3325 1.06889
0.3326 1.06957
0.3327 1.06949
0.3328 1.06952
0.3329 1.06971
0.333 1.0701
0.3331 1.07037
0.3332 1.07101
0.3333 1.07162
0.3334 1.07215
0.3335 1.07245
0.3336 1.07245
0.3337 1.07293
0.3338 1.07364
0.3339 1.07443
0.334 1.0748
0.3341 1.07532
0.3342 1.07547
0.3343 1.07575
0.3344 1.07581
0.3345 1.07584
0.3346 1.07625
0.3347 1.07614
0.3348 1.076
0.3349 1.07633
0.335 1.07657
0.3351 1.07746
0.3352 1.07755
0.3353 1.07817
0.3354 1.0781
0.3355 1.07812
0.3356 1.07862
0.3357 1.07916
0.3358 1.07989
0.3359 1.08018
0.336 1.08055
0.3361 1.08073
0.3362 1.08112
0.3363 1.08111
0.3364 1.08183
0.3365 1.08211
0.3366 1.08253
0.3367 1.0829
0.3368 1.08318
0.3369 1.08375
0.337 1.08358
0.3371 1.08444
0.3372 1.08416
0.3373 1.0843
0.3374 1.08461
0.3375 1.08491
0.3376 1.08493
0.3377 1.08461
0.3378 1.08526
0.3379 1.08571
0.338 1.0858
0.3381 1.08615
0.3382 1.08635
0.3383 1.08658
0.3384 1.0871
0.3385 1.08699
0.3386 1.08736
0.3387 1.08784
0.3388 1.08772
0.3389 1.08801
0.339 1.08763
0.3391 1.08755
0.3392 1.08754
0.3393 1.08814
0.3394 1.08845
0.3395 1.08852
0.3396 1.08834
0.3397 1.08888
0.3398 1.08932
0.3399 1.08941
0.34 1.09001
0.3401 1.09027
0.3402 1.09039
0.3403 1.09055
0.3404 1.09071
0.3405 1.09158
0.3406 1.09173
0.3407 1.09204
0.3408 1.09144
0.3409 1.09185
0.341 1.09216
0.3411 1.09237
0.3412 1.0926
0.3413 1.09235
0.3414 1.09223
0.3415 1.09205
0.3416 1.09218
0.3417 1.09223
0.3418 1.09213
0.3419 1.09266
0.342 1.09286
0.3421 1.09333
0.3422 1.09332
0.3423 1.09385
0.3424 1.09396
0.3425 1.09393
0.3426 1.09439
0.3427 1.0946
0.3428 1.09446
0.3429 1.09508
0.343 1.09536
0.3431 1.09593
0.3432 1.09598
0.3433 1.09657
0.3434 1.09682
0.3435 1.09743
0.3436 1.09765
0.3437 1.09811
0.3438 1.09812
0.3439 1.09856
0.344 1.09847
0.3441 1.09897
0.3442 1.09944
0.3443 1.09997
0.3444 1.10027
0.3445 1.10081
0.3446 1.10115
0.3447 1.10158
0.3448 1.10199
0.3449 1.10183
0.345 1.10243
0.3451 1.10314
0.3452 1.10362
0.3453 1.10399
0.3454 1.10478
0.3455 1.10516
0.3456 1.10556
0.3457 1.10554
0.3458 1.10577
0.3459 1.10607
0.346 1.10542
0.3461 1.1057
0.3462 1.1062
0.3463 1.10641
0.3464 1.10649
0.3465 1.10674
0.3466 1.10697
0.3467 1.10699
0.3468 1.10766
0.3469 1.10758
0.347 1.10777
0.3471 1.10804
0.3472 1.10794
0.3473 1.10827
0.3474 1.10867
0.3475 1.10904
0.3476 1.10865
0.3477 1.1087
0.3478 1.10893
0.3479 1.10906
0.348 1.10978
0.3481 1.10979
0.3482 1.10968
0.3483 1.11002
0.3484 1.11003
0.3485 1.11049
0.3486 1.11096
0.3487 1.11122
0.3488 1.11179
0.3489 1.11273
0.349 1.11297
0.3491 1.11349
0.3492 1.11398
0.3493 1.11506
0.3494 1.1151
0.3495 1.11552
0.3496 1.11583
0.3497 1.1163
0.3498 1.1165
0.3499 1.11679
0.35 1.1173
0.3501 1.11777
0.3502 1.11827
0.3503 1.11923
0.3504 1.11987
0.3505 1.12016
0.3506 1.1204
0.3507 1.12064
0.3508 1.12082
0.3509 1.12098
0.351 1.12164
0.3511 1.12159
0.3512 1.12166
0.3513 1.12185
0.3514 1.12209
0.3515 1.12285
0.3516 1.12303
0.3517 1.1231
0.3518 1.12374
0.3519 1.12448
0.352 1.12528
0.3521 1.12564
0.3522 1.12607
0.3523 1.12649
0.3524 1.12604
0.3525 1.12664
0.3526 1.12639
0.3527 1.12661
0.3528 1.12664
0.3529 1.12653
0.353 1.12716
0.3531 1.12727
0.3532 1.12767
0.3533 1.12783
0.3534 1.12834
0.3535 1.1289
0.3536 1.12926
0.3537 1.1294
0.3538 1.12962
0.3539 1.12992
0.354 1.12987
0.3541 1.1298
0.3542 1.12984
0.3543 1.1303
0.3544 1.13064
0.3545 1.13089
0.3546 1.13135
0.3547 1.13151
0.3548 1.13166
0.3549 1.13201
0.355 1.13251
0.3551 1.13288
0.3552 1.13252
0.3553 1.13271
0.3554 1.13293
0.3555 1.13352
0.3556 1.13356
0.3557 1.13378
0.3558 1.13368
0.3559 1.13413
0.356 1.13421
0.3561 1.13466
0.3562 1.13477
0.3563 1.13497
0.3564 1.13521
0.3565 1.13546
0.3566 1.13576
0.3567 1.13558
0.3568 1.13577
0.3569 1.1361
0.357 1.13704
0.3571 1.13735
0.3572 1.13815
0.3573 1.13865
0.3574 1.13898
0.3575 1.13937
0.3576 1.13972
0.3577 1.13962
0.3578 1.13949
0.3579 1.13957
0.358 1.14003
0.3581 1.14081
0.3582 1.1414
0.3583 1.14183
0.3584 1.14222
0.3585 1.14266
0.3586 1.14317
0.3587 1.14339
0.3588 1.14351
0.3589 1.14417
0.359 1.14441
0.3591 1.14443
0.3592 1.14449
0.3593 1.14458
0.3594 1.14549
0.3595 1.14569
0.3596 1.14618
0.3597 1.14689
0.3598 1.14743
0.3599 1.14788
0.36 1.14825
0.3601 1.14865
0.3602 1.14855
0.3603 1.14876
0.3604 1.14886
0.3605 1.14897
0.3606 1.14927
0.3607 1.14946
0.3608 1.14906
0.3609 1.14918
0.361 1.14918
0.3611 1.14924
0.3612 1.14976
0.3613 1.15027
0.3614 1.15059
0.3615 1.15115
0.3616 1.15065
0.3617 1.15074
0.3618 1.1513
0.3619 1.15203
0.362 1.15191
0.3621 1.15231
0.3622 1.1528
0.3623 1.15326
0.3624 1.15367
0.3625 1.15458
0.3626 1.15508
0.3627 1.15552
0.3628 1.15633
0.3629 1.15661
0.363 1.15722
0.3631 1.15718
0.3632 1.15762
0.3633 1.1577
0.3634 1.15794
0.3635 1.15773
0.3636 1.15761
0.3637 1.15811
0.3638 1.1586
0.3639 1.15866
0.364 1.15917
0.3641 1.15942
0.3642 1.15988
0.3643 1.15998
0.3644 1.1599
0.3645 1.16014
0.3646 1.16048
0.3647 1.16063
0.3648 1.16119
0.3649 1.1615
0.365 1.16154
0.3651 1.1615
0.3652 1.1614
0.3653 1.16161
0.3654 1.16219
0.3655 1.16207
0.3656 1.16217
0.3657 1.16254
0.3658 1.16321
0.3659 1.16332
0.366 1.16405
0.3661 1.16442
0.3662 1.16435
0.3663 1.16482
0.3664 1.16502
0.3665 1.16573
0.3666 1.16571
0.3667 1.16611
0.3668 1.16672
0.3669 1.16717
0.367 1.16761
0.3671 1.16819
0.3672 1.16843
0.3673 1.16865
0.3674 1.16867
0.3675 1.16911
0.3676 1.169
0.3677 1.16966
0.3678 1.17033
0.3679 1.17043
0.368 1.17059
0.3681 1.17106
0.3682 1.17107
0.3683 1.17099
0.3684 1.17162
0.3685 1.17227
0.3686 1.17215
0.3687 1.17212
0.3688 1.17236
0.3689 1.17228
0.369 1.17312
0.3691 1.17363
0.3692 1.17419
0.3693 1.17381
0.3694 1.17426
0.3695 1.17499
0.3696 1.17525
0.3697 1.17602
0.3698 1.17654
0.3699 1.17693
0.37 1.17753
0.3701 1.1777
0.3702 1.17809
0.3703 1.17814
0.3704 1.17816
0.3705 1.17882
0.3706 1.1793
0.3707 1.17897
0.3708 1.1797
0.3709 1.17981
0.371 1.18006
0.3711 1.18098
0.3712 1.18161
0.3713 1.18181
0.3714 1.18165
0.3715 1.1817
0.3716 1.18191
0.3717 1.18226
0.3718 1.18229
0.3719 1.18309
0.372 1.18255
0.3721 1.18295
0.3722 1.18318
0.3723 1.18343
0.3724 1.18394
0.3725 1.18374
0.3726 1.18457
0.3727 1.18479
0.3728 1.18496
0.3729 1.185
0.373 1.18468
0.3731 1.18481
0.3732 1.18535
0.3733 1.18611
0.3734 1.18627
0.3735 1.18616
0.3736 1.18689
0.3737 1.18702
0.3738 1.18759
0.3739 1.18809
0.374 1.18864
0.3741 1.18857
0.3742 1.1888
0.3743 1.18916
0.3744 1.18977
0.3745 1.19002
0.3746 1.19097
0.3747 1.19096
0.3748 1.19117
0.3749 1.19159
0.375 1.19261
0.3751 1.1928
0.3752 1.19275
0.3753 1.19256
0.3754 1.19319
0.3755 1.19332
0.3756 1.19331
0.3757 1.1944
0.3758 1.19446
0.3759 1.19472
0.376 1.19507
0.3761 1.19531
0.3762 1.196
0.3763 1.19643
0.3764 1.1963
0.3765 1.19675
0.3766 1.19722
0.3767 1.19707
0.3768 1.19766
0.3769 1.19774
0.377 1.1985
0.3771 1.19894
0.3772 1.1996
0.3773 1.19985
0.3774 1.19985
0.3775 1.19963
0.3776 1.20011
0.3777 1.2009
0.3778 1.20127
0.3779 1.2013
0.378 1.20148
0.3781 1.20202
0.3782 1.20228
0.3783 1.20281
0.3784 1.20311
0.3785 1.20379
0.3786 1.20407
0.3787 1.20443
0.3788 1.20467
0.3789 1.2044
0.379 1.20446
0.3791 1.20483
0.3792 1.20537
0.3793 1.20593
0.3794 1.20601
0.3795 1.20616
0.3796 1.20612
0.3797 1.20638
0.3798 1.20652
0.3799 1.20654
0.38 1.20663
0.3801 1.20683
0.3802 1.20691
0.3803 1.20775
0.3804 1.20759
0.3805 1.20813
0.3806 1.20839
0.3807 1.20848
0.3808 1.20876
0.3809 1.20924
0.381 1.20977
0.3811 1.20982
0.3812 1.21024
0.3813 1.2108
0.3814 1.21104
0.3815 1.21135
0.3816 1.21213
0.3817 1.21225
0.3818 1.21261
0.3819 1.21238
0.382 1.21271
0.3821 1.21321
0.3822 1.21347
0.3823 1.21313
0.3824 1.21376
0.3825 1.21381
0.3826 1.21401
0.3827 1.2143
0.3828 1.21477
0.3829 1.2148
0.383 1.21449
0.3831 1.21465
0.3832 1.21475
0.3833 1.21502
0.3834 1.21476
0.3835 1.21478
0.3836 1.21513
0.3837 1.21568
0.3838 1.21603
0.3839 1.21625
0.384 1.21647
0.3841 1.21665
0.3842 1.21691
0.3843 1.21761
0.3844 1.21784
0.3845 1.21823
0.3846 1.21838
0.3847 1.21799
0.3848 1.21836
0.3849 1.21813
0.385 1.21852
0.3851 1.21898
0.3852 1.21955
0.3853 1.21913
0.3854 1.21973
0.3855 1.21985
0.3856 1.22094
0.3857 1.22129
0.3858 1.22177
0.3859 1.22223
0.386 1.22247
0.3861 1.22256
0.3862 1.22282
0.3863 1.22271
0.3864 1.22312
0.3865 1.2234
0.3866 1.22338
0.3867 1.22396
0.3868 1.22414
0.3869 1.22466
0.387 1.22551
0.3871 1.2257
0.3872 1.22597
0.3873 1.22599
0.3874 1.22597
0.3875 1.22643
0.3876 1.22663
0.3877 1.22688
0.3878 1.22687
0.3879 1.22675
0.388 1.2268
0.3881 1.22774
0.3882 1.2276
0.3883 1.22806
0.3884 1.22831
0.3885 1.22897
0.3886 1.22972
0.3887 1.22996
0.3888 1.22986
0.3889 1.23034
0.389 1.23047
0.3891 1.23001
0.3892 1.23065
0.3893 1.23182
0.3894 1.23199
0.3895 1.23217
0.3896 1.2327
0.3897 1.23254
0.3898 1.23304
0.3899 1.23399
0.39 1.2345
0.3901 1.23477
0.3902 1.23513
0.3903 1.23555
0.3904 1.23573
0.3905 1.23609
0.3906 1.23661
0.3907 1.23683
0.3908 1.23765
0.3909 1.23783
0.391 1.238
0.3911 1.23825
0.3912 1.23887
0.3913 1.23867
0.3914 1.23896
0.3915 1.23958
0.3916 1.2406
0.3917 1.24078
0.3918 1.24077
0.3919 1.24097
0.392 1.24084
0.3921 1.24097
0.3922 1.24145
0.3923 1.24176
0.3924 1.24223
0.3925 1.24263
0.3926 1.24313
0.3927 1.24305
0.3928 1.24322
0.3929 1.24355
0.393 1.24368
0.3931 1.24424
0.3932 1.24429
0.3933 1.24432
0.3934 1.24514
0.3935 1.24545
0.3936 1.24564
0.3937 1.24603
0.3938 1.24642
0.3939 1.24645
0.394 1.24709
0.3941 1.24779
0.3942 1.24792
0.3943 1.24853
0.3944 1.24906
0.3945 1.24914
0.3946 1.24987
0.3947 1.25022
0.3948 1.2508
0.3949 1.25103
0.395 1.25141
0.3951 1.25118
0.3952 1.25188
0.3953 1.25246
0.3954 1.25223
0.3955 1.25251
0.3956 1.25307
0.3957 1.25328
0.3958 1.25373
0.3959 1.25417
0.396 1.25459
0.3961 1.25432
0.3962 1.25428
0.3963 1.25442
0.3964 1.25457
0.3965 1.25461
0.3966 1.25458
0.3967 1.25487
0.3968 1.25527
0.3969 1.25564
0.397 1.25571
0.3971 1.25611
0.3972 1.25629
0.3973 1.25677
0.3974 1.25744
0.3975 1.25691
0.3976 1.25766
0.3977 1.25809
0.3978 1.25846
0.3979 1.25857
0.398 1.25865
0.3981 1.25931
0.3982 1.25907
0.3983 1.2592
0.3984 1.2598
0.3985 1.26018
0.3986 1.26027
0.3987 1.26042
0.3988 1.2609
0.3989 1.26076
0.399 1.26146
0.3991 1.2615
0.3992 1.26202
0.3993 1.26228
0.3994 1.26248
0.3995 1.26259
0.3996 1.26272
0.3997 1.26336
0.3998 1.2641
0.3999 1.26448
0.4 1.26487
0.4001 1.26518
0.4002 1.26605
0.4003 1.26603
0.4004 1.26644
0.4005 1.26725
0.4006 1.26739
0.4007 1.26757
0.4008 1.26727
0.4009 1.26721
0.401 1.26722
0.4011 1.2672
0.4012 1.26728
0.4013 1.26775
0.4014 1.26771
0.4015 1.26846
0.4016 1.26843
0.4017 1.26862
0.4018 1.26877
0.4019 1.26876
0.402 1.26873
0.4021 1.26918
0.4022 1.27017
0.4023 1.27052
0.4024 1.27059
0.4025 1.2711
0.4026 1.27099
0.4027 1.27098
0.4028 1.27113
0.4029 1.27119
0.403 1.27172
0.4031 1.27164
0.4032 1.2719
0.4033 1.27198
0.4034 1.27215
0.4035 1.27294
0.4036 1.27244
0.4037 1.27268
0.4038 1.27364
0.4039 1.27402
0.404 1.27402
0.4041 1.27425
0.4042 1.27446
0.4043 1.27451
0.4044 1.27525
0.4045 1.27509
0.4046 1.27519
0.4047 1.27566
0.4048 1.27558
0.4049 1.27577
0.405 1.27583
0.4051 1.27635
0.4052 1.27702
0.4053 1.27765
0.4054 1.27743
0.4055 1.27761
0.4056 1.27769
0.4057 1.27829
0.4058 1.27867
0.4059 1.27931
0.406 1.27972
0.4061 1.28024
0.4062 1.28017
0.4063 1.28054
0.4064 1.28052
0.4065 1.28098
0.4066 1.28101
0.4067 1.28101
0.4068 1.28141
0.4069 1.2821
0.407 1.28232
0.4071 1.28272
0.4072 1.28352
0.4073 1.28366
0.4074 1.2845
0.4075 1.28474
0.4076 1.28482
0.4077 1.28498
0.4078 1.28527
0.4079 1.2859
0.408 1.28616
0.4081 1.2867
0.4082 1.28654
0.4083 1.28746
0.4084 1.28781
0.4085 1.28827
0.4086 1.28898
0.4087 1.28917
0.4088 1.2894
0.4089 1.29019
0.409 1.29011
0.4091 1.29028
0.4092 1.29059
0.4093 1.29118
0.4094 1.29171
0.4095 1.29239
0.4096 1.29275
0.4097 1.29302
0.4098 1.29306
0.4099 1.29301
0.41 1.29353
0.4101 1.29311
0.4102 1.29339
0.4103 1.29354
0.4104 1.29387
0.4105 1.29417
0.4106 1.29458
0.4107 1.29466
0.4108 1.29534
0.4109 1.2957
0.411 1.29578
0.4111 1.29652
0.4112 1.2968
0.4113 1.29695
0.4114 1.2974
0.4115 1.29804
0.4116 1.29845
0.4117 1.29902
0.4118 1.2991
0.4119 1.29941
0.412 1.29964
0.4121 1.30043
0.4122 1.30083
0.4123 1.30142
0.4124 1.30205
0.4125 1.30251
0.4126 1.3027
0.4127 1.30327
0.4128 1.30377
0.4129 1.30432
0.413 1.30497
0.4131 1.3054
0.4132 1.30587
0.4133 1.30696
0.4134 1.30707
0.4135 1.30676
0.4136 1.30682
0.4137 1.30645
0.4138 1.30704
0.4139 1.30757
0.414 1.30832
0.4141 1.30892
0.4142 1.30939
0.4143 1.31017
0.4144 1.31074
0.4145 1.31081
0.4146 1.31155
0.4147 1.31192
0.4148 1.31184
0.4149 1.31279
0.415 1.31263
0.4151 1.31257
0.4152 1.31234
0.4153 1.31279
0.4154 1.31285
0.4155 1.31351
0.4156 1.31373
0.4157 1.31379
0.4158 1.31398
0.4159 1.31431
0.416 1.31509
0.4161 1.31529
0.4162 1.31585
0.4163 1.31616
0.4164 1.31694
0.4165 1.31655
0.4166 1.31656
0.4167 1.31695
0.4168 1.31717
0.4169 1.31731
0.417 1.31749
0.4171 1.31765
0.4172 1.31778
0.4173 1.31811
0.4174 1.3181
0.4175 1.31794
0.4176 1.31839
0.4177 1.3183
0.4178 1.31868
0.4179 1.31888
0.418 1.31961
0.4181 1.31987
0.4182 1.32023
0.4183 1.3202
0.4184 1.32097
0.4185 1.32102
0.4186 1.32162
0.4187 1.32226
0.4188 1.32222
0.4189 1.32226
0.419 1.32254
0.4191 1.32253
0.4192 1.32279
0.4193 1.32293
0.4194 1.32363
0.4195 1.32408
0.4196 1.32403
0.4197 1.32464
0.4198 1.32461
0.4199 1.3249
0.42 1.32501
0.4201 1.32533
0.4202 1.32606
0.4203 1.32616
0.4204 1.32633
0.4205 1.3263
0.4206 1.32681
0.4207 1.32667
0.4208 1.32655
0.4209 1.32732
0.421 1.32769
0.4211 1.32766
0.4212 1.32722
0.4213 1.32781
0.4214 1.32808
0.4215 1.32864
0.4216 1.32898
0.4217 1.32954
0.4218 1.32933
0.4219 1.32963
0.422 1.32996
0.4221 1.33004
0.4222 1.33043
0.4223 1.33106
0.4224 1.3319
0.4225 1.33239
0.4226 1.33288
0.4227 1.33337
0.4228 1.33359
0.4229 1.33366
0.423 1.33415
0.4231 1.3345
0.4232 1.33452
0.4233 1.33452
0.4234 1.33471
0.4235 1.33443
0.4236 1.33472
0.4237 1.33462
0.4238 1.33512
0.4239 1.33599
0.424 1.33665
0.4241 1.33742
0.4242 1.33767
0.4243 1.33832
0.4244 1.33821
0.4245 1.3392
0.4246 1.33961
0.4247 1.34064
0.4248 1.34109
0.4249 1.34106
0.425 1.34118
0.4251 1.3421
0.4252 1.3426
0.4253 1.34293
0.4254 1.34312
0.4255 1.34284
0.4256 1.34281
0.4257 1.34288
0.4258 1.34338
0.4259 1.34398
0.426 1.34438
0.4261 1.34478
0.4262 1.3452
0.4263 1.34497
0.4264 1.34555
0.4265 1.34575
0.4266 1.34636
0.4267 1.3466
0.4268 1.3469
0.4269 1.34742
0.427 1.34839
0.4271 1.34909
0.4272 1.34968
0.4273 1.35013
0.4274 1.35033
0.4275 1.35054
0.4276 1.35084
0.4277 1.3507
0.4278 1.35088
0.4279 1.35113
0.428 1.35168
0.4281 1.35201
0.4282 1.35268
0.4283 1.35285
0.4284 1.35307
0.4285 1.35415
0.4286 1.35454
0.4287 1.35478
0.4288 1.35481
0.4289 1.35456
0.429 1.3556
0.4291 1.35575
0.4292 1.35658
0.4293 1.35703
0.4294 1.35739
0.4295 1.35752
0.4296 1.35804
0.4297 1.35778
0.4298 1.35826
0.4299 1.35877
0.43 1.35939
0.4301 1.36011
0.4302 1.36003
0.4303 1.36041
0.4304 1.36075
0.4305 1.36131
0.4306 1.36137
0.4307 1.36142
0.4308 1.36148
0.4309 1.36165
0.431 1.36163
0.4311 1.36195
0.4312 1.36234
0.4313 1.36334
0.4314 1.36382
0.4315 1.36416
0.4316 1.36464
0.4317 1.36485
0.4318 1.36555
0.4319 1.36645
0.432 1.36658
0.4321 1.36694
0.4322 1.36703
0.4323 1.36739
0.4324 1.36756
0.4325 1.36759
0.4326 1.36805
0.4327 1.36764
0.4328 1.36734
0.4329 1.36741
0.433 1.3672
0.4331 1.36772
0.4332 1.36774
0.4333 1.36786
0.4334 1.36801
0.4335 1.36815
0.4336 1.36824
0.4337 1.36815
0.4338 1.36848
0.4339 1.36867
0.434 1.36924
0.4341 1.36979
0.4342 1.36969
0.4343 1.36994
0.4344 1.37014
0.4345 1.3701
0.4346 1.37056
0.4347 1.37048
0.4348 1.37069
0.4349 1.37105
0.435 1.37099
0.4351 1.37125
0.4352 1.37103
0.4353 1.37126
0.4354 1.37162
0.4355 1.37176
0.4356 1.37183
0.4357 1.37199
0.4358 1.37211
0.4359 1.37266
0.436 1.37309
0.4361 1.37279
0.4362 1.37331
0.4363 1.374
0.4364 1.37476
0.4365 1.37551
0.4366 1.37649
0.4367 1.37665
0.4368 1.37697
0.4369 1.37708
0.437 1.37702
0.4371 1.37738
0.4372 1.37687
0.4373 1.37722
0.4374 1.37785
0.4375 1.37823
0.4376 1.37818
0.4377 1.37839
0.4378 1.37855
0.4379 1.37915
0.438 1.37937
0.4381 1.38007
0.4382 1.38015
0.4383 1.38
0.4384 1.38058
0.4385 1.38125
0.4386 1.38093
0.4387 1.38174
0.4388 1.38179
0.4389 1.38208
0.439 1.38283
0.4391 1.3833
0.4392 1.38333
0.4393 1.38352
0.4394 1.38331
0.4395 1.38396
0.4396 1.38436
0.4397 1.38426
0.4398 1.38433
0.4399 1.38489
0.44 1.38499
0.4401 1.3849
0.4402 1.38478
0.4403 1.38561
0.4404 1.38547
0.4405 1.38554
0.4406 1.38573
0.4407 1.38597
0.4408 1.38652
0.4409 1.38626
0.441 1.38715
0.4411 1.38727
0.4412 1.38759
0.4413 1.38721
0.4414 1.38751
0.4415 1.38842
0.4416 1.38884
0.4417 1.3892
0.4418 1.38909
0.4419 1.38987
0.442 1.39033
0.4421 1.39075
0.4422 1.39074
0.4423 1.39113
0.4424 1.39151
0.4425 1.39191
0.4426 1.3923
0.4427 1.39265
0.4428 1.39295
0.4429 1.39314
0.443 1.3938
0.4431 1.39366
0.4432 1.39444
0.4433 1.39456
0.4434 1.39504
0.4435 1.39518
0.4436 1.39522
0.4437 1.3956
0.4438 1.39579
0.4439 1.39603
0.444 1.39678
0.4441 1.39698
0.4442 1.39748
0.4443 1.39794
0.4444 1.39798
0.4445 1.39833
0.4446 1.39844
0.4447 1.39888
0.4448 1.39893
0.4449 1.39925
0.445 1.3993
0.4451 1.40004
0.4452 1.40037
0.4453 1.40109
0.4454 1.40106
0.4455 1.40144
0.4456 1.40166
0.4457 1.40169
0.4458 1.40198
0.4459 1.4025
0.446 1.40283
0.4461 1.4035
0.4462 1.40375
0.4463 1.40369
0.4464 1.40407
0.4465 1.40417
0.4466 1.40485
0.4467 1.40501
0.4468 1.4056
0.4469 1.40519
0.447 1.40524
0.4471 1.40567
0.4472 1.40499
0.4473 1.40557
0.4474 1.40584
0.4475 1.40586
0.4476 1.4059
0.4477 1.40631
0.4478 1.40663
0.4479 1.40614
0.448 1.40713
0.4481 1.40707
0.4482 1.40782
0.4483 1.40757
0.4484 1.40762
0.4485 1.4086
0.4486 1.40845
0.4487 1.40862
0.4488 1.40836
0.4489 1.40875
0.449 1.40896
0.4491 1.4092
0.4492 1.40967
0.4493 1.41
0.4494 1.40977
0.4495 1.41047
0.4496 1.41004
0.4497 1.41085
0.4498 1.41092
0.4499 1.41147
0.45 1.4119
0.4501 1.41234
0.4502 1.41236
0.4503 1.4126
0.4504 1.41344
0.4505 1.41344
0.4506 1.41313
0.4507 1.41354
0.4508 1.41389
0.4509 1.41396
0.451 1.41411
0.4511 1.41449
0.4512 1.41515
0.4513 1.4154
0.4514 1.41529
0.4515 1.41526
0.4516 1.4156
0.4517 1.41601
0.4518 1.41595
0.4519 1.41668
0.452 1.41754
0.4521 1.41753
0.4522 1.41791
0.4523 1.41777
0.4524 1.41814
0.4525 1.41845
0.4526 1.41881
0.4527 1.41853
0.4528 1.41902
0.4529 1.42025
0.453 1.42036
0.4531 1.42038
0.4532 1.42045
0.4533 1.42072
0.4534 1.42155
0.4535 1.42182
0.4536 1.42178
0.4537 1.4224
0.4538 1.42256
0.4539 1.42316
0.454 1.42365
0.4541 1.42411
0.4542 1.42455
0.4543 1.4252
0.4544 1.42563
0.4545 1.42547
0.4546 1.42573
0.4547 1.42625
0.4548 1.42676
0.4549 1.42714
0.455 1.42717
0.4551 1.42722
0.4552 1.42747
0.4553 1.4275
0.4554 1.42805
0.4555 1.42832
0.4556 1.42983
0.4557 1.43023
0.4558 1.43051
0.4559 1.43086
0.456 1.43128
0.4561 1.43191
0.4562 1.43215
0.4563 1.43254
0.4564 1.43334
0.4565 1.4337
0.4566 1.43369
0.4567 1.43387
0.4568 1.4338
0.4569 1.43422
0.457 1.43405
0.4571 1.43413
0.4572 1.43373
0.4573 1.43402
0.4574 1.43378
0.4575 1.43449
0.4576 1.43473
0.4577 1.43506
0.4578 1.43546
0.4579 1.43576
0.458 1.43625
0.4581 1.43574
0.4582 1.43594
0.4583 1.43649
0.4584 1.43653
0.4585 1.43647
0.4586 1.43676
0.4587 1.43717
0.4588 1.43742
0.4589 1.43702
0.459 1.43716
0.4591 1.43773
0.4592 1.43791
0.4593 1.43797
0.4594 1.43834
0.4595 1.43876
0.4596 1.43932
0.4597 1.43957
0.4598 1.44009
0.4599 1.44024
0.46 1.43987
0.4601 1.44023
0.4602 1.43992
0.4603 1.43999
0.4604 1.44041
0.4605 1.4401
0.4606 1.4405
0.4607 1.44099
0.4608 1.44174
0.4609 1.44128
0.461 1.44184
0.4611 1.44257
0.4612 1.44318
0.4613 1.44329
0.4614 1.44418
0.4615 1.44453
0.4616 1.44477
0.4617 1.44517
0.4618 1.44532
0.4619 1.4453
0.462 1.44589
0.4621 1.44629
0.4622 1.44743
0.4623 1.44762
0.4624 1.44819
0.4625 1.4495
0.4626 1.44957
0.4627 1.44968
0.4628 1.45047
0.4629 1.45058
0.463 1.45132
0.4631 1.45155
0.4632 1.45148
0.4633 1.45101
0.4634 1.45152
0.4635 1.45202
0.4636 1.45169
0.4637 1.45205
0.4638 1.45286
0.4639 1.45371
0.464 1.45408
0.4641 1.45464
0.4642 1.45536
0.4643 1.45554
0.4644 1.45587
0.4645 1.45602
0.4646 1.45654
0.4647 1.45678
0.4648 1.45709
0.4649 1.45706
0.465 1.45764
0.4651 1.45782
0.4652 1.45818
0.4653 1.45801
0.4654 1.45813
0.4655 1.45793
0.4656 1.45814
0.4657 1.45899
0.4658 1.45955
0.4659 1.46002
0.466 1.46007
0.4661 1.46028
0.4662 1.46085
0.4663 1.46071
0.4664 1.46121
0.4665 1.46154
0.4666 1.46164
0.4667 1.4622
0.4668 1.46243
0.4669 1.46255
0.467 1.46288
0.4671 1.46266
0.4672 1.46336
0.4673 1.46318
0.4674 1.46355
0.4675 1.46387
0.4676 1.46476
0.4677 1.46465
0.4678 1.46504
0.4679 1.4657
0.468 1.46602
0.4681 1.46637
0.4682 1.46664
0.4683 1.46693
0.4684 1.46734
0.4685 1.46766
0.4686 1.46793
0.4687 1.46861
0.4688 1.46884
0.4689 1.4693
0.469 1.4695
0.4691 1.46951
0.4692 1.46985
0.4693 1.47041
0.4694 1.47015
0.4695 1.47037
0.4696 1.47064
0.4697 1.47097
0.4698 1.47149
0.4699 1.47126
0.47 1.4716
0.4701 1.47144
0.4702 1.47205
0.4703 1.47203
0.4704 1.47182
0.4705 1.47232
0.4706 1.47197
0.4707 1.47234
0.4708 1.47246
0.4709 1.47256
0.471 1.47261
0.4711 1.47303
0.4712 1.47302
0.4713 1.47405
0.4714 1.47441
0.4715 1.47428
0.4716 1.47547
0.4717 1.47568
0.4718 1.47607
0.4719 1.4762
0.472 1.47672
0.4721 1.47731
0.4722 1.47762
0.4723 1.47803
0.4724 1.47822
0.4725 1.47849
0.4726 1.4793
0.4727 1.4797
0.4728 1.48005
0.4729 1.48037
0.473 1.481
0.4731 1.48113
0.4732 1.48158
0.4733 1.48242
0.4734 1.48256
0.4735 1.48293
0.4736 1.4832
0.4737 1.48348
0.4738 1.48395
0.4739 1.48415
0.474 1.48374
0.4741 1.48407
0.4742 1.48438
0.4743 1.48415
0.4744 1.48478
0.4745 1.48495
0.4746 1.48554
0.4747 1.48602
0.4748 1.48626
0.4749 1.48603
0.475 1.48634
0.4751 1.48691
0.4752 1.48731
0.4753 1.48782
0.4754 1.48794
0.4755 1.48763
0.4756 1.48763
0.4757 1.48757
0.4758 1.48798
0.4759 1.48812
0.476 1.48897
0.4761 1.48927
0.4762 1.48958
0.4763 1.48942
0.4764 1.49011
0.4765 1.4905
0.4766 1.49043
0.4767 1.49046
0.4768 1.4911
0.4769 1.49096
0.477 1.4911
0.4771 1.49074
0.4772 1.49116
0.4773 1.49106
0.4774 1.49157
0.4775 1.49193
0.4776 1.4926
0.4777 1.49258
0.4778 1.49261
0.4779 1.49332
0.478 1.4927
0.4781 1.49263
0.4782 1.49289
0.4783 1.49377
0.4784 1.49398
0.4785 1.49392
0.4786 1.49423
0.4787 1.49487
0.4788 1.49536
0.4789 1.4959
0.479 1.49644
0.4791 1.49618
0.4792 1.49617
0.4793 1.49607
0.4794 1.49672
0.4795 1.49726
0.4796 1.49722
0.4797 1.49706
0.4798 1.49733
0.4799 1.49736
0.48 1.49748
0.4801 1.49793
0.4802 1.49869
0.4803 1.49917
0.4804 1.50003
0.4805 1.49974
0.4806 1.49954
0.4807 1.50004
0.4808 1.50077
0.4809 1.50123
0.481 1.50106
0.4811 1.50093
0.4812 1.50129
0.4813 1.50155
0.4814 1.50125
0.4815 1.50162
0.4816 1.50139
0.4817 1.50151
0.4818 1.50207
0.4819 1.50234
0.482 1.50273
0.4821 1.50345
0.4822 1.50381
0.4823 1.5042
0.4824 1.50483
0.4825 1.50513
0.4826 1.5056
0.4827 1.50573
0.4828 1.50654
0.4829 1.50654
0.483 1.50761
0.4831 1.50832
0.4832 1.50903
0.4833 1.50891
0.4834 1.50933
0.4835 1.50981
0.4836 1.50987
0.4837 1.51002
0.4838 1.50957
0.4839 1.50976
0.484 1.5104
0.4841 1.51104
0.4842 1.5113
0.4843 1.51216
0.4844 1.51152
0.4845 1.5119
0.4846 1.51174
0.4847 1.51205
0.4848 1.51223
0.4849 1.51209
0.485 1.51255
0.4851 1.51305
0.4852 1.51323
0.4853 1.51328
0.4854 1.51331
0.4855 1.51406
0.4856 1.5143
0.4857 1.51447
0.4858 1.5143
0.4859 1.51473
0.486 1.51499
0.4861 1.51501
0.4862 1.51486
0.4863 1.51581
0.4864 1.51707
0.4865 1.51698
0.4866 1.51684
0.4867 1.51798
0.4868 1.51852
0.4869 1.51879
0.487 1.51939
0.4871 1.52006
0.4872 1.52072
0.4873 1.521
0.4874 1.5212
0.4875 1.52182
0.4876 1.52143
0.4877 1.52213
0.4878 1.52236
0.4879 1.52248
0.488 1.52248
0.4881 1.52251
0.4882 1.52282
0.4883 1.52258
0.4884 1.52259
0.4885 1.52335
0.4886 1.52378
0.4887 1.52465
0.4888 1.52386
0.4889 1.52372
0.489 1.52437
0.4891 1.52472
0.4892 1.52528
0.4893 1.52499
0.4894 1.52508
0.4895 1.52557
0.4896 1.52592
0.4897 1.52613
0.4898 1.52592
0.4899 1.52621
0.49 1.52689
0.4901 1.52712
0.4902 1.52728
0.4903 1.52725
0.4904 1.52759
0.4905 1.52856
0.4906 1.52915
0.4907 1.52973
0.4908 1.53059
0.4909 1.5303
0.491 1.5306
