0 0
0.0001 0.000395851
0.0002 0.000790778
0.0003 0.00118499
0.0004 0.00159479
0.0005 0.00200307
0.0006 0.00241992
0.0007 0.00282125
0.0008 0.00322012
0.0009 0.00360679
0.001 0.00401711
0.0011 0.00442316
0.0012 0.00482952
0.0013 0.00523505
0.0014 0.00563043
0.0015 0.00601925
0.0016 0.00643649
0.0017 0.00682425
0.0018 0.00723116
0.0019 0.00764481
0.002 0.00802115
0.0021 0.00840975
0.0022 0.00880997
0.0023 0.00924275
0.0024 0.00965057
0.0025 0.0100378
0.0026 0.0104833
0.0027 0.0109082
0.0028 0.0112891
0.0029 0.011617
0.003 0.0120291
0.0031 0.0124212
0.0032 0.012818
0.0033 0.0131804
0.0034 0.0135836
0.0035 0.0139754
0.0036 0.0143653
0.0037 0.0147557
0.0038 0.0151942
0.0039 0.0155528
0.004 0.0159791
0.0041 0.0164117
0.0042 0.0167644
0.0043 0.0171391
0.0044 0.0175409
0.0045 0.017975
0.0046 0.0183679
0.0047 0.018781
0.0048 0.0191799
0.0049 0.0196375
0.005 0.0199944
0.0051 0.020377
0.0052 0.0207962
0.0053 0.0212065
0.0054 0.0215717
0.0055 0.0219495
0.0056 0.0223265
0.0057 0.0227282
0.0058 0.0231182
0.0059 0.0234696
0.006 0.0238357
0.0061 0.0242037
0.0062 0.0245768
0.0063 0.0249515
0.0064 0.0254118
0.0065 0.0258744
0.0066 0.026309
0.0067 0.0267025
0.0068 0.0270961
0.0069 0.0275328
0.007 0.0280405
0.0071 0.0284681
0.0072 0.0288326
0.0073 0.0291772
0.0074 0.0294864
0.0075 0.0299149
0.0076 0.0302566
0.0077 0.0306479
0.0078 0.0309875
0.0079 0.0314105
0.008 0.0318476
0.0081 0.0322354
0.0082 0.0326323
0.0083 0.0330652
0.0084 0.0335741
0.0085 0.0340412
0.0086 0.0344217
0.0087 0.0348493
0.0088 0.0351662
0.0089 0.0355571
0.009 0.0361071
0.0091 0.0365218
0.0092 0.0368612
0.0093 0.0372811
0.0094 0.0377061
0.0095 0.0381781
0.0096 0.0385344
0.0097 0.0388552
0.0098 0.0392669
0.0099 0.0396405
0.01 0.0400691
0.0101 0.0405496
0.0102 0.0409231
0.0103 0.0413847
0.0104 0.0416759
0.0105 0.0420526
0.0106 0.0425109
0.0107 0.0429569
0.0108 0.0432646
0.0109 0.043677
0.011 0.0439569
0.0111 0.0445112
0.0112 0.0448917
0.0113 0.0452678
0.0114 0.0456734
0.0115 0.0461816
0.0116 0.046469
0.0117 0.0469262
0.0118 0.047382
0.0119 0.0477341
0.012 0.0480876
0.0121 0.0485867
0.0122 0.0490226
0.0123 0.0494271
0.0124 0.049746
0.0125 0.0501429
0.0126 0.0505411
0.0127 0.0510045
0.0128 0.0513009
0.0129 0.051701
0.013 0.05213
0.0131 0.0524672
0.0132 0.0527989
0.0133 0.0532967
0.0134 0.0536387
0.0135 0.0541044
0.0136 0.0543901
0.0137 0.0548431
0.0138 0.0552372
0.0139 0.055579
0.014 0.055942
0.0141 0.0564132
0.0142 0.0569099
0.0143 0.0573135
0.0144 0.0576319
0.0145 0.0579745
0.0146 0.0584176
0.0147 0.0588328
0.0148 0.0593209
0.0149 0.0598137
0.015 0.0602075
0.0151 0.0605314
0.0152 0.0609343
0.0153 0.0614496
0.0154 0.0618476
0.0155 0.0622992
0.0156 0.0627678
0.0157 0.0631613
0.0158 0.063618
0.0159 0.0640466
0.016 0.0643849
0.0161 0.0647291
0.0162 0.0651581
0.0163 0.065619
0.0164 0.065999
0.0165 0.066334
0.0166 0.0667018
0.0167 0.0670481
0.0168 0.0674246
0.0169 0.0678391
0.017 0.0681754
0.0171 0.068639
0.0172 0.06894
0.0173 0.0692673
0.0174 0.0697525
0.0175 0.0699905
0.0176 0.0703555
0.0177 0.0706905
0.0178 0.0710824
0.0179 0.071494
0.018 0.0719206
0.0181 0.0724001
0.0182 0.0727355
0.0183 0.073096
0.0184 0.0735765
0.0185 0.0739705
0.0186 0.0742558
0.0187 0.074673
0.0188 0.0750879
0.0189 0.0754901
0.019 0.0759256
0.0191 0.0762641
0.0192 0.0766963
0.0193 0.0771535
0.0194 0.0776595
0.0195 0.0780047
0.0196 0.078365
0.0197 0.0786506
0.0198 0.0788925
0.0199 0.0791352
0.02 0.07943
0.0201 0.0798766
0.0202 0.0802852
0.0203 0.0807196
0.0204 0.0811273
0.0205 0.0815394
0.0206 0.0818491
0.0207 0.0821321
0.0208 0.0823495
0.0209 0.0827182
0.021 0.0830557
0.0211 0.0834433
0.0212 0.0839196
0.0213 0.0842992
0.0214 0.084789
0.0215 0.0851762
0.0216 0.0856219
0.0217 0.0860383
0.0218 0.08647
0.0219 0.0868701
0.022 0.0871849
0.0221 0.0876596
0.0222 0.0880669
0.0223 0.0884628
0.0224 0.0888261
0.0225 0.0893025
0.0226 0.0896806
0.0227 0.0901313
0.0228 0.0905145
0.0229 0.0908456
0.023 0.0911431
0.0231 0.0915884
0.0232 0.0919109
0.0233 0.0924285
0.0234 0.0927262
0.0235 0.0931058
0.0236 0.0935135
0.0237 0.0938443
0.0238 0.0941421
0.0239 0.0944524
0.024 0.0947453
0.0241 0.0949875
0.0242 0.0954338
0.0243 0.0957298
0.0244 0.0960496
0.0245 0.0964299
0.0246 0.0968075
0.0247 0.0970735
0.0248 0.0974665
0.0249 0.097845
0.025 0.0981726
0.0251 0.0985264
0.0252 0.098941
0.0253 0.0992931
0.0254 0.0996863
0.0255 0.100059
0.0256 0.10033
0.0257 0.100589
0.0258 0.101202
0.0259 0.101628
0.026 0.101892
0.0261 0.102254
0.0262 0.102789
0.0263 0.103238
0.0264 0.103606
0.0265 0.103922
0.0266 0.104294
0.0267 0.104647
0.0268 0.105065
0.0269 0.105336
0.027 0.105435
0.0271 0.105801
0.0272 0.106271
0.0273 0.106739
0.0274 0.107073
0.0275 0.107485
0.0276 0.107892
0.0277 0.108288
0.0278 0.108649
0.0279 0.109173
0.028 0.109611
0.0281 0.110136
0.0282 0.110468
0.0283 0.110911
0.0284 0.111122
0.0285 0.111401
0.0286 0.111894
0.0287 0.112221
0.0288 0.112658
0.0289 0.112987
0.029 0.113418
0.0291 0.113966
0.0292 0.114133
0.0293 0.114622
0.0294 0.11506
0.0295 0.115335
0.0296 0.115717
0.0297 0.116252
0.0298 0.116596
0.0299 0.117042
0.03 0.117321
0.0301 0.117661
0.0302 0.117898
0.0303 0.118269
0.0304 0.118454
0.0305 0.118752
0.0306 0.119225
0.0307 0.119622
0.0308 0.119862
0.0309 0.120195
0.031 0.120583
0.0311 0.120972
0.0312 0.121281
0.0313 0.121737
0.0314 0.122108
0.0315 0.122539
0.0316 0.122761
0.0317 0.123223
0.0318 0.123498
0.0319 0.124031
0.032 0.124359
0.0321 0.124928
0.0322 0.125442
0.0323 0.125752
0.0324 0.126092
0.0325 0.126451
0.0326 0.126612
0.0327 0.126921
0.0328 0.127443
0.0329 0.127937
0.033 0.128196
0.0331 0.128511
0.0332 0.128844
0.0333 0.129214
0.0334 0.129441
0.0335 0.129733
0.0336 0.13027
0.0337 0.13042
0.0338 0.130712
0.0339 0.131098
0.034 0.131425
0.0341 0.131919
0.0342 0.132168
0.0343 0.132615
0.0344 0.133048
0.0345 0.1335
0.0346 0.133879
0.0347 0.134214
0.0348 0.134588
0.0349 0.134861
0.035 0.135311
0.0351 0.135729
0.0352 0.136237
0.0353 0.136537
0.0354 0.136968
0.0355 0.137408
0.0356 0.137853
0.0357 0.138203
0.0358 0.138386
0.0359 0.13877
0.036 0.139005
0.0361 0.139429
0.0362 0.139805
0.0363 0.140204
0.0364 0.1407
0.0365 0.141081
0.0366 0.141366
0.0367 0.141679
0.0368 0.141964
0.0369 0.142331
0.037 0.142769
0.0371 0.143009
0.0372 0.143354
0.0373 0.143808
0.0374 0.144127
0.0375 0.144439
0.0376 0.144756
0.0377 0.144929
0.0378 0.145165
0.0379 0.145527
0.038 0.145712
0.0381 0.146083
0.0382 0.14632
0.0383 0.146596
0.0384 0.146772
0.0385 0.147118
0.0386 0.147383
0.0387 0.147859
0.0388 0.148175
0.0389 0.148566
0.039 0.148641
0.0391 0.1489
0.0392 0.149455
0.0393 0.149681
0.0394 0.149943
0.0395 0.150369
0.0396 0.150787
0.0397 0.15123
0.0398 0.151707
0.0399 0.151875
0.04 0.152242
0.0401 0.152886
0.0402 0.153159
0.0403 0.15344
0.0404 0.153961
0.0405 0.154283
0.0406 0.154622
0.0407 0.154982
0.0408 0.155415
0.0409 0.155865
0.041 0.156282
0.0411 0.156694
0.0412 0.156836
0.0413 0.157134
0.0414 0.157325
0.0415 0.157572
0.0416 0.158029
0.0417 0.158329
0.0418 0.158794
0.0419 0.159314
0.042 0.159662
0.0421 0.159997
0.0422 0.160311
0.0423 0.160736
0.0424 0.160945
0.0425 0.161153
0.0426 0.161395
0.0427 0.161804
0.0428 0.162168
0.0429 0.162434
0.043 0.162826
0.0431 0.163094
0.0432 0.16349
0.0433 0.163787
0.0434 0.164233
0.0435 0.164592
0.0436 0.164894
0.0437 0.16525
0.0438 0.165728
0.0439 0.166158
0.044 0.166448
0.0441 0.166884
0.0442 0.167169
0.0443 0.167732
0.0444 0.168199
0.0445 0.16863
0.0446 0.169006
0.0447 0.169314
0.0448 0.169627
0.0449 0.169996
0.045 0.170251
0.0451 0.170489
0.0452 0.170943
0.0453 0.171403
0.0454 0.171615
0.0455 0.171938
0.0456 0.172352
0.0457 0.172649
0.0458 0.172973
0.0459 0.173126
0.046 0.1734
0.0461 0.173702
0.0462 0.174077
0.0463 0.174683
0.0464 0.175103
0.0465 0.175644
0.0466 0.175922
0.0467 0.17626
0.0468 0.176718
0.0469 0.177057
0.047 0.177551
0.0471 0.177957
0.0472 0.178406
0.0473 0.178789
0.0474 0.179042
0.0475 0.179258
0.0476 0.179547
0.0477 0.180199
0.0478 0.180601
0.0479 0.181042
0.048 0.181364
0.0481 0.181608
0.0482 0.181964
0.0483 0.182124
0.0484 0.182573
0.0485 0.183063
0.0486 0.183191
0.0487 0.183505
0.0488 0.18397
0.0489 0.184316
0.049 0.184396
0.0491 0.184925
0.0492 0.185365
0.0493 0.185763
0.0494 0.186081
0.0495 0.186276
0.0496 0.186886
0.0497 0.187068
0.0498 0.187227
0.0499 0.187613
0.05 0.187881
0.0501 0.188264
0.0502 0.188524
0.0503 0.188759
0.0504 0.188782
0.0505 0.189156
0.0506 0.189697
0.0507 0.190314
0.0508 0.190471
0.0509 0.190703
0.051 0.19106
0.0511 0.191435
0.0512 0.191704
0.0513 0.192135
0.0514 0.192598
0.0515 0.19319
0.0516 0.193613
0.0517 0.19394
0.0518 0.194103
0.0519 0.19422
0.052 0.194675
0.0521 0.195113
0.0522 0.195515
0.0523 0.195939
0.0524 0.196418
0.0525 0.196601
0.0526 0.196742
0.0527 0.197184
0.0528 0.197411
0.0529 0.197614
0.053 0.198067
0.0531 0.198435
0.0532 0.198951
0.0533 0.199288
0.0534 0.199487
0.0535 0.199715
0.0536 0.200077
0.0537 0.20058
0.0538 0.200875
0.0539 0.201392
0.054 0.201582
0.0541 0.20203
0.0542 0.202653
0.0543 0.202858
0.0544 0.203122
0.0545 0.203418
0.0546 0.203679
0.0547 0.204101
0.0548 0.204437
0.0549 0.204856
0.055 0.20521
0.0551 0.205427
0.0552 0.205571
0.0553 0.205863
0.0554 0.20616
0.0555 0.206731
0.0556 0.207225
0.0557 0.207596
0.0558 0.20819
0.0559 0.20869
0.056 0.209138
0.0561 0.209479
0.0562 0.20973
0.0563 0.210162
0.0564 0.21037
0.0565 0.210732
0.0566 0.211001
0.0567 0.211338
0.0568 0.211609
0.0569 0.211978
0.057 0.21212
0.0571 0.21255
0.0572 0.212502
0.0573 0.212874
0.0574 0.213268
0.0575 0.213623
0.0576 0.213887
0.0577 0.214141
0.0578 0.214272
0.0579 0.214653
0.058 0.214784
0.0581 0.215139
0.0582 0.215586
0.0583 0.215871
0.0584 0.216056
0.0585 0.216459
0.0586 0.216832
0.0587 0.21713
0.0588 0.217188
0.0589 0.217399
0.059 0.217899
0.0591 0.218284
0.0592 0.218555
0.0593 0.218744
0.0594 0.219023
0.0595 0.219442
0.0596 0.219799
0.0597 0.220133
0.0598 0.220241
0.0599 0.220518
0.06 0.220882
0.0601 0.221045
0.0602 0.221368
0.0603 0.221714
0.0604 0.22197
0.0605 0.222199
0.0606 0.222442
0.0607 0.222741
0.0608 0.22307
0.0609 0.223324
0.061 0.223408
0.0611 0.223686
0.0612 0.224129
0.0613 0.224349
0.0614 0.22466
0.0615 0.224833
0.0616 0.2254
0.0617 0.225767
0.0618 0.226085
0.0619 0.226257
0.062 0.226557
0.0621 0.227154
0.0622 0.22696
0.0623 0.22744
0.0624 0.227679
0.0625 0.228009
0.0626 0.228354
0.0627 0.228512
0.0628 0.228901
0.0629 0.2293
0.063 0.229458
0.0631 0.229597
0.0632 0.230054
0.0633 0.230602
0.0634 0.231023
0.0635 0.231273
0.0636 0.231475
0.0637 0.231497
0.0638 0.232019
0.0639 0.232508
0.064 0.232868
0.0641 0.233161
0.0642 0.233449
0.0643 0.234137
0.0644 0.234521
0.0645 0.235149
0.0646 0.235618
0.0647 0.23567
0.0648 0.236097
0.0649 0.2364
0.065 0.236829
0.0651 0.237072
0.0652 0.237366
0.0653 0.237732
0.0654 0.238035
0.0655 0.238325
0.0656 0.238556
0.0657 0.238881
0.0658 0.239179
0.0659 0.239841
0.066 0.240014
0.0661 0.240482
0.0662 0.240773
0.0663 0.241018
0.0664 0.241264
0.0665 0.241468
0.0666 0.242009
0.0667 0.242404
0.0668 0.242967
0.0669 0.243285
0.067 0.243713
0.0671 0.244297
0.0672 0.244476
0.0673 0.244776
0.0674 0.245056
0.0675 0.245329
0.0676 0.24558
0.0677 0.246056
0.0678 0.246567
0.0679 0.246928
0.068 0.247464
0.0681 0.247432
0.0682 0.247905
0.0683 0.248236
0.0684 0.248561
0.0685 0.248795
0.0686 0.249048
0.0687 0.249336
0.0688 0.249496
0.0689 0.250114
0.069 0.250394
0.0691 0.251033
0.0692 0.251225
0.0693 0.251746
0.0694 0.251896
0.0695 0.252191
0.0696 0.252547
0.0697 0.25315
0.0698 0.253348
0.0699 0.253682
0.07 0.254102
0.0701 0.254206
0.0702 0.254643
0.0703 0.254977
0.0704 0.255349
0.0705 0.255752
0.0706 0.256094
0.0707 0.256458
0.0708 0.25697
0.0709 0.25721
0.071 0.257591
0.0711 0.257581
0.0712 0.258107
0.0713 0.258416
0.0714 0.258767
0.0715 0.259032
0.0716 0.259286
0.0717 0.259643
0.0718 0.259905
0.0719 0.260266
0.072 0.260643
0.0721 0.261094
0.0722 0.261485
0.0723 0.261882
0.0724 0.262037
0.0725 0.262414
0.0726 0.262965
0.0727 0.263327
0.0728 0.263501
0.0729 0.263743
0.073 0.263851
0.0731 0.264285
0.0732 0.264615
0.0733 0.265077
0.0734 0.2655
0.0735 0.265928
0.0736 0.266371
0.0737 0.266596
0.0738 0.266838
0.0739 0.267269
0.074 0.267526
0.0741 0.268099
0.0742 0.268582
0.0743 0.268736
0.0744 0.269147
0.0745 0.269512
0.0746 0.269806
0.0747 0.27057
0.0748 0.270891
0.0749 0.271134
0.075 0.27162
0.0751 0.271965
0.0752 0.272288
0.0753 0.272606
0.0754 0.272754
0.0755 0.272873
0.0756 0.273243
0.0757 0.27338
0.0758 0.27377
0.0759 0.274005
0.076 0.274158
0.0761 0.27438
0.0762 0.274936
0.0763 0.275322
0.0764 0.275457
0.0765 0.275756
0.0766 0.276542
0.0767 0.276919
0.0768 0.277008
0.0769 0.277593
0.077 0.277863
0.0771 0.278236
0.0772 0.278307
0.0773 0.278406
0.0774 0.278644
0.0775 0.278978
0.0776 0.27918
0.0777 0.279608
0.0778 0.28016
0.0779 0.280392
0.078 0.280832
0.0781 0.281191
0.0782 0.281491
0.0783 0.281646
0.0784 0.28216
0.0785 0.282301
0.0786 0.282747
0.0787 0.282771
0.0788 0.283055
0.0789 0.283628
0.079 0.283772
0.0791 0.284205
0.0792 0.284486
0.0793 0.284779
0.0794 0.285065
0.0795 0.285428
0.0796 0.28592
0.0797 0.286336
0.0798 0.286896
0.0799 0.287192
0.08 0.287424
0.0801 0.287638
0.0802 0.287955
0.0803 0.288254
0.0804 0.288648
0.0805 0.288848
0.0806 0.289241
0.0807 0.289632
0.0808 0.290071
0.0809 0.290585
0.081 0.290965
0.0811 0.291193
0.0812 0.291517
0.0813 0.291754
0.0814 0.292187
0.0815 0.292603
0.0816 0.292688
0.0817 0.292956
0.0818 0.293157
0.0819 0.293519
0.082 0.293836
0.0821 0.293994
0.0822 0.294505
0.0823 0.294928
0.0824 0.295295
0.0825 0.2957
0.0826 0.295925
0.0827 0.296303
0.0828 0.296639
0.0829 0.296845
0.083 0.2975
0.0831 0.297935
0.0832 0.298082
0.0833 0.298203
0.0834 0.298527
0.0835 0.298428
0.0836 0.298655
0.0837 0.298888
0.0838 0.299093
0.0839 0.299322
0.084 0.299621
0.0841 0.299818
0.0842 0.300181
0.0843 0.300455
0.0844 0.300553
0.0845 0.3009
0.0846 0.301069
0.0847 0.301288
0.0848 0.301536
0.0849 0.301994
0.085 0.302207
0.0851 0.302572
0.0852 0.303115
0.0853 0.303458
0.0854 0.303801
0.0855 0.304076
0.0856 0.304438
0.0857 0.304619
0.0858 0.30507
0.0859 0.305537
0.086 0.305617
0.0861 0.305799
0.0862 0.306205
0.0863 0.306528
0.0864 0.306744
0.0865 0.307144
0.0866 0.307407
0.0867 0.307545
0.0868 0.307717
0.0869 0.307915
0.087 0.308276
0.0871 0.308695
0.0872 0.309027
0.0873 0.309265
0.0874 0.309461
0.0875 0.30973
0.0876 0.310147
0.0877 0.310823
0.0878 0.310983
0.0879 0.311116
0.088 0.311675
0.0881 0.311879
0.0882 0.312158
0.0883 0.312569
0.0884 0.312694
0.0885 0.313003
0.0886 0.313602
0.0887 0.313862
0.0888 0.314244
0.0889 0.314723
0.089 0.314852
0.0891 0.315117
0.0892 0.315577
0.0893 0.315895
0.0894 0.316227
0.0895 0.316486
0.0896 0.316787
0.0897 0.317146
0.0898 0.317466
0.0899 0.317654
0.09 0.317898
0.0901 0.317957
0.0902 0.318219
0.0903 0.318177
0.0904 0.318618
0.0905 0.318945
0.0906 0.319065
0.0907 0.31962
0.0908 0.320133
0.0909 0.320372
0.091 0.321082
0.0911 0.321541
0.0912 0.321847
0.0913 0.322151
0.0914 0.322457
0.0915 0.322597
0.0916 0.322672
0.0917 0.322652
0.0918 0.323173
0.0919 0.323352
0.092 0.323542
0.0921 0.32365
0.0922 0.323897
0.0923 0.324192
0.0924 0.324461
0.0925 0.324865
0.0926 0.325445
0.0927 0.325517
0.0928 0.325811
0.0929 0.326079
0.093 0.326624
0.0931 0.327038
0.0932 0.327534
0.0933 0.327774
0.0934 0.32821
0.0935 0.328795
0.0936 0.329221
0.0937 0.329541
0.0938 0.329995
0.0939 0.330303
0.094 0.330405
0.0941 0.330976
0.0942 0.331549
0.0943 0.331738
0.0944 0.33205
0.0945 0.332433
0.0946 0.332616
0.0947 0.33266
0.0948 0.333081
0.0949 0.33343
0.095 0.33371
0.0951 0.334069
0.0952 0.33417
0.0953 0.334547
0.0954 0.334603
0.0955 0.334993
0.0956 0.33552
0.0957 0.33572
0.0958 0.336334
0.0959 0.336558
0.096 0.336911
0.0961 0.337335
0.0962 0.337621
0.0963 0.337814
0.0964 0.338391
0.0965 0.338682
0.0966 0.33885
0.0967 0.339339
0.0968 0.339627
0.0969 0.340335
0.097 0.340751
0.0971 0.341114
0.0972 0.341444
0.0973 0.341773
0.0974 0.342159
0.0975 0.342508
0.0976 0.342921
0.0977 0.343453
0.0978 0.343671
0.0979 0.34401
0.098 0.344433
0.0981 0.345268
0.0982 0.345522
0.0983 0.345893
0.0984 0.346506
0.0985 0.346949
0.0986 0.347284
0.0987 0.347851
0.0988 0.348322
0.0989 0.34868
0.099 0.349184
0.0991 0.349481
0.0992 0.34991
0.0993 0.350127
0.0994 0.350379
0.0995 0.350107
0.0996 0.350693
0.0997 0.35108
0.0998 0.351436
0.0999 0.351742
0.1 0.35235
0.1001 0.352863
0.1002 0.353534
0.1003 0.354075
0.1004 0.354456
0.1005 0.354819
0.1006 0.354992
0.1007 0.355212
0.1008 0.355532
0.1009 0.356065
0.101 0.356179
0.1011 0.356581
0.1012 0.357007
0.1013 0.357215
0.1014 0.35756
0.1015 0.358032
0.1016 0.358488
0.1017 0.358807
0.1018 0.359107
0.1019 0.359834
0.102 0.360164
0.1021 0.360454
0.1022 0.360745
0.1023 0.361198
0.1024 0.361508
0.1025 0.361621
0.1026 0.361952
0.1027 0.362379
0.1028 0.362714
0.1029 0.363314
0.103 0.363397
0.1031 0.363875
0.1032 0.363829
0.1033 0.364174
0.1034 0.364555
0.1035 0.364961
0.1036 0.365097
0.1037 0.365373
0.1038 0.365491
0.1039 0.365625
0.104 0.366022
0.1041 0.366261
0.1042 0.366444
0.1043 0.366802
0.1044 0.367002
0.1045 0.36735
0.1046 0.367603
0.1047 0.367537
0.1048 0.367869
0.1049 0.368419
0.105 0.369168
0.1051 0.369415
0.1052 0.369834
0.1053 0.370165
0.1054 0.370677
0.1055 0.370982
0.1056 0.37136
0.1057 0.371949
0.1058 0.372426
0.1059 0.372661
0.106 0.372834
0.1061 0.37307
0.1062 0.373599
0.1063 0.373999
0.1064 0.374161
0.1065 0.374689
0.1066 0.375033
0.1067 0.375175
0.1068 0.375908
0.1069 0.37624
0.107 0.376532
0.1071 0.376968
0.1072 0.377266
0.1073 0.377366
0.1074 0.377984
0.1075 0.378097
0.1076 0.378642
0.1077 0.379027
0.1078 0.379055
0.1079 0.379469
0.108 0.379975
0.1081 0.380305
0.1082 0.380572
0.1083 0.38078
0.1084 0.381072
0.1085 0.381758
0.1086 0.381739
0.1087 0.381767
0.1088 0.381916
0.1089 0.382338
0.109 0.382645
0.1091 0.383186
0.1092 0.383743
0.1093 0.383868
0.1094 0.384281
0.1095 0.384492
0.1096 0.384807
0.1097 0.385186
0.1098 0.385439
0.1099 0.38573
0.11 0.385803
0.1101 0.385892
0.1102 0.386225
0.1103 0.386873
0.1104 0.387298
0.1105 0.387693
0.1106 0.387892
0.1107 0.387913
0.1108 0.38818
0.1109 0.388373
0.111 0.388495
0.1111 0.388587
0.1112 0.388729
0.1113 0.388989
0.1114 0.389466
0.1115 0.390064
0.1116 0.390296
0.1117 0.390639
0.1118 0.390642
0.1119 0.390965
0.112 0.391222
0.1121 0.391342
0.1122 0.391742
0.1123 0.392163
0.1124 0.392592
0.1125 0.393048
0.1126 0.393604
0.1127 0.393895
0.1128 0.394115
0.1129 0.394314
0.113 0.394495
0.1131 0.394812
0.1132 0.394955
0.1133 0.395155
0.1134 0.395443
0.1135 0.395693
0.1136 0.396267
0.1137 0.396764
0.1138 0.39714
0.1139 0.397546
0.114 0.397946
0.1141 0.398266
0.1142 0.398496
0.1143 0.398649
0.1144 0.398707
0.1145 0.399057
0.1146 0.399458
0.1147 0.399861
0.1148 0.400282
0.1149 0.400498
0.115 0.401121
0.1151 0.401368
0.1152 0.40165
0.1153 0.401927
0.1154 0.40245
0.1155 0.402512
0.1156 0.403104
0.1157 0.403174
0.1158 0.403391
0.1159 0.403727
0.116 0.403951
0.1161 0.404091
0.1162 0.404208
0.1163 0.40448
0.1164 0.404688
0.1165 0.405166
0.1166 0.405357
0.1167 0.405851
0.1168 0.40648
0.1169 0.406928
0.117 0.407255
0.1171 0.407498
0.1172 0.407749
0.1173 0.408252
0.1174 0.408645
0.1175 0.408715
0.1176 0.409093
0.1177 0.409286
0.1178 0.409706
0.1179 0.410358
0.118 0.410492
0.1181 0.410629
0.1182 0.41108
0.1183 0.411375
0.1184 0.411649
0.1185 0.411959
0.1186 0.412376
0.1187 0.412763
0.1188 0.412629
0.1189 0.41286
0.119 0.413279
0.1191 0.41352
0.1192 0.413173
0.1193 0.413615
0.1194 0.414003
0.1195 0.414553
0.1196 0.414696
0.1197 0.41511
0.1198 0.415323
0.1199 0.415883
0.12 0.41606
0.1201 0.416402
0.1202 0.4168
0.1203 0.417254
0.1204 0.417458
0.1205 0.418003
0.1206 0.418221
0.1207 0.418212
0.1208 0.418732
0.1209 0.419035
0.121 0.419374
0.1211 0.419713
0.1212 0.420323
0.1213 0.420506
0.1214 0.420938
0.1215 0.42139
0.1216 0.421645
0.1217 0.422024
0.1218 0.422494
0.1219 0.422737
0.122 0.422888
0.1221 0.423284
0.1222 0.423549
0.1223 0.423662
0.1224 0.424082
0.1225 0.424227
0.1226 0.424813
0.1227 0.425142
0.1228 0.425383
0.1229 0.425545
0.123 0.425878
0.1231 0.425886
0.1232 0.426281
0.1233 0.426915
0.1234 0.427499
0.1235 0.427745
0.1236 0.427992
0.1237 0.428656
0.1238 0.429018
0.1239 0.42927
0.124 0.4295
0.1241 0.429941
0.1242 0.43042
0.1243 0.430699
0.1244 0.431117
0.1245 0.431408
0.1246 0.431496
0.1247 0.431693
0.1248 0.431877
0.1249 0.431918
0.125 0.432264
0.1251 0.4327
0.1252 0.433016
0.1253 0.433558
0.1254 0.434005
0.1255 0.434415
0.1256 0.43469
0.1257 0.435037
0.1258 0.435418
0.1259 0.435745
0.126 0.436325
0.1261 0.436595
0.1262 0.436642
0.1263 0.437076
0.1264 0.437508
0.1265 0.437767
0.1266 0.438103
0.1267 0.438279
0.1268 0.438775
0.1269 0.439185
0.127 0.43931
0.1271 0.439794
0.1272 0.440248
0.1273 0.440662
0.1274 0.44123
0.1275 0.441589
0.1276 0.441945
0.1277 0.442169
0.1278 0.442577
0.1279 0.442798
0.128 0.443224
0.1281 0.443731
0.1282 0.444189
0.1283 0.445035
0.1284 0.44527
0.1285 0.44587
0.1286 0.446334
0.1287 0.446886
0.1288 0.447431
0.1289 0.447926
0.129 0.448295
0.1291 0.448608
0.1292 0.448994
0.1293 0.449581
0.1294 0.450063
0.1295 0.450433
0.1296 0.45085
0.1297 0.451197
0.1298 0.451322
0.1299 0.451352
0.13 0.451903
0.1301 0.452305
0.1302 0.452831
0.1303 0.453118
0.1304 0.453158
0.1305 0.453803
0.1306 0.454239
0.1307 0.454826
0.1308 0.45518
0.1309 0.45543
0.131 0.455562
0.1311 0.455733
0.1312 0.456115
0.1313 0.456728
0.1314 0.457197
0.1315 0.45781
0.1316 0.457678
0.1317 0.457926
0.1318 0.458148
0.1319 0.458874
0.132 0.458912
0.1321 0.459009
0.1322 0.459613
0.1323 0.459916
0.1324 0.460386
0.1325 0.460779
0.1326 0.460812
0.1327 0.461139
0.1328 0.461671
0.1329 0.461922
0.133 0.462222
0.1331 0.462524
0.1332 0.463024
0.1333 0.463426
0.1334 0.463888
0.1335 0.464139
0.1336 0.46419
0.1337 0.464495
0.1338 0.464658
0.1339 0.465054
0.134 0.46543
0.1341 0.46567
0.1342 0.465982
0.1343 0.466226
0.1344 0.466397
0.1345 0.466778
0.1346 0.467164
0.1347 0.467372
0.1348 0.467795
0.1349 0.468369
0.135 0.4686
0.1351 0.468912
0.1352 0.469078
0.1353 0.469169
0.1354 0.469442
0.1355 0.469849
0.1356 0.470126
0.1357 0.47021
0.1358 0.470714
0.1359 0.471358
0.136 0.471372
0.1361 0.471824
0.1362 0.471919
0.1363 0.472257
0.1364 0.472385
0.1365 0.472707
0.1366 0.473064
0.1367 0.473364
0.1368 0.473726
0.1369 0.473762
0.137 0.474284
0.1371 0.474775
0.1372 0.475165
0.1373 0.475475
0.1374 0.47596
0.1375 0.476204
0.1376 0.47673
0.1377 0.477028
0.1378 0.477581
0.1379 0.477754
0.138 0.478223
0.1381 0.478425
0.1382 0.479013
0.1383 0.479412
0.1384 0.479576
0.1385 0.479792
0.1386 0.480045
0.1387 0.480541
0.1388 0.480979
0.1389 0.481135
0.139 0.481353
0.1391 0.481593
0.1392 0.481722
0.1393 0.482188
0.1394 0.482798
0.1395 0.482842
0.1396 0.483107
0.1397 0.483469
0.1398 0.483775
0.1399 0.483803
0.14 0.483952
0.1401 0.484555
0.1402 0.484907
0.1403 0.484927
0.1404 0.485285
0.1405 0.485661
0.1406 0.486038
0.1407 0.486241
0.1408 0.486404
0.1409 0.486465
0.141 0.486444
0.1411 0.486757
0.1412 0.48691
0.1413 0.487299
0.1414 0.48777
0.1415 0.488213
0.1416 0.488413
0.1417 0.488731
0.1418 0.488787
0.1419 0.488883
0.142 0.489433
0.1421 0.489788
0.1422 0.490115
0.1423 0.490475
0.1424 0.490554
0.1425 0.490427
0.1426 0.490452
0.1427 0.490812
0.1428 0.491299
0.1429 0.491929
0.143 0.492367
0.1431 0.492575
0.1432 0.492614
0.1433 0.493047
0.1434 0.493303
0.1435 0.49308
0.1436 0.493326
0.1437 0.493694
0.1438 0.493774
0.1439 0.494278
0.144 0.494863
0.1441 0.495187
0.1442 0.495283
0.1443 0.495555
0.1444 0.495808
0.1445 0.495808
0.1446 0.496112
0.1447 0.496504
0.1448 0.496887
0.1449 0.497288
0.145 0.497434
0.1451 0.497898
0.1452 0.498189
0.1453 0.498823
0.1454 0.498992
0.1455 0.499487
0.1456 0.499907
0.1457 0.50019
0.1458 0.500681
0.1459 0.501047
0.146 0.501177
0.1461 0.5013
0.1462 0.501829
0.1463 0.502064
0.1464 0.502355
0.1465 0.502519
0.1466 0.502859
0.1467 0.503149
0.1468 0.503352
0.1469 0.503487
0.147 0.504175
0.1471 0.504483
0.1472 0.50468
0.1473 0.505245
0.1474 0.505405
0.1475 0.505764
0.1476 0.5062
0.1477 0.506447
0.1478 0.506612
0.1479 0.506872
0.148 0.507001
0.1481 0.507521
0.1482 0.50809
0.1483 0.508698
0.1484 0.50874
0.1485 0.509383
0.1486 0.510151
0.1487 0.510355
0.1488 0.51062
0.1489 0.510782
0.149 0.51149
0.1491 0.511779
0.1492 0.512136
0.1493 0.512279
0.1494 0.512935
0.1495 0.513261
0.1496 0.513239
0.1497 0.513374
0.1498 0.513309
0.1499 0.513668
0.15 0.513721
0.1501 0.514162
0.1502 0.514101
0.1503 0.514234
0.1504 0.514287
0.1505 0.514253
0.1506 0.514605
0.1507 0.514806
0.1508 0.51564
0.1509 0.515911
0.151 0.516286
0.1511 0.516675
0.1512 0.517033
0.1513 0.517461
0.1514 0.517823
0.1515 0.518103
0.1516 0.518401
0.1517 0.518779
0.1518 0.519033
0.1519 0.519384
0.152 0.519654
0.1521 0.519861
0.1522 0.520236
0.1523 0.520666
0.1524 0.521526
0.1525 0.521583
0.1526 0.521859
0.1527 0.522172
0.1528 0.522465
0.1529 0.522782
0.153 0.523328
0.1531 0.523801
0.1532 0.523934
0.1533 0.524438
0.1534 0.524758
0.1535 0.525121
0.1536 0.525887
0.1537 0.526151
0.1538 0.526422
0.1539 0.526893
0.154 0.527022
0.1541 0.527469
0.1542 0.527746
0.1543 0.52807
0.1544 0.528848
0.1545 0.529406
0.1546 0.529721
0.1547 0.529945
0.1548 0.530199
0.1549 0.530662
0.155 0.531133
0.1551 0.531511
0.1552 0.531724
0.1553 0.532179
0.1554 0.532646
0.1555 0.532907
0.1556 0.533456
0.1557 0.533907
0.1558 0.534411
0.1559 0.534762
0.156 0.534987
0.1561 0.535032
0.1562 0.535262
0.1563 0.535517
0.1564 0.535667
0.1565 0.535878
0.1566 0.536176
0.1567 0.53662
0.1568 0.536721
0.1569 0.536846
0.157 0.537103
0.1571 0.537289
0.1572 0.537538
0.1573 0.537811
0.1574 0.53769
0.1575 0.538017
0.1576 0.538903
0.1577 0.539201
0.1578 0.539455
0.1579 0.539865
0.158 0.540163
0.1581 0.54043
0.1582 0.540341
0.1583 0.540796
0.1584 0.541349
0.1585 0.541217
0.1586 0.541463
0.1587 0.542117
0.1588 0.542884
0.1589 0.543117
0.159 0.543709
0.1591 0.543903
0.1592 0.543979
0.1593 0.544189
0.1594 0.544457
0.1595 0.544627
0.1596 0.545217
0.1597 0.545624
0.1598 0.545759
0.1599 0.546552
0.16 0.547261
0.1601 0.547611
0.1602 0.547617
0.1603 0.547531
0.1604 0.548116
0.1605 0.548202
0.1606 0.548548
0.1607 0.548705
0.1608 0.548916
0.1609 0.549463
0.161 0.549825
0.1611 0.550055
0.1612 0.550537
0.1613 0.551032
0.1614 0.551467
0.1615 0.551805
0.1616 0.552399
0.1617 0.552736
0.1618 0.55298
0.1619 0.55335
0.162 0.553732
0.1621 0.553798
0.1622 0.553916
0.1623 0.554129
0.1624 0.554418
0.1625 0.554907
0.1626 0.555076
0.1627 0.555174
0.1628 0.555535
0.1629 0.555851
0.163 0.55603
0.1631 0.556241
0.1632 0.556685
0.1633 0.557027
0.1634 0.557472
0.1635 0.558132
0.1636 0.558671
0.1637 0.559335
0.1638 0.559695
0.1639 0.560143
0.164 0.560594
0.1641 0.561046
0.1642 0.561632
0.1643 0.561936
0.1644 0.5624
0.1645 0.562937
0.1646 0.563257
0.1647 0.56338
0.1648 0.56354
0.1649 0.563727
0.165 0.564087
0.1651 0.564149
0.1652 0.564838
0.1653 0.565077
0.1654 0.564923
0.1655 0.565298
0.1656 0.565605
0.1657 0.566454
0.1658 0.566818
0.1659 0.566888
0.166 0.567441
0.1661 0.567313
0.1662 0.567476
0.1663 0.567616
0.1664 0.568029
0.1665 0.568038
0.1666 0.568217
0.1667 0.568361
0.1668 0.568762
0.1669 0.568913
0.167 0.569221
0.1671 0.569755
0.1672 0.569864
0.1673 0.5702
0.1674 0.570367
0.1675 0.570706
0.1676 0.57122
0.1677 0.571567
0.1678 0.571664
0.1679 0.571915
0.168 0.572375
0.1681 0.572533
0.1682 0.572749
0.1683 0.572784
0.1684 0.573351
0.1685 0.573625
0.1686 0.573667
0.1687 0.574046
0.1688 0.574433
0.1689 0.574982
0.169 0.575221
0.1691 0.575898
0.1692 0.575969
0.1693 0.576411
0.1694 0.57702
0.1695 0.577802
0.1696 0.578158
0.1697 0.578377
0.1698 0.579239
0.1699 0.579641
0.17 0.579981
0.1701 0.580404
0.1702 0.580503
0.1703 0.581066
0.1704 0.581839
0.1705 0.582068
0.1706 0.582455
0.1707 0.583115
0.1708 0.583513
0.1709 0.583765
0.171 0.584352
0.1711 0.584731
0.1712 0.585269
0.1713 0.58576
0.1714 0.586475
0.1715 0.586604
0.1716 0.586576
0.1717 0.586919
0.1718 0.587267
0.1719 0.587819
0.172 0.588429
0.1721 0.588845
0.1722 0.589074
0.1723 0.589236
0.1724 0.589574
0.1725 0.590084
0.1726 0.590718
0.1727 0.591067
0.1728 0.59109
0.1729 0.591203
0.173 0.591321
0.1731 0.591296
0.1732 0.591374
0.1733 0.591719
0.1734 0.591891
0.1735 0.592224
0.1736 0.592321
0.1737 0.592436
0.1738 0.592648
0.1739 0.592841
0.174 0.593059
0.1741 0.59353
0.1742 0.593815
0.1743 0.593851
0.1744 0.593946
0.1745 0.593945
0.1746 0.594214
0.1747 0.5944
0.1748 0.594498
0.1749 0.594916
0.175 0.59558
0.1751 0.596086
0.1752 0.596364
0.1753 0.596699
0.1754 0.597114
0.1755 0.597629
0.1756 0.598161
0.1757 0.598716
0.1758 0.598778
0.1759 0.598807
0.176 0.59901
0.1761 0.599649
0.1762 0.599614
0.1763 0.600023
0.1764 0.600656
0.1765 0.601098
0.1766 0.601082
0.1767 0.601145
0.1768 0.601548
0.1769 0.602041
0.177 0.602414
0.1771 0.602654
0.1772 0.603033
0.1773 0.603586
0.1774 0.604061
0.1775 0.603835
0.1776 0.603599
0.1777 0.603892
0.1778 0.604491
0.1779 0.604694
0.178 0.604747
0.1781 0.6051
0.1782 0.60542
0.1783 0.605563
0.1784 0.605657
0.1785 0.606033
0.1786 0.606657
0.1787 0.606581
0.1788 0.606651
0.1789 0.607056
0.179 0.607183
0.1791 0.607794
0.1792 0.607965
0.1793 0.608294
0.1794 0.608668
0.1795 0.60917
0.1796 0.609449
0.1797 0.60976
0.1798 0.610038
0.1799 0.610386
0.18 0.610789
0.1801 0.61082
0.1802 0.611505
0.1803 0.611755
0.1804 0.611942
0.1805 0.612565
0.1806 0.613244
0.1807 0.613642
0.1808 0.61375
0.1809 0.613941
0.181 0.614347
0.1811 0.614671
0.1812 0.614998
0.1813 0.615715
0.1814 0.616028
0.1815 0.616529
0.1816 0.616706
0.1817 0.616562
0.1818 0.616472
0.1819 0.616708
0.182 0.616728
0.1821 0.617069
0.1822 0.617767
0.1823 0.617776
0.1824 0.618442
0.1825 0.61861
0.1826 0.618713
0.1827 0.618992
0.1828 0.619033
0.1829 0.619447
0.183 0.62024
0.1831 0.620199
0.1832 0.620862
0.1833 0.621069
0.1834 0.621462
0.1835 0.621871
0.1836 0.622514
0.1837 0.623248
0.1838 0.623918
0.1839 0.624221
0.184 0.624432
0.1841 0.62491
0.1842 0.624974
0.1843 0.625104
0.1844 0.625579
0.1845 0.626022
0.1846 0.625903
0.1847 0.626206
0.1848 0.626902
0.1849 0.627042
0.185 0.62712
0.1851 0.626938
0.1852 0.627234
0.1853 0.627712
0.1854 0.628252
0.1855 0.628379
0.1856 0.628756
0.1857 0.62894
0.1858 0.629177
0.1859 0.629625
0.186 0.629909
0.1861 0.630013
0.1862 0.630133
0.1863 0.630485
0.1864 0.631114
0.1865 0.631654
0.1866 0.631924
0.1867 0.632257
0.1868 0.632388
0.1869 0.632347
0.187 0.632788
0.1871 0.632755
0.1872 0.633241
0.1873 0.633656
0.1874 0.6343
0.1875 0.634567
0.1876 0.635114
0.1877 0.635601
0.1878 0.636226
0.1879 0.636524
0.188 0.63718
0.1881 0.637185
0.1882 0.637569
0.1883 0.638231
0.1884 0.638593
0.1885 0.638843
0.1886 0.638886
0.1887 0.639275
0.1888 0.639717
0.1889 0.640144
0.189 0.640418
0.1891 0.640754
0.1892 0.640713
0.1893 0.641017
0.1894 0.641115
0.1895 0.641182
0.1896 0.641804
0.1897 0.642383
0.1898 0.642321
0.1899 0.642554
0.19 0.642952
0.1901 0.643251
0.1902 0.642896
0.1903 0.642653
0.1904 0.643025
0.1905 0.643535
0.1906 0.643698
0.1907 0.644222
0.1908 0.644502
0.1909 0.644525
0.191 0.64501
0.1911 0.645167
0.1912 0.645198
0.1913 0.645558
0.1914 0.646312
0.1915 0.646594
0.1916 0.646813
0.1917 0.647065
0.1918 0.647598
0.1919 0.647632
0.192 0.647904
0.1921 0.648189
0.1922 0.648217
0.1923 0.648707
0.1924 0.649528
0.1925 0.649694
0.1926 0.649786
0.1927 0.65003
0.1928 0.650373
0.1929 0.650728
0.193 0.65154
0.1931 0.651532
0.1932 0.651567
0.1933 0.652075
0.1934 0.651986
0.1935 0.652212
0.1936 0.652614
0.1937 0.652866
0.1938 0.653465
0.1939 0.653378
0.194 0.653619
0.1941 0.653816
0.1942 0.654278
0.1943 0.65442
0.1944 0.655058
0.1945 0.655415
0.1946 0.655705
0.1947 0.65576
0.1948 0.656071
0.1949 0.656082
0.195 0.656521
0.1951 0.657095
0.1952 0.657355
0.1953 0.657774
0.1954 0.658187
0.1955 0.658204
0.1956 0.658452
0.1957 0.658937
0.1958 0.659285
0.1959 0.659763
0.196 0.65983
0.1961 0.660267
0.1962 0.660742
0.1963 0.660797
0.1964 0.661083
0.1965 0.66133
0.1966 0.661551
0.1967 0.662015
0.1968 0.662524
0.1969 0.662638
0.197 0.662762
0.1971 0.663194
0.1972 0.663407
0.1973 0.663848
0.1974 0.6642
0.1975 0.664708
0.1976 0.664833
0.1977 0.665043
0.1978 0.66511
0.1979 0.665337
0.198 0.665373
0.1981 0.665589
0.1982 0.665838
0.1983 0.665789
0.1984 0.666245
0.1985 0.666623
0.1986 0.666911
0.1987 0.666935
0.1988 0.667521
0.1989 0.667851
0.199 0.668109
0.1991 0.668599
0.1992 0.668581
0.1993 0.66886
0.1994 0.669317
0.1995 0.669723
0.1996 0.670182
0.1997 0.670596
0.1998 0.670815
0.1999 0.671257
0.2 0.671105
0.2001 0.67172
0.2002 0.671763
0.2003 0.671549
0.2004 0.671294
0.2005 0.671629
0.2006 0.672121
0.2007 0.672815
0.2008 0.673194
0.2009 0.67344
0.201 0.673679
0.2011 0.673915
0.2012 0.674264
0.2013 0.674349
0.2014 0.674291
0.2015 0.674372
0.2016 0.67454
0.2017 0.674718
0.2018 0.675387
0.2019 0.67567
0.202 0.676041
0.2021 0.676178
0.2022 0.67678
0.2023 0.677067
0.2024 0.677647
0.2025 0.677975
0.2026 0.67827
0.2027 0.678475
0.2028 0.678451
0.2029 0.678841
0.203 0.679229
0.2031 0.679542
0.2032 0.679868
0.2033 0.680237
0.2034 0.680492
0.2035 0.680859
0.2036 0.680945
0.2037 0.681543
0.2038 0.681624
0.2039 0.682109
0.204 0.682729
0.2041 0.683253
0.2042 0.683475
0.2043 0.68401
0.2044 0.684521
0.2045 0.684995
0.2046 0.685223
0.2047 0.685322
0.2048 0.685601
0.2049 0.686252
0.205 0.686742
0.2051 0.687106
0.2052 0.687554
0.2053 0.688
0.2054 0.688722
0.2055 0.689041
0.2056 0.689272
0.2057 0.689698
0.2058 0.690068
0.2059 0.690599
0.206 0.691072
0.2061 0.69157
0.2062 0.6918
0.2063 0.69229
