0 0
0.0001 0.000399262
0.0002 0.000802724
0.0003 0.00120446
0.0004 0.00161759
0.0005 0.00200254
0.0006 0.00238623
0.0007 0.00279893
0.0008 0.00321095
0.0009 0.00362547
0.001 0.00401071
0.0011 0.00440498
0.0012 0.00481418
0.0013 0.00520741
0.0014 0.00560192
0.0015 0.00602925
0.0016 0.00640918
0.0017 0.00681636
0.0018 0.00720813
0.0019 0.00759444
0.002 0.00802321
0.0021 0.0084437
0.0022 0.00886772
0.0023 0.00924244
0.0024 0.0096263
0.0025 0.00999111
0.0026 0.010371
0.0027 0.0107881
0.0028 0.0111828
0.0029 0.0115696
0.003 0.0119935
0.0031 0.0123976
0.0032 0.0128087
0.0033 0.0132905
0.0034 0.0136686
0.0035 0.0140462
0.0036 0.0144115
0.0037 0.0147496
0.0038 0.0151573
0.0039 0.0155224
0.004 0.0158886
0.0041 0.0162763
0.0042 0.0166993
0.0043 0.0171369
0.0044 0.0175621
0.0045 0.0179342
0.0046 0.0183493
0.0047 0.018727
0.0048 0.019126
0.0049 0.0195717
0.005 0.0199743
0.0051 0.0203861
0.0052 0.0207919
0.0053 0.0212061
0.0054 0.0216106
0.0055 0.0219208
0.0056 0.0223061
0.0057 0.0226755
0.0058 0.0230872
0.0059 0.0234566
0.006 0.0238759
0.0061 0.0242658
0.0062 0.0246684
0.0063 0.0250503
0.0064 0.0254673
0.0065 0.0259152
0.0066 0.0263698
0.0067 0.0267737
0.0068 0.0271902
0.0069 0.0276278
0.007 0.0279834
0.0071 0.0283572
0.0072 0.0287231
0.0073 0.0290478
0.0074 0.0295489
0.0075 0.0299928
0.0076 0.0304133
0.0077 0.0307676
0.0078 0.0311851
0.0079 0.0316198
0.008 0.032028
0.0081 0.0324005
0.0082 0.0328462
0.0083 0.0331318
0.0084 0.0336058
0.0085 0.034051
0.0086 0.0343836
0.0087 0.0349135
0.0088 0.0353288
0.0089 0.0356899
0.009 0.0361581
0.0091 0.0365749
0.0092 0.0369557
0.0093 0.0373342
0.0094 0.0377596
0.0095 0.0381638
0.0096 0.0385763
0.0097 0.0389195
0.0098 0.0392886
0.0099 0.0396958
0.01 0.040069
0.0101 0.0404807
0.0102 0.0409466
0.0103 0.0413548
0.0104 0.0417376
0.0105 0.0422631
0.0106 0.0425725
0.0107 0.0429205
0.0108 0.0432601
0.0109 0.0436467
0.011 0.0441252
0.0111 0.0445059
0.0112 0.0449587
0.0113 0.0453987
0.0114 0.0457651
0.0115 0.0460694
0.0116 0.0465116
0.0117 0.0468899
0.0118 0.0473207
0.0119 0.0476672
0.012 0.0481137
0.0121 0.0486133
0.0122 0.04899
0.0123 0.0495023
0.0124 0.049973
0.0125 0.0504096
0.0126 0.0509251
0.0127 0.0512985
0.0128 0.0516389
0.0129 0.0519804
0.013 0.0522918
0.0131 0.0526004
0.0132 0.0529615
0.0133 0.0532214
0.0134 0.0535569
0.0135 0.0538978
0.0136 0.054317
0.0137 0.0546652
0.0138 0.0549601
0.0139 0.0553605
0.014 0.0558732
0.0141 0.0563158
0.0142 0.056667
0.0143 0.0571588
0.0144 0.0575385
0.0145 0.0580182
0.0146 0.0585183
0.0147 0.0589541
0.0148 0.0594303
0.0149 0.0597798
0.015 0.0601224
0.0151 0.0604894
0.0152 0.0608131
0.0153 0.061205
0.0154 0.0616722
0.0155 0.0619256
0.0156 0.0623111
0.0157 0.0626037
0.0158 0.0630691
0.0159 0.0633506
0.016 0.0636025
0.0161 0.0640575
0.0162 0.0644811
0.0163 0.0648222
0.0164 0.0652695
0.0165 0.0656347
0.0166 0.066036
0.0167 0.0666119
0.0168 0.0669553
0.0169 0.0672588
0.017 0.0677088
0.0171 0.0680916
0.0172 0.068529
0.0173 0.0689743
0.0174 0.0694735
0.0175 0.0699345
0.0176 0.0703834
0.0177 0.070657
0.0178 0.0708829
0.0179 0.0713329
0.018 0.0715581
0.0181 0.0720102
0.0182 0.0724126
0.0183 0.0726912
0.0184 0.072996
0.0185 0.0733028
0.0186 0.0738
0.0187 0.0743167
0.0188 0.0747282
0.0189 0.0750654
0.019 0.0755267
0.0191 0.0758459
0.0192 0.0763089
0.0193 0.0767443
0.0194 0.0771679
0.0195 0.0775755
0.0196 0.0778344
0.0197 0.0783032
0.0198 0.0786994
0.0199 0.0791009
0.02 0.0795761
0.0201 0.0800348
0.0202 0.0804305
0.0203 0.0807843
0.0204 0.0811918
0.0205 0.0815838
0.0206 0.082046
0.0207 0.0823836
0.0208 0.0828263
0.0209 0.083266
0.021 0.0837586
0.0211 0.0841618
0.0212 0.0845975
0.0213 0.0850428
0.0214 0.0853285
0.0215 0.0859615
0.0216 0.0864306
0.0217 0.0866749
0.0218 0.0870491
0.0219 0.0874935
0.022 0.087966
0.0221 0.0884312
0.0222 0.0887627
0.0223 0.0893041
0.0224 0.0897603
0.0225 0.0901012
0.0226 0.0905649
0.0227 0.0908678
0.0228 0.0911934
0.0229 0.0915232
0.023 0.0918135
0.0231 0.0921268
0.0232 0.0925224
0.0233 0.0931228
0.0234 0.0933301
0.0235 0.0936985
0.0236 0.0940734
0.0237 0.0943093
0.0238 0.0946434
0.0239 0.0951369
0.024 0.0956627
0.0241 0.0961263
0.0242 0.0965887
0.0243 0.0969751
0.0244 0.0973724
0.0245 0.0978433
0.0246 0.0982459
0.0247 0.0986196
0.0248 0.0989508
0.0249 0.0993648
0.025 0.0996753
0.0251 0.100041
0.0252 0.100302
0.0253 0.100765
0.0254 0.101153
0.0255 0.101535
0.0256 0.101864
0.0257 0.102138
0.0258 0.102499
0.0259 0.102819
0.026 0.103107
0.0261 0.10354
0.0262 0.103851
0.0263 0.104063
0.0264 0.104512
0.0265 0.104946
0.0266 0.105308
0.0267 0.105579
0.0268 0.105885
0.0269 0.106301
0.027 0.106653
0.0271 0.107158
0.0272 0.1074
0.0273 0.107693
0.0274 0.108119
0.0275 0.108384
0.0276 0.108946
0.0277 0.109453
0.0278 0.109847
0.0279 0.110237
0.028 0.110539
0.0281 0.110854
0.0282 0.111161
0.0283 0.11162
0.0284 0.112063
0.0285 0.112378
0.0286 0.112853
0.0287 0.113149
0.0288 0.113665
0.0289 0.114244
0.029 0.11455
0.0291 0.115038
0.0292 0.115464
0.0293 0.115843
0.0294 0.116333
0.0295 0.116761
0.0296 0.117149
0.0297 0.117522
0.0298 0.117842
0.0299 0.118254
0.03 0.118631
0.0301 0.119022
0.0302 0.119516
0.0303 0.119933
0.0304 0.120387
0.0305 0.120577
0.0306 0.120946
0.0307 0.12129
0.0308 0.121733
0.0309 0.122126
0.031 0.122567
0.0311 0.122884
0.0312 0.123138
0.0313 0.123589
0.0314 0.124019
0.0315 0.124477
0.0316 0.124868
0.0317 0.1252
0.0318 0.125437
0.0319 0.125805
0.032 0.126125
0.0321 0.126444
0.0322 0.12687
0.0323 0.127206
0.0324 0.127491
0.0325 0.127734
0.0326 0.12802
0.0327 0.128238
0.0328 0.128782
0.0329 0.129158
0.033 0.129371
0.0331 0.129921
0.0332 0.13031
0.0333 0.13083
0.0334 0.131192
0.0335 0.131659
0.0336 0.131924
0.0337 0.132388
0.0338 0.132686
0.0339 0.132946
0.034 0.133337
0.0341 0.133586
0.0342 0.133895
0.0343 0.134325
0.0344 0.134661
0.0345 0.13512
0.0346 0.135611
0.0347 0.136016
0.0348 0.136173
0.0349 0.136597
0.035 0.136771
0.0351 0.13716
0.0352 0.137621
0.0353 0.138086
0.0354 0.138185
0.0355 0.138376
0.0356 0.138794
0.0357 0.139186
0.0358 0.139811
0.0359 0.140149
0.036 0.140715
0.0361 0.141052
0.0362 0.141448
0.0363 0.141785
0.0364 0.14197
0.0365 0.142332
0.0366 0.142606
0.0367 0.142968
0.0368 0.143244
0.0369 0.143593
0.037 0.144063
0.0371 0.144479
0.0372 0.144775
0.0373 0.145113
0.0374 0.145508
0.0375 0.145856
0.0376 0.146086
0.0377 0.146361
0.0378 0.146681
0.0379 0.147214
0.038 0.147616
0.0381 0.14801
0.0382 0.148456
0.0383 0.14879
0.0384 0.149067
0.0385 0.149366
0.0386 0.149683
0.0387 0.149974
0.0388 0.150286
0.0389 0.150611
0.039 0.150947
0.0391 0.151593
0.0392 0.151813
0.0393 0.152041
0.0394 0.152578
0.0395 0.152884
0.0396 0.153402
0.0397 0.153721
0.0398 0.154042
0.0399 0.154419
0.04 0.154918
0.0401 0.155278
0.0402 0.155654
0.0403 0.155897
0.0404 0.156308
0.0405 0.15675
0.0406 0.15711
0.0407 0.157344
0.0408 0.157492
0.0409 0.157621
0.041 0.15831
0.0411 0.158595
0.0412 0.158921
0.0413 0.159246
0.0414 0.159657
0.0415 0.159974
0.0416 0.160367
0.0417 0.160763
0.0418 0.160985
0.0419 0.16128
0.042 0.161538
0.0421 0.161982
0.0422 0.162288
0.0423 0.162838
0.0424 0.16321
0.0425 0.163617
0.0426 0.163828
0.0427 0.164292
0.0428 0.164702
0.0429 0.165131
0.043 0.16555
0.0431 0.165978
0.0432 0.166344
0.0433 0.166404
0.0434 0.166905
0.0435 0.167208
0.0436 0.167614
0.0437 0.16784
0.0438 0.168191
0.0439 0.168289
0.044 0.168469
0.0441 0.168674
0.0442 0.169069
0.0443 0.169393
0.0444 0.169822
0.0445 0.170243
0.0446 0.170679
0.0447 0.171193
0.0448 0.171653
0.0449 0.17197
0.045 0.172412
0.0451 0.172672
0.0452 0.172987
0.0453 0.1732
0.0454 0.173597
0.0455 0.173971
0.0456 0.174473
0.0457 0.174959
0.0458 0.175136
0.0459 0.175362
0.046 0.175582
0.0461 0.175985
0.0462 0.176434
0.0463 0.176629
0.0464 0.177013
0.0465 0.177115
0.0466 0.177453
0.0467 0.177626
0.0468 0.178104
0.0469 0.178417
0.047 0.179059
0.0471 0.179271
0.0472 0.179748
0.0473 0.180064
0.0474 0.180548
0.0475 0.18075
0.0476 0.181069
0.0477 0.181327
0.0478 0.181775
0.0479 0.182234
0.048 0.182989
0.0481 0.183176
0.0482 0.183486
0.0483 0.183862
0.0484 0.183979
0.0485 0.184143
0.0486 0.184404
0.0487 0.184737
0.0488 0.184986
0.0489 0.185324
0.049 0.185846
0.0491 0.185995
0.0492 0.186476
0.0493 0.18679
0.0494 0.187209
0.0495 0.187601
0.0496 0.187767
0.0497 0.18817
0.0498 0.188542
0.0499 0.188812
0.05 0.189042
0.0501 0.189454
0.0502 0.18986
0.0503 0.189964
0.0504 0.19031
0.0505 0.190486
0.0506 0.190747
0.0507 0.191141
0.0508 0.191291
0.0509 0.191568
0.051 0.191927
0.0511 0.192216
0.0512 0.192436
0.0513 0.192593
0.0514 0.192918
0.0515 0.193328
0.0516 0.193694
0.0517 0.193816
0.0518 0.194176
0.0519 0.194399
0.052 0.194831
0.0521 0.195437
0.0522 0.195723
0.0523 0.196102
0.0524 0.196317
0.0525 0.196584
0.0526 0.196729
0.0527 0.196965
0.0528 0.197461
0.0529 0.197631
0.053 0.198262
0.0531 0.198658
0.0532 0.199087
0.0533 0.199372
0.0534 0.199779
0.0535 0.199973
0.0536 0.200202
0.0537 0.200312
0.0538 0.200508
0.0539 0.200791
0.054 0.200929
0.0541 0.201274
0.0542 0.201392
0.0543 0.201939
0.0544 0.202293
0.0545 0.202602
0.0546 0.202813
0.0547 0.203261
0.0548 0.203515
0.0549 0.203801
0.055 0.204239
0.0551 0.204701
0.0552 0.205111
0.0553 0.205389
0.0554 0.20591
0.0555 0.206183
0.0556 0.206829
0.0557 0.207187
0.0558 0.207427
0.0559 0.207775
0.056 0.208231
0.0561 0.208552
0.0562 0.208863
0.0563 0.209048
0.0564 0.209369
0.0565 0.209789
0.0566 0.210288
0.0567 0.210484
0.0568 0.210695
0.0569 0.211005
0.057 0.211199
0.0571 0.211286
0.0572 0.211665
0.0573 0.211902
0.0574 0.212422
0.0575 0.212521
0.0576 0.212755
0.0577 0.213224
0.0578 0.21384
0.0579 0.214184
0.058 0.214405
0.0581 0.214716
0.0582 0.21527
0.0583 0.215458
0.0584 0.215607
0.0585 0.216026
0.0586 0.216645
0.0587 0.217144
0.0588 0.217567
0.0589 0.217816
0.059 0.218042
0.0591 0.218505
0.0592 0.218927
0.0593 0.219142
0.0594 0.21926
0.0595 0.219557
0.0596 0.220038
0.0597 0.220367
0.0598 0.220867
0.0599 0.221202
0.06 0.221319
0.0601 0.221742
0.0602 0.222105
0.0603 0.222495
0.0604 0.222844
0.0605 0.222969
0.0606 0.223342
0.0607 0.223598
0.0608 0.224119
0.0609 0.224334
0.061 0.22471
0.0611 0.224983
0.0612 0.225347
0.0613 0.225676
0.0614 0.225853
0.0615 0.22633
0.0616 0.226559
0.0617 0.227023
0.0618 0.227349
0.0619 0.227743
0.062 0.228022
0.0621 0.228667
0.0622 0.228649
0.0623 0.228945
0.0624 0.229138
0.0625 0.229685
0.0626 0.229848
0.0627 0.230166
0.0628 0.230437
0.0629 0.231079
0.063 0.231206
0.0631 0.231392
0.0632 0.231887
0.0633 0.231978
0.0634 0.232233
0.0635 0.232726
0.0636 0.233217
0.0637 0.233514
0.0638 0.233676
0.0639 0.234086
0.064 0.234429
0.0641 0.234734
0.0642 0.234927
0.0643 0.2352
0.0644 0.235428
0.0645 0.235383
0.0646 0.235743
0.0647 0.235926
0.0648 0.236059
0.0649 0.236287
0.065 0.236555
0.0651 0.237055
0.0652 0.237344
0.0653 0.237732
0.0654 0.237941
0.0655 0.238377
0.0656 0.238542
0.0657 0.238966
0.0658 0.239337
0.0659 0.239468
0.066 0.239731
0.0661 0.239997
0.0662 0.240483
0.0663 0.24078
0.0664 0.241083
0.0665 0.241723
0.0666 0.24198
0.0667 0.242276
0.0668 0.242698
0.0669 0.243139
0.067 0.243423
0.0671 0.243524
0.0672 0.243995
0.0673 0.244014
0.0674 0.244402
0.0675 0.244639
0.0676 0.244893
0.0677 0.245229
0.0678 0.245435
0.0679 0.245791
0.068 0.24601
0.0681 0.246149
0.0682 0.246393
0.0683 0.246843
0.0684 0.247081
0.0685 0.24714
0.0686 0.24764
0.0687 0.248105
0.0688 0.248438
0.0689 0.248569
0.069 0.248524
0.0691 0.249108
0.0692 0.249401
0.0693 0.249761
0.0694 0.250003
0.0695 0.25076
0.0696 0.25115
0.0697 0.251771
0.0698 0.252322
0.0699 0.252568
0.07 0.25309
0.0701 0.253548
0.0702 0.254062
0.0703 0.254254
0.0704 0.254634
0.0705 0.255013
0.0706 0.255452
0.0707 0.255746
0.0708 0.255863
0.0709 0.256343
0.071 0.256743
0.0711 0.257058
0.0712 0.257584
0.0713 0.257691
0.0714 0.257942
0.0715 0.2582
0.0716 0.258677
0.0717 0.259241
0.0718 0.25962
0.0719 0.260083
0.072 0.260253
0.0721 0.260286
0.0722 0.26066
0.0723 0.261118
0.0724 0.26114
0.0725 0.261532
0.0726 0.26202
0.0727 0.262171
0.0728 0.262479
0.0729 0.262736
0.073 0.263092
0.0731 0.263397
0.0732 0.263682
0.0733 0.264052
0.0734 0.264515
0.0735 0.264908
0.0736 0.265436
0.0737 0.265808
0.0738 0.266032
0.0739 0.266418
0.074 0.266877
0.0741 0.267217
0.0742 0.267586
0.0743 0.268131
0.0744 0.268363
0.0745 0.268896
0.0746 0.269333
0.0747 0.26958
0.0748 0.270121
0.0749 0.270723
0.075 0.271315
0.0751 0.271484
0.0752 0.271435
0.0753 0.271566
0.0754 0.272077
0.0755 0.272155
0.0756 0.27249
0.0757 0.272775
0.0758 0.27317
0.0759 0.273243
0.076 0.273595
0.0761 0.27396
0.0762 0.274279
0.0763 0.274813
0.0764 0.27509
0.0765 0.275399
0.0766 0.275652
0.0767 0.275789
0.0768 0.276137
0.0769 0.276408
0.077 0.276842
0.0771 0.277034
0.0772 0.277344
0.0773 0.277614
0.0774 0.277743
0.0775 0.278277
0.0776 0.278706
0.0777 0.27911
0.0778 0.279358
0.0779 0.279981
0.078 0.280239
0.0781 0.280381
0.0782 0.280832
0.0783 0.281235
0.0784 0.281623
0.0785 0.281805
0.0786 0.281947
0.0787 0.28244
0.0788 0.282698
0.0789 0.283111
0.079 0.283377
0.0791 0.283664
0.0792 0.283998
0.0793 0.284255
0.0794 0.284466
0.0795 0.284791
0.0796 0.284957
0.0797 0.285309
0.0798 0.285811
0.0799 0.286133
0.08 0.286567
0.0801 0.286856
0.0802 0.287026
0.0803 0.28736
0.0804 0.287543
0.0805 0.287751
0.0806 0.288226
0.0807 0.288635
0.0808 0.289232
0.0809 0.289446
0.081 0.289856
0.0811 0.290027
0.0812 0.290381
0.0813 0.290877
0.0814 0.291072
0.0815 0.291375
0.0816 0.291841
0.0817 0.292204
0.0818 0.292675
0.0819 0.293288
0.082 0.29351
0.0821 0.293615
0.0822 0.294021
0.0823 0.294257
0.0824 0.294624
0.0825 0.294828
0.0826 0.294769
0.0827 0.295295
0.0828 0.295855
0.0829 0.295934
0.083 0.295934
0.0831 0.296136
0.0832 0.296654
0.0833 0.297073
0.0834 0.297532
0.0835 0.298143
0.0836 0.298412
0.0837 0.29878
0.0838 0.299026
0.0839 0.299371
0.084 0.299469
0.0841 0.299918
0.0842 0.300113
0.0843 0.300713
0.0844 0.30121
0.0845 0.301696
0.0846 0.301799
0.0847 0.302314
0.0848 0.302707
0.0849 0.3034
0.085 0.303667
0.0851 0.303862
0.0852 0.304108
0.0853 0.304195
0.0854 0.304647
0.0855 0.305172
0.0856 0.305457
0.0857 0.305976
0.0858 0.30628
0.0859 0.30652
0.086 0.306958
0.0861 0.307269
0.0862 0.307568
0.0863 0.307726
0.0864 0.30802
0.0865 0.308368
0.0866 0.308771
0.0867 0.309149
0.0868 0.309563
0.0869 0.309752
0.087 0.310183
0.0871 0.310628
0.0872 0.311177
0.0873 0.311209
0.0874 0.311552
0.0875 0.311886
0.0876 0.312544
0.0877 0.313029
0.0878 0.313203
0.0879 0.313613
0.088 0.313862
0.0881 0.314104
0.0882 0.314281
0.0883 0.314806
0.0884 0.315174
0.0885 0.315359
0.0886 0.315967
0.0887 0.316252
0.0888 0.316456
0.0889 0.316832
0.089 0.317151
0.0891 0.317435
0.0892 0.317886
0.0893 0.318384
0.0894 0.318791
0.0895 0.319265
0.0896 0.31955
0.0897 0.319957
0.0898 0.320291
0.0899 0.320312
0.09 0.320758
0.0901 0.320706
0.0902 0.321012
0.0903 0.32105
0.0904 0.321248
0.0905 0.321598
0.0906 0.321859
0.0907 0.32204
0.0908 0.322374
0.0909 0.322315
0.091 0.322662
0.0911 0.323196
0.0912 0.32389
0.0913 0.324211
0.0914 0.324356
0.0915 0.32455
0.0916 0.325079
0.0917 0.32549
0.0918 0.325974
0.0919 0.326433
0.092 0.326607
0.0921 0.326668
0.0922 0.326935
0.0923 0.327014
0.0924 0.327322
0.0925 0.327609
0.0926 0.327998
0.0927 0.328326
0.0928 0.32836
0.0929 0.328595
0.093 0.328753
0.0931 0.329311
0.0932 0.329429
0.0933 0.329531
0.0934 0.330086
0.0935 0.330252
0.0936 0.330732
0.0937 0.331035
0.0938 0.331531
0.0939 0.332034
0.094 0.332416
0.0941 0.332944
0.0942 0.333227
0.0943 0.333585
0.0944 0.333912
0.0945 0.334532
0.0946 0.33482
0.0947 0.335047
0.0948 0.335419
0.0949 0.336022
0.095 0.336189
0.0951 0.336432
0.0952 0.337022
0.0953 0.337225
0.0954 0.33731
0.0955 0.337701
0.0956 0.337941
0.0957 0.338106
0.0958 0.33829
0.0959 0.338338
0.096 0.338997
0.0961 0.339274
0.0962 0.339816
0.0963 0.340104
0.0964 0.340089
0.0965 0.340309
0.0966 0.340575
0.0967 0.340948
0.0968 0.341252
0.0969 0.341753
0.097 0.341982
0.0971 0.34257
0.0972 0.343139
0.0973 0.343494
0.0974 0.343926
0.0975 0.344565
0.0976 0.345183
0.0977 0.345292
0.0978 0.345382
0.0979 0.345455
0.098 0.345823
0.0981 0.34591
0.0982 0.346311
0.0983 0.346752
0.0984 0.346872
0.0985 0.347185
0.0986 0.347407
0.0987 0.347651
0.0988 0.347933
0.0989 0.34843
0.099 0.348978
0.0991 0.349431
0.0992 0.349406
0.0993 0.349402
0.0994 0.349431
0.0995 0.349677
0.0996 0.350008
0.0997 0.350297
0.0998 0.350374
0.0999 0.350374
0.1 0.350583
0.1001 0.351185
0.1002 0.351513
0.1003 0.351678
0.1004 0.352106
0.1005 0.352505
0.1006 0.353147
0.1007 0.353364
0.1008 0.353366
0.1009 0.353458
0.101 0.353634
0.1011 0.354212
0.1012 0.354529
0.1013 0.354657
0.1014 0.355279
0.1015 0.355662
0.1016 0.355926
0.1017 0.356125
0.1018 0.356574
0.1019 0.356995
0.102 0.357388
0.1021 0.357719
0.1022 0.358292
0.1023 0.358786
0.1024 0.358837
0.1025 0.359101
0.1026 0.359452
0.1027 0.359675
0.1028 0.360065
0.1029 0.360294
0.103 0.360633
0.1031 0.361124
0.1032 0.36144
0.1033 0.361733
0.1034 0.361849
0.1035 0.362103
0.1036 0.362494
0.1037 0.362854
0.1038 0.363124
0.1039 0.363448
0.104 0.363943
0.1041 0.364193
0.1042 0.364778
0.1043 0.364945
0.1044 0.365116
0.1045 0.365535
0.1046 0.365779
0.1047 0.366159
0.1048 0.366311
0.1049 0.366859
0.105 0.367004
0.1051 0.367432
0.1052 0.367333
0.1053 0.367403
0.1054 0.367837
0.1055 0.368016
0.1056 0.368346
0.1057 0.368696
0.1058 0.369028
0.1059 0.369464
0.106 0.369719
0.1061 0.369637
0.1062 0.37002
0.1063 0.370272
0.1064 0.370722
0.1065 0.370962
0.1066 0.371271
0.1067 0.371611
0.1068 0.372195
0.1069 0.372565
0.107 0.372775
0.1071 0.373277
0.1072 0.373718
0.1073 0.373816
0.1074 0.374308
0.1075 0.374546
0.1076 0.374876
0.1077 0.375227
0.1078 0.375567
0.1079 0.376084
0.108 0.376413
0.1081 0.376994
0.1082 0.377143
0.1083 0.377271
0.1084 0.377688
0.1085 0.378052
0.1086 0.37833
0.1087 0.378634
0.1088 0.37862
0.1089 0.378989
0.109 0.379239
0.1091 0.379569
0.1092 0.379917
0.1093 0.380169
0.1094 0.380357
0.1095 0.380876
0.1096 0.381221
0.1097 0.381421
0.1098 0.381885
0.1099 0.382248
0.11 0.382405
0.1101 0.38261
0.1102 0.382981
0.1103 0.383166
0.1104 0.383309
0.1105 0.383779
0.1106 0.384122
0.1107 0.384544
0.1108 0.384816
0.1109 0.385171
0.111 0.385285
0.1111 0.385757
0.1112 0.386364
0.1113 0.386737
0.1114 0.386966
0.1115 0.387439
0.1116 0.387705
0.1117 0.388046
0.1118 0.388119
0.1119 0.388411
0.112 0.388506
0.1121 0.388503
0.1122 0.388765
0.1123 0.389298
0.1124 0.389785
0.1125 0.38993
0.1126 0.390219
0.1127 0.390335
0.1128 0.39068
0.1129 0.391246
0.113 0.391372
0.1131 0.391545
0.1132 0.392156
0.1133 0.392486
0.1134 0.392767
0.1135 0.39332
0.1136 0.393537
0.1137 0.394122
0.1138 0.394378
0.1139 0.394707
0.114 0.395266
0.1141 0.395643
0.1142 0.395841
0.1143 0.396191
0.1144 0.396383
0.1145 0.396579
0.1146 0.396931
0.1147 0.397224
0.1148 0.397646
0.1149 0.398144
0.115 0.398786
0.1151 0.39899
0.1152 0.399464
0.1153 0.399736
0.1154 0.399877
0.1155 0.399957
0.1156 0.400243
0.1157 0.400556
0.1158 0.400978
0.1159 0.401186
0.116 0.40159
0.1161 0.401746
0.1162 0.402091
0.1163 0.402626
0.1164 0.402752
0.1165 0.403252
0.1166 0.403659
0.1167 0.403747
0.1168 0.404017
0.1169 0.404208
0.117 0.404561
0.1171 0.404968
0.1172 0.405157
0.1173 0.405515
0.1174 0.40538
0.1175 0.405572
0.1176 0.405712
0.1177 0.406235
0.1178 0.406302
0.1179 0.406763
0.118 0.406784
0.1181 0.407046
0.1182 0.407297
0.1183 0.407555
0.1184 0.407848
0.1185 0.407958
0.1186 0.408406
0.1187 0.408736
0.1188 0.409042
0.1189 0.409301
0.119 0.409426
0.1191 0.409728
0.1192 0.410139
0.1193 0.410424
0.1194 0.410916
0.1195 0.411179
0.1196 0.411626
0.1197 0.411961
0.1198 0.412401
0.1199 0.412687
0.12 0.41287
0.1201 0.413185
0.1202 0.413697
0.1203 0.414061
0.1204 0.414346
0.1205 0.414793
0.1206 0.415002
0.1207 0.415413
0.1208 0.415783
0.1209 0.416056
0.121 0.416594
0.1211 0.417246
0.1212 0.417551
0.1213 0.417911
0.1214 0.418271
0.1215 0.418507
0.1216 0.418807
0.1217 0.418815
0.1218 0.41924
0.1219 0.419669
0.122 0.420006
0.1221 0.420001
0.1222 0.420101
0.1223 0.420386
0.1224 0.42096
0.1225 0.421409
0.1226 0.421743
0.1227 0.422129
0.1228 0.422167
0.1229 0.422449
0.123 0.422572
0.1231 0.422858
0.1232 0.423363
0.1233 0.423738
0.1234 0.424065
0.1235 0.424459
0.1236 0.424706
0.1237 0.424901
0.1238 0.424934
0.1239 0.425084
0.124 0.425215
0.1241 0.425753
0.1242 0.425924
0.1243 0.426093
0.1244 0.426268
0.1245 0.426557
0.1246 0.426901
0.1247 0.427013
0.1248 0.427479
0.1249 0.427385
0.125 0.427752
0.1251 0.428061
0.1252 0.428471
0.1253 0.428951
0.1254 0.429147
0.1255 0.429585
0.1256 0.429987
0.1257 0.430111
0.1258 0.430415
0.1259 0.430875
0.126 0.431417
0.1261 0.431607
0.1262 0.431913
0.1263 0.432514
0.1264 0.432885
0.1265 0.433023
0.1266 0.433492
0.1267 0.433674
0.1268 0.434058
0.1269 0.434272
0.127 0.434675
0.1271 0.434913
0.1272 0.435124
0.1273 0.435354
0.1274 0.435581
0.1275 0.435783
0.1276 0.43601
0.1277 0.43639
0.1278 0.436771
0.1279 0.437325
0.128 0.437756
0.1281 0.43815
0.1282 0.438167
0.1283 0.438471
0.1284 0.438717
0.1285 0.439106
0.1286 0.439705
0.1287 0.439919
0.1288 0.440222
0.1289 0.440743
0.129 0.440986
0.1291 0.441227
0.1292 0.441643
0.1293 0.442048
0.1294 0.442547
0.1295 0.442891
0.1296 0.443162
0.1297 0.443533
0.1298 0.443847
0.1299 0.444273
0.13 0.44457
0.1301 0.445133
0.1302 0.445362
0.1303 0.445527
0.1304 0.445813
0.1305 0.446026
0.1306 0.446406
0.1307 0.447031
0.1308 0.447395
0.1309 0.447769
0.131 0.448004
0.1311 0.448088
0.1312 0.448127
0.1313 0.448623
0.1314 0.449163
0.1315 0.449192
0.1316 0.449323
0.1317 0.449808
0.1318 0.450102
0.1319 0.450279
0.132 0.450611
0.1321 0.450996
0.1322 0.451278
0.1323 0.451683
0.1324 0.451897
0.1325 0.452233
0.1326 0.452405
0.1327 0.452699
0.1328 0.453147
0.1329 0.453505
0.133 0.453568
0.1331 0.454188
0.1332 0.454657
0.1333 0.454784
0.1334 0.454906
0.1335 0.455314
0.1336 0.455672
0.1337 0.45582
0.1338 0.455676
0.1339 0.456202
0.134 0.45649
0.1341 0.45696
0.1342 0.457485
0.1343 0.457847
0.1344 0.45823
0.1345 0.458683
0.1346 0.458938
0.1347 0.459167
0.1348 0.459487
0.1349 0.459874
0.135 0.4604
0.1351 0.460666
0.1352 0.460973
0.1353 0.461254
0.1354 0.461876
0.1355 0.462305
0.1356 0.462606
0.1357 0.463138
0.1358 0.463625
0.1359 0.463682
0.136 0.463884
0.1361 0.464357
0.1362 0.464718
0.1363 0.46494
0.1364 0.465558
0.1365 0.465641
0.1366 0.465843
0.1367 0.466203
0.1368 0.466428
0.1369 0.466813
0.137 0.467598
0.1371 0.467872
0.1372 0.468259
0.1373 0.468896
0.1374 0.469339
0.1375 0.469541
0.1376 0.469878
0.1377 0.470411
0.1378 0.470984
0.1379 0.471617
0.138 0.471967
0.1381 0.472774
0.1382 0.473189
0.1383 0.473374
0.1384 0.473547
0.1385 0.473724
0.1386 0.473916
0.1387 0.474289
0.1388 0.474394
0.1389 0.474514
0.139 0.474647
0.1391 0.474783
0.1392 0.475219
0.1393 0.47566
0.1394 0.475867
0.1395 0.476157
0.1396 0.476558
0.1397 0.47672
0.1398 0.476908
0.1399 0.476822
0.14 0.476917
0.1401 0.477153
0.1402 0.477288
0.1403 0.477706
0.1404 0.478077
0.1405 0.478231
0.1406 0.47854
0.1407 0.478891
0.1408 0.479272
0.1409 0.479331
0.141 0.479653
0.1411 0.479944
0.1412 0.480398
0.1413 0.48078
0.1414 0.481142
0.1415 0.481279
0.1416 0.48163
0.1417 0.481839
0.1418 0.48226
0.1419 0.482654
0.142 0.48309
0.1421 0.483491
0.1422 0.483657
0.1423 0.483928
0.1424 0.484449
0.1425 0.484592
0.1426 0.484486
0.1427 0.484782
0.1428 0.484793
0.1429 0.485347
0.143 0.485718
0.1431 0.485913
0.1432 0.486311
0.1433 0.486564
0.1434 0.486797
0.1435 0.487
0.1436 0.487274
0.1437 0.48786
0.1438 0.488286
0.1439 0.488516
0.144 0.488445
0.1441 0.488826
0.1442 0.489052
0.1443 0.489167
0.1444 0.489322
0.1445 0.489575
0.1446 0.490404
0.1447 0.490856
0.1448 0.491343
0.1449 0.491556
0.145 0.491807
0.1451 0.492182
0.1452 0.492299
0.1453 0.492639
0.1454 0.492706
0.1455 0.493757
0.1456 0.494044
0.1457 0.49427
0.1458 0.494373
0.1459 0.494496
0.146 0.494896
0.1461 0.49528
0.1462 0.495378
0.1463 0.495617
0.1464 0.495719
0.1465 0.496295
0.1466 0.496959
0.1467 0.49771
0.1468 0.498058
0.1469 0.498456
0.147 0.498519
0.1471 0.499095
0.1472 0.499622
0.1473 0.499781
0.1474 0.499994
0.1475 0.500362
0.1476 0.500698
0.1477 0.500987
0.1478 0.501578
0.1479 0.501574
0.148 0.501754
0.1481 0.502027
0.1482 0.502407
0.1483 0.502862
0.1484 0.503303
0.1485 0.503581
0.1486 0.503629
0.1487 0.504342
0.1488 0.504628
0.1489 0.504778
0.149 0.505189
0.1491 0.505657
0.1492 0.506187
0.1493 0.506408
0.1494 0.506725
0.1495 0.507251
0.1496 0.507809
0.1497 0.508466
0.1498 0.508781
0.1499 0.50917
0.15 0.509641
0.1501 0.51007
0.1502 0.510071
0.1503 0.510341
0.1504 0.511011
0.1505 0.511487
0.1506 0.511859
0.1507 0.511982
0.1508 0.512328
0.1509 0.512566
0.151 0.51271
0.1511 0.513179
0.1512 0.513338
0.1513 0.513853
0.1514 0.514576
0.1515 0.515008
0.1516 0.515147
0.1517 0.515345
0.1518 0.515237
0.1519 0.515415
0.152 0.515887
0.1521 0.515765
0.1522 0.516265
0.1523 0.516202
0.1524 0.516495
0.1525 0.516548
0.1526 0.516818
0.1527 0.517242
0.1528 0.517518
0.1529 0.518153
0.153 0.518352
0.1531 0.518902
0.1532 0.519228
0.1533 0.519559
0.1534 0.519544
0.1535 0.520077
0.1536 0.520301
0.1537 0.520829
0.1538 0.521342
0.1539 0.521606
0.154 0.522123
0.1541 0.522524
0.1542 0.522869
0.1543 0.523182
0.1544 0.52319
0.1545 0.523734
0.1546 0.524396
0.1547 0.524435
0.1548 0.524879
0.1549 0.525314
0.155 0.525869
0.1551 0.525951
0.1552 0.526066
0.1553 0.526627
0.1554 0.527291
0.1555 0.527658
0.1556 0.52778
0.1557 0.528034
0.1558 0.528214
0.1559 0.528568
0.156 0.529164
0.1561 0.529631
0.1562 0.52987
0.1563 0.530188
0.1564 0.530285
0.1565 0.530471
0.1566 0.530874
0.1567 0.531308
0.1568 0.5315
0.1569 0.531602
0.157 0.531742
0.1571 0.531957
0.1572 0.532013
0.1573 0.532608
0.1574 0.532655
0.1575 0.532715
0.1576 0.533058
0.1577 0.533385
0.1578 0.533585
0.1579 0.53353
0.158 0.533999
0.1581 0.534097
0.1582 0.534674
0.1583 0.535236
0.1584 0.535295
0.1585 0.535509
0.1586 0.535571
0.1587 0.535867
0.1588 0.536408
0.1589 0.536871
0.159 0.536942
0.1591 0.537027
0.1592 0.537354
0.1593 0.538035
0.1594 0.538221
0.1595 0.53857
0.1596 0.53902
0.1597 0.53928
0.1598 0.539609
0.1599 0.540288
0.16 0.540942
0.1601 0.541145
0.1602 0.541674
0.1603 0.541788
0.1604 0.541841
0.1605 0.542224
0.1606 0.54293
0.1607 0.543141
0.1608 0.543158
0.1609 0.543537
0.161 0.543627
0.1611 0.543741
0.1612 0.543799
0.1613 0.543878
0.1614 0.544052
0.1615 0.544381
0.1616 0.544485
0.1617 0.54485
0.1618 0.545305
0.1619 0.54595
0.162 0.546018
0.1621 0.54604
0.1622 0.546072
0.1623 0.54618
0.1624 0.546425
0.1625 0.546472
0.1626 0.546605
0.1627 0.546462
0.1628 0.546716
0.1629 0.547125
0.163 0.54759
0.1631 0.547926
0.1632 0.548551
0.1633 0.549098
0.1634 0.549685
0.1635 0.550186
0.1636 0.550244
0.1637 0.550803
0.1638 0.550998
0.1639 0.551205
0.164 0.551747
0.1641 0.552139
0.1642 0.552475
0.1643 0.552873
0.1644 0.553296
0.1645 0.553311
0.1646 0.553437
0.1647 0.553621
0.1648 0.553991
0.1649 0.554198
0.165 0.554284
0.1651 0.554806
0.1652 0.554677
0.1653 0.555005
0.1654 0.555192
0.1655 0.555721
0.1656 0.556171
0.1657 0.556598
0.1658 0.556897
0.1659 0.557395
0.166 0.557926
0.1661 0.558445
0.1662 0.558986
0.1663 0.559024
0.1664 0.559448
0.1665 0.559566
0.1666 0.55949
0.1667 0.559502
0.1668 0.559837
0.1669 0.560252
0.167 0.560602
0.1671 0.561015
0.1672 0.561323
0.1673 0.561223
0.1674 0.561547
0.1675 0.561645
0.1676 0.561741
0.1677 0.562148
0.1678 0.562497
0.1679 0.563283
0.168 0.563747
0.1681 0.564126
0.1682 0.564733
0.1683 0.564949
0.1684 0.56526
0.1685 0.565686
0.1686 0.565838
0.1687 0.566089
0.1688 0.566475
0.1689 0.566673
0.169 0.566875
0.1691 0.567156
0.1692 0.567489
0.1693 0.567822
0.1694 0.567743
0.1695 0.568096
0.1696 0.568756
0.1697 0.568771
0.1698 0.569586
0.1699 0.569847
0.17 0.569791
0.1701 0.570291
0.1702 0.570555
0.1703 0.571053
0.1704 0.571585
0.1705 0.572132
0.1706 0.572314
0.1707 0.572942
0.1708 0.573147
0.1709 0.573505
0.171 0.573511
0.1711 0.574042
0.1712 0.574006
0.1713 0.574403
0.1714 0.574722
0.1715 0.57523
0.1716 0.575579
0.1717 0.576063
0.1718 0.576428
0.1719 0.576286
0.172 0.576902
0.1721 0.577288
0.1722 0.577685
0.1723 0.578073
0.1724 0.578568
0.1725 0.578996
0.1726 0.579273
0.1727 0.579454
0.1728 0.5797
0.1729 0.579974
0.173 0.580227
0.1731 0.580201
0.1732 0.5806
0.1733 0.580913
0.1734 0.581301
0.1735 0.581051
0.1736 0.581215
0.1737 0.581457
0.1738 0.581926
0.1739 0.581952
0.174 0.582242
0.1741 0.58259
0.1742 0.582603
0.1743 0.582892
0.1744 0.583094
0.1745 0.583864
0.1746 0.583873
0.1747 0.584134
0.1748 0.584296
0.1749 0.58441
0.175 0.585264
0.1751 0.585768
0.1752 0.586097
0.1753 0.586379
0.1754 0.586561
0.1755 0.587274
0.1756 0.587289
0.1757 0.587172
0.1758 0.587403
0.1759 0.587727
0.176 0.588482
0.1761 0.589279
0.1762 0.589299
0.1763 0.589781
0.1764 0.589962
0.1765 0.589919
0.1766 0.59055
0.1767 0.590675
0.1768 0.59107
0.1769 0.591741
0.177 0.592013
0.1771 0.592582
0.1772 0.593123
0.1773 0.593451
0.1774 0.593753
0.1775 0.594119
0.1776 0.594362
0.1777 0.594656
0.1778 0.594776
0.1779 0.594975
0.178 0.594971
0.1781 0.5955
0.1782 0.595745
0.1783 0.596077
0.1784 0.596634
0.1785 0.597128
0.1786 0.59741
0.1787 0.597486
0.1788 0.597913
0.1789 0.598414
0.179 0.598739
0.1791 0.599006
0.1792 0.599174
0.1793 0.599674
0.1794 0.599668
0.1795 0.59984
0.1796 0.600148
0.1797 0.600291
0.1798 0.60059
0.1799 0.600849
0.18 0.600764
0.1801 0.600791
0.1802 0.60135
0.1803 0.601628
0.1804 0.602059
0.1805 0.602583
0.1806 0.602797
0.1807 0.603249
0.1808 0.603386
0.1809 0.603919
0.181 0.604219
0.1811 0.604485
0.1812 0.605036
0.1813 0.605485
0.1814 0.605637
0.1815 0.606258
0.1816 0.606292
0.1817 0.606381
0.1818 0.606638
0.1819 0.606912
0.182 0.607224
0.1821 0.607637
0.1822 0.607804
0.1823 0.608267
0.1824 0.608966
0.1825 0.609813
0.1826 0.609856
0.1827 0.61013
0.1828 0.610657
0.1829 0.610953
0.183 0.610808
0.1831 0.610852
0.1832 0.611521
0.1833 0.612202
0.1834 0.612385
0.1835 0.612655
0.1836 0.613437
0.1837 0.613546
0.1838 0.614009
0.1839 0.614394
0.184 0.614569
0.1841 0.614783
0.1842 0.615224
0.1843 0.61553
0.1844 0.615595
0.1845 0.616179
0.1846 0.616713
0.1847 0.616754
0.1848 0.616954
0.1849 0.617012
0.185 0.617479
0.1851 0.61778
0.1852 0.618092
0.1853 0.618062
0.1854 0.618559
0.1855 0.6187
0.1856 0.618985
0.1857 0.619046
0.1858 0.61938
0.1859 0.61945
0.186 0.619965
0.1861 0.620312
0.1862 0.620508
0.1863 0.620768
0.1864 0.621104
0.1865 0.621169
0.1866 0.621741
0.1867 0.621743
0.1868 0.621887
0.1869 0.622081
0.187 0.622589
0.1871 0.623017
0.1872 0.623199
0.1873 0.623489
0.1874 0.623953
0.1875 0.624424
0.1876 0.624874
0.1877 0.625071
0.1878 0.62552
0.1879 0.625936
0.188 0.626331
0.1881 0.626537
0.1882 0.62688
0.1883 0.626963
0.1884 0.626878
0.1885 0.6272
0.1886 0.62741
0.1887 0.627629
0.1888 0.628016
0.1889 0.62856
0.189 0.629065
0.1891 0.629704
0.1892 0.63031
0.1893 0.631203
0.1894 0.631705
0.1895 0.632386
0.1896 0.632916
0.1897 0.633109
0.1898 0.633262
0.1899 0.633645
0.19 0.634189
0.1901 0.63436
0.1902 0.634666
0.1903 0.634765
0.1904 0.634962
0.1905 0.635199
0.1906 0.635384
0.1907 0.635698
0.1908 0.636203
0.1909 0.636645
0.191 0.636906
0.1911 0.636891
0.1912 0.636986
0.1913 0.637196
0.1914 0.637448
0.1915 0.637533
0.1916 0.637889
0.1917 0.638073
0.1918 0.638593
0.1919 0.638787
0.192 0.639017
0.1921 0.639337
0.1922 0.639479
0.1923 0.639998
0.1924 0.64015
0.1925 0.64024
0.1926 0.640409
0.1927 0.640529
0.1928 0.641116
0.1929 0.641091
0.193 0.641296
0.1931 0.641417
0.1932 0.641958
0.1933 0.642371
0.1934 0.642825
0.1935 0.643314
0.1936 0.643476
0.1937 0.643826
0.1938 0.644215
0.1939 0.644587
0.194 0.644887
0.1941 0.645489
0.1942 0.645963
0.1943 0.646249
0.1944 0.646418
0.1945 0.646805
0.1946 0.646932
0.1947 0.647351
0.1948 0.647948
0.1949 0.648252
0.195 0.648403
0.1951 0.648556
0.1952 0.648941
0.1953 0.64934
0.1954 0.649431
0.1955 0.649442
0.1956 0.64984
0.1957 0.650464
0.1958 0.651014
0.1959 0.651218
0.196 0.651601
0.1961 0.651932
0.1962 0.652134
0.1963 0.652757
0.1964 0.65344
0.1965 0.654024
0.1966 0.654158
0.1967 0.654593
0.1968 0.654723
0.1969 0.65532
0.197 0.655581
0.1971 0.656223
0.1972 0.656887
0.1973 0.657033
0.1974 0.657709
0.1975 0.657955
0.1976 0.658012
0.1977 0.658444
0.1978 0.658715
0.1979 0.659305
0.198 0.659299
0.1981 0.659754
0.1982 0.660061
0.1983 0.660221
0.1984 0.660598
0.1985 0.66059
0.1986 0.660818
0.1987 0.661155
0.1988 0.661296
0.1989 0.661869
0.199 0.662122
0.1991 0.662269
0.1992 0.662877
0.1993 0.663635
0.1994 0.663797
0.1995 0.664426
0.1996 0.664512
0.1997 0.664616
0.1998 0.664792
0.1999 0.665088
0.2 0.665632
0.2001 0.665731
0.2002 0.665298
0.2003 0.665569
0.2004 0.666137
0.2005 0.666592
0.2006 0.666812
0.2007 0.667652
0.2008 0.667791
0.2009 0.668554
0.201 0.669216
0.2011 0.669444
0.2012 0.669897
0.2013 0.669958
0.2014 0.67015
0.2015 0.670531
0.2016 0.670866
0.2017 0.671013
0.2018 0.671096
0.2019 0.671339
0.202 0.6717
0.2021 0.672213
0.2022 0.672679
0.2023 0.673009
0.2024 0.672944
0.2025 0.673217
0.2026 0.673461
0.2027 0.673964
0.2028 0.674211
0.2029 0.674478
0.203 0.674564
0.2031 0.674651
0.2032 0.67531
0.2033 0.675983
0.2034 0.676288
0.2035 0.67652
0.2036 0.676931
0.2037 0.676832
0.2038 0.677117
0.2039 0.677318
0.204 0.677509
0.2041 0.67776
0.2042 0.67817
0.2043 0.67828
0.2044 0.678419
0.2045 0.678721
0.2046 0.679145
0.2047 0.679667
0.2048 0.680344
0.2049 0.680974
0.205 0.681446
0.2051 0.681706
0.2052 0.682419
0.2053 0.682879
0.2054 0.683359
0.2055 0.683782
0.2056 0.683901
0.2057 0.684259
0.2058 0.684732
0.2059 0.684983
0.206 0.685421
0.2061 0.685508
0.2062 0.685647
0.2063 0.685131
