0 0
0.0001 0.000402332
0.0002 0.000802266
0.0003 0.00119676
0.0004 0.00161643
0.0005 0.00202729
0.0006 0.00242819
0.0007 0.00283082
0.0008 0.00324477
0.0009 0.00365994
0.001 0.00405278
0.0011 0.00444233
0.0012 0.00486385
0.0013 0.00527724
0.0014 0.00565404
0.0015 0.00603533
0.0016 0.00644208
0.0017 0.00686827
0.0018 0.00727865
0.0019 0.00767019
0.002 0.00811084
0.0021 0.00849664
0.0022 0.0088945
0.0023 0.00935456
0.0024 0.00979505
0.0025 0.0102292
0.0026 0.0106747
0.0027 0.0110411
0.0028 0.0114647
0.0029 0.0118427
0.003 0.0122533
0.0031 0.0126441
0.0032 0.0130094
0.0033 0.0133846
0.0034 0.013801
0.0035 0.0141902
0.0036 0.0146343
0.0037 0.0150216
0.0038 0.015395
0.0039 0.0158085
0.004 0.0161763
0.0041 0.0165841
0.0042 0.0170399
0.0043 0.0174703
0.0044 0.0178773
0.0045 0.0182244
0.0046 0.0185624
0.0047 0.0189664
0.0048 0.0193922
0.0049 0.0197307
0.005 0.0201633
0.0051 0.02053
0.0052 0.0208861
0.0053 0.0212418
0.0054 0.0216199
0.0055 0.0219286
0.0056 0.0223546
0.0057 0.0227035
0.0058 0.023144
0.0059 0.0234445
0.006 0.0238368
0.0061 0.0242037
0.0062 0.0246413
0.0063 0.0250687
0.0064 0.0254445
0.0065 0.0258568
0.0066 0.0261838
0.0067 0.0265154
0.0068 0.0268694
0.0069 0.0273126
0.007 0.0276006
0.0071 0.0279998
0.0072 0.0283436
0.0073 0.028765
0.0074 0.029225
0.0075 0.029606
0.0076 0.0300126
0.0077 0.0304375
0.0078 0.0308485
0.0079 0.0311576
0.008 0.0314665
0.0081 0.0318196
0.0082 0.032177
0.0083 0.0325628
0.0084 0.0329607
0.0085 0.0333542
0.0086 0.0337598
0.0087 0.0341449
0.0088 0.0345704
0.0089 0.035054
0.009 0.0354436
0.0091 0.0358027
0.0092 0.0361455
0.0093 0.0365778
0.0094 0.0369818
0.0095 0.0374166
0.0096 0.0379178
0.0097 0.0382764
0.0098 0.0387038
0.0099 0.0391323
0.01 0.0395896
0.0101 0.0399261
0.0102 0.0402623
0.0103 0.0406736
0.0104 0.0411182
0.0105 0.0414492
0.0106 0.0419171
0.0107 0.0423231
0.0108 0.0427635
0.0109 0.0430655
0.011 0.0434527
0.0111 0.0439707
0.0112 0.0443721
0.0113 0.0447455
0.0114 0.0451821
0.0115 0.045556
0.0116 0.0458068
0.0117 0.0461829
0.0118 0.0466427
0.0119 0.0470721
0.012 0.0474828
0.0121 0.0477525
0.0122 0.0480998
0.0123 0.0485172
0.0124 0.0489624
0.0125 0.0493131
0.0126 0.0495544
0.0127 0.049872
0.0128 0.0502203
0.0129 0.0505794
0.013 0.0508689
0.0131 0.0513188
0.0132 0.0518352
0.0133 0.0521438
0.0134 0.0525223
0.0135 0.0529584
0.0136 0.0532686
0.0137 0.0536433
0.0138 0.0541385
0.0139 0.0543576
0.014 0.0549048
0.0141 0.0553348
0.0142 0.0556835
0.0143 0.0561478
0.0144 0.0564409
0.0145 0.0567483
0.0146 0.0571945
0.0147 0.0576246
0.0148 0.0581015
0.0149 0.0584859
0.015 0.0588619
0.0151 0.0591235
0.0152 0.0595922
0.0153 0.0599323
0.0154 0.0603336
0.0155 0.0607396
0.0156 0.061128
0.0157 0.0614334
0.0158 0.0617222
0.0159 0.062005
0.016 0.062389
0.0161 0.0628037
0.0162 0.0632306
0.0163 0.0636172
0.0164 0.0639628
0.0165 0.0642973
0.0166 0.0647536
0.0167 0.0650116
0.0168 0.0653788
0.0169 0.0658074
0.017 0.0661646
0.0171 0.0665424
0.0172 0.0668824
0.0173 0.06719
0.0174 0.0675597
0.0175 0.0677911
0.0176 0.0681057
0.0177 0.0684798
0.0178 0.0687707
0.0179 0.069281
0.018 0.0697654
0.0181 0.0701523
0.0182 0.0705151
0.0183 0.0708991
0.0184 0.0713215
0.0185 0.0717442
0.0186 0.0720337
0.0187 0.072494
0.0188 0.0728409
0.0189 0.0731537
0.019 0.0735814
0.0191 0.0739914
0.0192 0.0744804
0.0193 0.074976
0.0194 0.0753585
0.0195 0.0757988
0.0196 0.0763958
0.0197 0.0767371
0.0198 0.0769932
0.0199 0.0773987
0.02 0.0777962
0.0201 0.0781496
0.0202 0.0786191
0.0203 0.0791994
0.0204 0.0794847
0.0205 0.0798421
0.0206 0.0802777
0.0207 0.080594
0.0208 0.0810588
0.0209 0.0813125
0.021 0.0818516
0.0211 0.0821823
0.0212 0.082695
0.0213 0.0831614
0.0214 0.0836213
0.0215 0.0839586
0.0216 0.0843042
0.0217 0.0848838
0.0218 0.085237
0.0219 0.0854334
0.022 0.0859593
0.0221 0.0862282
0.0222 0.0865524
0.0223 0.0867944
0.0224 0.0871024
0.0225 0.0874858
0.0226 0.0878561
0.0227 0.0881863
0.0228 0.0884775
0.0229 0.0888401
0.023 0.0890763
0.0231 0.0894548
0.0232 0.0897469
0.0233 0.0903148
0.0234 0.0906839
0.0235 0.0909685
0.0236 0.0913648
0.0237 0.0916904
0.0238 0.0919975
0.0239 0.0924725
0.024 0.0928273
0.0241 0.0931747
0.0242 0.0935707
0.0243 0.093919
0.0244 0.0941526
0.0245 0.0947616
0.0246 0.0950798
0.0247 0.0954967
0.0248 0.0959039
0.0249 0.096358
0.025 0.0967896
0.0251 0.0971359
0.0252 0.0975445
0.0253 0.0980065
0.0254 0.0985531
0.0255 0.0989961
0.0256 0.0993973
0.0257 0.0998798
0.0258 0.100154
0.0259 0.100516
0.026 0.101159
0.0261 0.101486
0.0262 0.101833
0.0263 0.102174
0.0264 0.102652
0.0265 0.103088
0.0266 0.103656
0.0267 0.104143
0.0268 0.104451
0.0269 0.104852
0.027 0.105359
0.0271 0.105796
0.0272 0.10622
0.0273 0.10654
0.0274 0.106985
0.0275 0.107404
0.0276 0.10769
0.0277 0.10805
0.0278 0.1084
0.0279 0.108741
0.028 0.109106
0.0281 0.109579
0.0282 0.10983
0.0283 0.110198
0.0284 0.11059
0.0285 0.111026
0.0286 0.111359
0.0287 0.111797
0.0288 0.112243
0.0289 0.112587
0.029 0.112986
0.0291 0.113412
0.0292 0.113646
0.0293 0.113974
0.0294 0.114371
0.0295 0.114615
0.0296 0.114981
0.0297 0.115286
0.0298 0.115661
0.0299 0.115984
0.03 0.116445
0.0301 0.116609
0.0302 0.117033
0.0303 0.117222
0.0304 0.117606
0.0305 0.117983
0.0306 0.118314
0.0307 0.118538
0.0308 0.118858
0.0309 0.119233
0.031 0.119717
0.0311 0.119999
0.0312 0.120305
0.0313 0.120704
0.0314 0.121301
0.0315 0.121608
0.0316 0.121685
0.0317 0.12191
0.0318 0.122172
0.0319 0.122466
0.032 0.122833
0.0321 0.123293
0.0322 0.123611
0.0323 0.123926
0.0324 0.124193
0.0325 0.124492
0.0326 0.124901
0.0327 0.125201
0.0328 0.125634
0.0329 0.126093
0.033 0.126426
0.0331 0.126659
0.0332 0.127165
0.0333 0.127585
0.0334 0.127862
0.0335 0.128181
0.0336 0.128331
0.0337 0.128707
0.0338 0.12888
0.0339 0.129119
0.034 0.129362
0.0341 0.129512
0.0342 0.130016
0.0343 0.130308
0.0344 0.130536
0.0345 0.130973
0.0346 0.13112
0.0347 0.13141
0.0348 0.131721
0.0349 0.132009
0.035 0.132313
0.0351 0.132715
0.0352 0.133029
0.0353 0.133589
0.0354 0.133924
0.0355 0.134184
0.0356 0.134464
0.0357 0.1349
0.0358 0.135108
0.0359 0.135469
0.036 0.135788
0.0361 0.136046
0.0362 0.136505
0.0363 0.136752
0.0364 0.136963
0.0365 0.137171
0.0366 0.137538
0.0367 0.138147
0.0368 0.138273
0.0369 0.138705
0.037 0.138965
0.0371 0.139269
0.0372 0.139698
0.0373 0.140117
0.0374 0.1404
0.0375 0.140916
0.0376 0.141344
0.0377 0.141529
0.0378 0.141863
0.0379 0.142254
0.038 0.142664
0.0381 0.142735
0.0382 0.142965
0.0383 0.143444
0.0384 0.143821
0.0385 0.144421
0.0386 0.144852
0.0387 0.14524
0.0388 0.145561
0.0389 0.145832
0.039 0.146258
0.0391 0.146604
0.0392 0.146771
0.0393 0.147165
0.0394 0.147571
0.0395 0.147985
0.0396 0.148094
0.0397 0.148512
0.0398 0.148921
0.0399 0.149252
0.04 0.14963
0.0401 0.149914
0.0402 0.150311
0.0403 0.150583
0.0404 0.150966
0.0405 0.151494
0.0406 0.151907
0.0407 0.152321
0.0408 0.152494
0.0409 0.152748
0.041 0.1531
0.0411 0.153426
0.0412 0.153785
0.0413 0.154184
0.0414 0.154563
0.0415 0.155014
0.0416 0.155258
0.0417 0.15554
0.0418 0.156086
0.0419 0.156273
0.042 0.156591
0.0421 0.156826
0.0422 0.157268
0.0423 0.157728
0.0424 0.158046
0.0425 0.158543
0.0426 0.158786
0.0427 0.159043
0.0428 0.159311
0.0429 0.15956
0.043 0.160049
0.0431 0.160294
0.0432 0.160662
0.0433 0.161042
0.0434 0.161361
0.0435 0.161721
0.0436 0.162148
0.0437 0.162315
0.0438 0.162588
0.0439 0.162872
0.044 0.16317
0.0441 0.163583
0.0442 0.163839
0.0443 0.164173
0.0444 0.16474
0.0445 0.165184
0.0446 0.165591
0.0447 0.165903
0.0448 0.166298
0.0449 0.166785
0.045 0.167055
0.0451 0.16716
0.0452 0.167593
0.0453 0.168003
0.0454 0.168387
0.0455 0.168814
0.0456 0.169101
0.0457 0.169553
0.0458 0.170043
0.0459 0.170384
0.046 0.170498
0.0461 0.170788
0.0462 0.171058
0.0463 0.171379
0.0464 0.171613
0.0465 0.172091
0.0466 0.172403
0.0467 0.172641
0.0468 0.17316
0.0469 0.17357
0.047 0.173853
0.0471 0.174038
0.0472 0.174491
0.0473 0.174838
0.0474 0.175399
0.0475 0.175819
0.0476 0.175956
0.0477 0.176179
0.0478 0.176712
0.0479 0.177088
0.048 0.177518
0.0481 0.17788
0.0482 0.178088
0.0483 0.178624
0.0484 0.178928
0.0485 0.179455
0.0486 0.179729
0.0487 0.179994
0.0488 0.180228
0.0489 0.180505
0.049 0.18091
0.0491 0.181253
0.0492 0.181482
0.0493 0.181868
0.0494 0.182122
0.0495 0.182393
0.0496 0.182533
0.0497 0.182822
0.0498 0.183096
0.0499 0.183414
0.05 0.183856
0.0501 0.184163
0.0502 0.184479
0.0503 0.184833
0.0504 0.185031
0.0505 0.185105
0.0506 0.185366
0.0507 0.185582
0.0508 0.186036
0.0509 0.186336
0.051 0.186887
0.0511 0.187081
0.0512 0.18733
0.0513 0.18769
0.0514 0.188028
0.0515 0.188289
0.0516 0.1887
0.0517 0.189231
0.0518 0.189605
0.0519 0.189953
0.052 0.190172
0.0521 0.190452
0.0522 0.190852
0.0523 0.191394
0.0524 0.191577
0.0525 0.191984
0.0526 0.192396
0.0527 0.192803
0.0528 0.193074
0.0529 0.193351
0.053 0.193822
0.0531 0.194118
0.0532 0.194606
0.0533 0.195077
0.0534 0.19544
0.0535 0.195851
0.0536 0.196078
0.0537 0.196372
0.0538 0.196664
0.0539 0.196965
0.054 0.197252
0.0541 0.197751
0.0542 0.198086
0.0543 0.198426
0.0544 0.198615
0.0545 0.199041
0.0546 0.199438
0.0547 0.199787
0.0548 0.200208
0.0549 0.200637
0.055 0.200917
0.0551 0.201121
0.0552 0.201446
0.0553 0.201912
0.0554 0.202219
0.0555 0.202419
0.0556 0.202679
0.0557 0.203216
0.0558 0.203543
0.0559 0.20363
0.056 0.203939
0.0561 0.204299
0.0562 0.204661
0.0563 0.204924
0.0564 0.205324
0.0565 0.205761
0.0566 0.206066
0.0567 0.206474
0.0568 0.206849
0.0569 0.20712
0.057 0.207649
0.0571 0.208051
0.0572 0.208488
0.0573 0.208712
0.0574 0.209234
0.0575 0.209412
0.0576 0.209681
0.0577 0.210018
0.0578 0.21031
0.0579 0.210478
0.058 0.210776
0.0581 0.211283
0.0582 0.211711
0.0583 0.211799
0.0584 0.212143
0.0585 0.212514
0.0586 0.212874
0.0587 0.213058
0.0588 0.213363
0.0589 0.213508
0.059 0.213933
0.0591 0.214128
0.0592 0.214265
0.0593 0.214471
0.0594 0.214681
0.0595 0.214806
0.0596 0.215075
0.0597 0.21546
0.0598 0.215836
0.0599 0.216251
0.06 0.216567
0.0601 0.216948
0.0602 0.217111
0.0603 0.217532
0.0604 0.217965
0.0605 0.218426
0.0606 0.218877
0.0607 0.219162
0.0608 0.219557
0.0609 0.219928
0.061 0.220162
0.0611 0.220405
0.0612 0.220637
0.0613 0.220914
0.0614 0.221171
0.0615 0.221656
0.0616 0.222024
0.0617 0.222282
0.0618 0.222473
0.0619 0.222955
0.062 0.223131
0.0621 0.223427
0.0622 0.223534
0.0623 0.223757
0.0624 0.224077
0.0625 0.224417
0.0626 0.224678
0.0627 0.224899
0.0628 0.225455
0.0629 0.225843
0.063 0.226139
0.0631 0.226584
0.0632 0.226916
0.0633 0.227498
0.0634 0.2279
0.0635 0.227975
0.0636 0.228416
0.0637 0.228622
0.0638 0.229232
0.0639 0.229667
0.064 0.229822
0.0641 0.23008
0.0642 0.230463
0.0643 0.230771
0.0644 0.231039
0.0645 0.231363
0.0646 0.231386
0.0647 0.231754
0.0648 0.23213
0.0649 0.232636
0.065 0.232914
0.0651 0.233233
0.0652 0.233417
0.0653 0.233904
0.0654 0.234253
0.0655 0.234447
0.0656 0.235114
0.0657 0.235648
0.0658 0.235972
0.0659 0.236272
0.066 0.236655
0.0661 0.236911
0.0662 0.23756
0.0663 0.237905
0.0664 0.238147
0.0665 0.238582
0.0666 0.238829
0.0667 0.239066
0.0668 0.239287
0.0669 0.239698
0.067 0.240155
0.0671 0.240532
0.0672 0.240769
0.0673 0.24101
0.0674 0.241296
0.0675 0.241385
0.0676 0.241483
0.0677 0.241924
0.0678 0.242089
0.0679 0.242607
0.068 0.242948
0.0681 0.243437
0.0682 0.243842
0.0683 0.243846
0.0684 0.244162
0.0685 0.244449
0.0686 0.244704
0.0687 0.245036
0.0688 0.245254
0.0689 0.245486
0.069 0.245803
0.0691 0.2462
0.0692 0.246421
0.0693 0.246733
0.0694 0.247102
0.0695 0.247142
0.0696 0.247379
0.0697 0.247839
0.0698 0.248229
0.0699 0.248526
0.07 0.248859
0.0701 0.24925
0.0702 0.249821
0.0703 0.250049
0.0704 0.250439
0.0705 0.250619
0.0706 0.250954
0.0707 0.251232
0.0708 0.251276
0.0709 0.251711
0.071 0.251922
0.0711 0.25222
0.0712 0.252341
0.0713 0.252718
0.0714 0.25309
0.0715 0.253433
0.0716 0.254003
0.0717 0.254366
0.0718 0.254678
0.0719 0.254897
0.072 0.255353
0.0721 0.25578
0.0722 0.256058
0.0723 0.256223
0.0724 0.256908
0.0725 0.257394
0.0726 0.258054
0.0727 0.258194
0.0728 0.258583
0.0729 0.25906
0.073 0.25925
0.0731 0.259589
0.0732 0.260011
0.0733 0.260355
0.0734 0.260615
0.0735 0.26087
0.0736 0.261049
0.0737 0.261482
0.0738 0.261851
0.0739 0.261953
0.074 0.262249
0.0741 0.262608
0.0742 0.263057
0.0743 0.263457
0.0744 0.26385
0.0745 0.263895
0.0746 0.264167
0.0747 0.264558
0.0748 0.264815
0.0749 0.265177
0.075 0.265523
0.0751 0.265974
0.0752 0.266283
0.0753 0.266479
0.0754 0.266781
0.0755 0.267142
0.0756 0.267396
0.0757 0.267786
0.0758 0.268031
0.0759 0.268517
0.076 0.268748
0.0761 0.268983
0.0762 0.269535
0.0763 0.269954
0.0764 0.270028
0.0765 0.270283
0.0766 0.270321
0.0767 0.27087
0.0768 0.27122
0.0769 0.271591
0.077 0.271914
0.0771 0.272273
0.0772 0.272551
0.0773 0.27276
0.0774 0.273182
0.0775 0.273401
0.0776 0.274072
0.0777 0.274446
0.0778 0.274907
0.0779 0.275019
0.078 0.275329
0.0781 0.27566
0.0782 0.276394
0.0783 0.27676
0.0784 0.276875
0.0785 0.277384
0.0786 0.277765
0.0787 0.278
0.0788 0.278308
0.0789 0.278552
0.079 0.278934
0.0791 0.279593
0.0792 0.279807
0.0793 0.27999
0.0794 0.280419
0.0795 0.280772
0.0796 0.281395
0.0797 0.281888
0.0798 0.2822
0.0799 0.282652
0.08 0.282851
0.0801 0.283153
0.0802 0.283356
0.0803 0.283753
0.0804 0.284209
0.0805 0.284487
0.0806 0.284773
0.0807 0.285094
0.0808 0.285279
0.0809 0.28573
0.081 0.286168
0.0811 0.286547
0.0812 0.286834
0.0813 0.287176
0.0814 0.287276
0.0815 0.287534
0.0816 0.287823
0.0817 0.28786
0.0818 0.288251
0.0819 0.288667
0.082 0.288831
0.0821 0.289102
0.0822 0.289116
0.0823 0.289384
0.0824 0.289579
0.0825 0.289991
0.0826 0.290254
0.0827 0.290388
0.0828 0.290854
0.0829 0.291415
0.083 0.291723
0.0831 0.292051
0.0832 0.292243
0.0833 0.292546
0.0834 0.292691
0.0835 0.293115
0.0836 0.293532
0.0837 0.293712
0.0838 0.294103
0.0839 0.294236
0.084 0.294759
0.0841 0.295029
0.0842 0.295306
0.0843 0.295691
0.0844 0.296179
0.0845 0.296699
0.0846 0.296919
0.0847 0.297276
0.0848 0.297476
0.0849 0.29777
0.085 0.297945
0.0851 0.298238
0.0852 0.298537
0.0853 0.298914
0.0854 0.299461
0.0855 0.299903
0.0856 0.299857
0.0857 0.300043
0.0858 0.3003
0.0859 0.300502
0.086 0.300916
0.0861 0.30126
0.0862 0.301789
0.0863 0.302181
0.0864 0.302693
0.0865 0.30289
0.0866 0.303307
0.0867 0.303833
0.0868 0.304272
0.0869 0.304442
0.087 0.304543
0.0871 0.304871
0.0872 0.305213
0.0873 0.30543
0.0874 0.305971
0.0875 0.306132
0.0876 0.306513
0.0877 0.306736
0.0878 0.307071
0.0879 0.307617
0.088 0.308376
0.0881 0.308572
0.0882 0.309063
0.0883 0.309493
0.0884 0.309779
0.0885 0.310299
0.0886 0.310584
0.0887 0.310786
0.0888 0.311093
0.0889 0.311724
0.089 0.312051
0.0891 0.312346
0.0892 0.312784
0.0893 0.313047
0.0894 0.313341
0.0895 0.313641
0.0896 0.313955
0.0897 0.314421
0.0898 0.314609
0.0899 0.314932
0.09 0.3153
0.0901 0.315677
0.0902 0.315995
0.0903 0.316157
0.0904 0.316784
0.0905 0.317325
0.0906 0.317449
0.0907 0.317644
0.0908 0.318034
0.0909 0.318326
0.091 0.31866
0.0911 0.319185
0.0912 0.319632
0.0913 0.319976
0.0914 0.320242
0.0915 0.320746
0.0916 0.321188
0.0917 0.321354
0.0918 0.321775
0.0919 0.322325
0.092 0.322547
0.0921 0.322744
0.0922 0.322785
0.0923 0.322889
0.0924 0.323066
0.0925 0.32326
0.0926 0.323763
0.0927 0.324151
0.0928 0.324189
0.0929 0.32458
0.093 0.325035
0.0931 0.325287
0.0932 0.325495
0.0933 0.325704
0.0934 0.325977
0.0935 0.326267
0.0936 0.326625
0.0937 0.327037
0.0938 0.327547
0.0939 0.328048
0.094 0.328609
0.0941 0.328751
0.0942 0.329086
0.0943 0.329619
0.0944 0.330051
0.0945 0.330309
0.0946 0.330693
0.0947 0.331182
0.0948 0.331538
0.0949 0.331807
0.095 0.332311
0.0951 0.332739
0.0952 0.333037
0.0953 0.333519
0.0954 0.33404
0.0955 0.334306
0.0956 0.33469
0.0957 0.334851
0.0958 0.335125
0.0959 0.335465
0.096 0.336142
0.0961 0.336744
0.0962 0.33708
0.0963 0.337414
0.0964 0.337508
0.0965 0.337677
0.0966 0.338033
0.0967 0.338312
0.0968 0.338832
0.0969 0.338922
0.097 0.339197
0.0971 0.339365
0.0972 0.339529
0.0973 0.340065
0.0974 0.340347
0.0975 0.340841
0.0976 0.341256
0.0977 0.341521
0.0978 0.341973
0.0979 0.342195
0.098 0.342591
0.0981 0.342776
0.0982 0.343022
0.0983 0.343667
0.0984 0.343934
0.0985 0.344015
0.0986 0.344461
0.0987 0.344688
0.0988 0.344956
0.0989 0.345316
0.099 0.3456
0.0991 0.345929
0.0992 0.346573
0.0993 0.346964
0.0994 0.347199
0.0995 0.34728
0.0996 0.34769
0.0997 0.348187
0.0998 0.348352
0.0999 0.348613
0.1 0.349204
0.1001 0.349895
0.1002 0.350313
0.1003 0.350608
0.1004 0.350967
0.1005 0.351229
0.1006 0.351765
0.1007 0.352163
0.1008 0.352481
0.1009 0.352752
0.101 0.352931
0.1011 0.353273
0.1012 0.353527
0.1013 0.353836
0.1014 0.353931
0.1015 0.354449
0.1016 0.354616
0.1017 0.355021
0.1018 0.355372
0.1019 0.355918
0.102 0.356499
0.1021 0.356758
0.1022 0.357277
0.1023 0.357823
0.1024 0.357772
0.1025 0.357832
0.1026 0.357782
0.1027 0.358173
0.1028 0.358382
0.1029 0.358551
0.103 0.358913
0.1031 0.35914
0.1032 0.359343
0.1033 0.359639
0.1034 0.359774
0.1035 0.36036
0.1036 0.360583
0.1037 0.360723
0.1038 0.361019
0.1039 0.361279
0.104 0.361446
0.1041 0.361778
0.1042 0.362131
0.1043 0.362366
0.1044 0.362833
0.1045 0.363539
0.1046 0.363743
0.1047 0.363832
0.1048 0.364201
0.1049 0.364271
0.105 0.364449
0.1051 0.364865
0.1052 0.364919
0.1053 0.365332
0.1054 0.365669
0.1055 0.365807
0.1056 0.366037
0.1057 0.366128
0.1058 0.366396
0.1059 0.36685
0.106 0.366908
0.1061 0.367379
0.1062 0.367938
0.1063 0.368237
0.1064 0.368123
0.1065 0.368081
0.1066 0.368735
0.1067 0.369024
0.1068 0.369474
0.1069 0.369863
0.107 0.369969
0.1071 0.370386
0.1072 0.370644
0.1073 0.370515
0.1074 0.371038
0.1075 0.371654
0.1076 0.372064
0.1077 0.372455
0.1078 0.372771
0.1079 0.373341
0.108 0.373548
0.1081 0.374064
0.1082 0.374136
0.1083 0.374187
0.1084 0.374322
0.1085 0.374657
0.1086 0.374879
0.1087 0.375155
0.1088 0.375514
0.1089 0.375724
0.109 0.376243
0.1091 0.376426
0.1092 0.376803
0.1093 0.376961
0.1094 0.377424
0.1095 0.377615
0.1096 0.377776
0.1097 0.377934
0.1098 0.378135
0.1099 0.378282
0.11 0.378733
0.1101 0.379057
0.1102 0.379477
0.1103 0.37979
0.1104 0.379801
0.1105 0.380154
0.1106 0.380472
0.1107 0.380658
0.1108 0.380832
0.1109 0.381024
0.111 0.381211
0.1111 0.381554
0.1112 0.381982
0.1113 0.382627
0.1114 0.383028
0.1115 0.383412
0.1116 0.383562
0.1117 0.383947
0.1118 0.384023
0.1119 0.38434
0.112 0.384516
0.1121 0.384973
0.1122 0.385164
0.1123 0.385356
0.1124 0.38545
0.1125 0.385651
0.1126 0.385772
0.1127 0.386228
0.1128 0.386411
0.1129 0.38639
0.113 0.386765
0.1131 0.387245
0.1132 0.387538
0.1133 0.38798
0.1134 0.388261
0.1135 0.38881
0.1136 0.389291
0.1137 0.38934
0.1138 0.389662
0.1139 0.390253
0.114 0.390538
0.1141 0.391114
0.1142 0.391422
0.1143 0.391947
0.1144 0.392275
0.1145 0.392403
0.1146 0.392674
0.1147 0.392897
0.1148 0.393173
0.1149 0.393384
0.115 0.393775
0.1151 0.39364
0.1152 0.394111
0.1153 0.39448
0.1154 0.395104
0.1155 0.39554
0.1156 0.396133
0.1157 0.396208
0.1158 0.396643
0.1159 0.39738
0.116 0.397563
0.1161 0.398113
0.1162 0.398734
0.1163 0.398901
0.1164 0.398989
0.1165 0.399255
0.1166 0.399673
0.1167 0.400063
0.1168 0.400193
0.1169 0.400795
0.117 0.401251
0.1171 0.401802
0.1172 0.402122
0.1173 0.402455
0.1174 0.402887
0.1175 0.403162
0.1176 0.403523
0.1177 0.403652
0.1178 0.403879
0.1179 0.403859
0.118 0.404336
0.1181 0.404393
0.1182 0.404642
0.1183 0.404724
0.1184 0.40503
0.1185 0.405686
0.1186 0.406045
0.1187 0.406364
0.1188 0.406669
0.1189 0.406786
0.119 0.407276
0.1191 0.407544
0.1192 0.407823
0.1193 0.407978
0.1194 0.408224
0.1195 0.40869
0.1196 0.408722
0.1197 0.409215
0.1198 0.409436
0.1199 0.409498
0.12 0.410001
0.1201 0.410207
0.1202 0.410746
0.1203 0.411428
0.1204 0.411823
0.1205 0.412121
0.1206 0.412154
0.1207 0.412508
0.1208 0.412915
0.1209 0.413274
0.121 0.413829
0.1211 0.414191
0.1212 0.414317
0.1213 0.414427
0.1214 0.414875
0.1215 0.414961
0.1216 0.415337
0.1217 0.41587
0.1218 0.416237
0.1219 0.416597
0.122 0.416754
0.1221 0.417244
0.1222 0.417868
0.1223 0.418302
0.1224 0.418736
0.1225 0.419044
0.1226 0.41925
0.1227 0.419639
0.1228 0.419658
0.1229 0.420021
0.123 0.420353
0.1231 0.420729
0.1232 0.421
0.1233 0.42121
0.1234 0.421541
0.1235 0.42169
0.1236 0.422274
0.1237 0.42296
0.1238 0.423032
0.1239 0.423391
0.124 0.42347
0.1241 0.423812
0.1242 0.424128
0.1243 0.424605
0.1244 0.425094
0.1245 0.425295
0.1246 0.425562
0.1247 0.425967
0.1248 0.426087
0.1249 0.426131
0.125 0.426697
0.1251 0.42703
0.1252 0.427596
0.1253 0.427877
0.1254 0.428275
0.1255 0.428668
0.1256 0.429368
0.1257 0.429737
0.1258 0.429865
0.1259 0.430117
0.126 0.430754
0.1261 0.431232
0.1262 0.431268
0.1263 0.431698
0.1264 0.43225
0.1265 0.432606
0.1266 0.432828
0.1267 0.433492
0.1268 0.434328
0.1269 0.434579
0.127 0.434688
0.1271 0.435171
0.1272 0.435655
0.1273 0.436007
0.1274 0.436395
0.1275 0.437039
0.1276 0.436781
0.1277 0.437036
0.1278 0.437139
0.1279 0.437617
0.128 0.437965
0.1281 0.438378
0.1282 0.438572
0.1283 0.439048
0.1284 0.439176
0.1285 0.439362
0.1286 0.439726
0.1287 0.439887
0.1288 0.43988
0.1289 0.439881
0.129 0.440258
0.1291 0.440641
0.1292 0.440989
0.1293 0.441525
0.1294 0.441891
0.1295 0.441997
0.1296 0.442382
0.1297 0.442745
0.1298 0.442996
0.1299 0.443319
0.13 0.443839
0.1301 0.44413
0.1302 0.444504
0.1303 0.444826
0.1304 0.444984
0.1305 0.445513
0.1306 0.445805
0.1307 0.445691
0.1308 0.445979
0.1309 0.44657
0.131 0.446852
0.1311 0.44697
0.1312 0.447052
0.1313 0.447296
0.1314 0.447571
0.1315 0.448412
0.1316 0.448542
0.1317 0.448831
0.1318 0.449123
0.1319 0.449627
0.132 0.450243
0.1321 0.450301
0.1322 0.450489
0.1323 0.450577
0.1324 0.45103
0.1325 0.451271
0.1326 0.451521
0.1327 0.451953
0.1328 0.452337
0.1329 0.45243
0.133 0.452653
0.1331 0.452978
0.1332 0.453301
0.1333 0.453588
0.1334 0.453537
0.1335 0.45398
0.1336 0.454395
0.1337 0.454868
0.1338 0.455096
0.1339 0.45542
0.134 0.455652
0.1341 0.45613
0.1342 0.456833
0.1343 0.457084
0.1344 0.457476
0.1345 0.457869
0.1346 0.457787
0.1347 0.458319
0.1348 0.458804
0.1349 0.459123
0.135 0.459329
0.1351 0.459826
0.1352 0.460115
0.1353 0.46035
0.1354 0.460762
0.1355 0.460942
0.1356 0.460997
0.1357 0.461307
0.1358 0.461452
0.1359 0.462023
0.136 0.462196
0.1361 0.462725
0.1362 0.463311
0.1363 0.463663
0.1364 0.463699
0.1365 0.463854
0.1366 0.464234
0.1367 0.464642
0.1368 0.465234
0.1369 0.46548
0.137 0.465686
0.1371 0.465974
0.1372 0.46615
0.1373 0.466547
0.1374 0.466724
0.1375 0.466834
0.1376 0.466979
0.1377 0.467438
0.1378 0.467838
0.1379 0.468199
0.138 0.468547
0.1381 0.468686
0.1382 0.469224
0.1383 0.469386
0.1384 0.469867
0.1385 0.470149
0.1386 0.470254
0.1387 0.470637
0.1388 0.471096
0.1389 0.471343
0.139 0.471559
0.1391 0.471607
0.1392 0.472164
0.1393 0.472486
0.1394 0.472981
0.1395 0.473411
0.1396 0.473782
0.1397 0.474269
0.1398 0.474782
0.1399 0.47499
0.14 0.475335
0.1401 0.475581
0.1402 0.475877
0.1403 0.476445
0.1404 0.47657
0.1405 0.477489
0.1406 0.478081
0.1407 0.478371
0.1408 0.478574
0.1409 0.478884
0.141 0.478674
0.1411 0.478689
0.1412 0.47914
0.1413 0.479821
0.1414 0.480233
0.1415 0.48065
0.1416 0.48079
0.1417 0.481251
0.1418 0.481482
0.1419 0.482283
0.142 0.482746
0.1421 0.482892
0.1422 0.483246
0.1423 0.483496
0.1424 0.483806
0.1425 0.484327
0.1426 0.484646
0.1427 0.485388
0.1428 0.485537
0.1429 0.485964
0.143 0.486174
0.1431 0.486301
0.1432 0.486815
0.1433 0.487019
0.1434 0.487249
0.1435 0.487425
0.1436 0.48762
0.1437 0.488032
0.1438 0.488305
0.1439 0.48854
0.144 0.48929
0.1441 0.48945
0.1442 0.489538
0.1443 0.489985
0.1444 0.49032
0.1445 0.490537
0.1446 0.49126
0.1447 0.491306
0.1448 0.491953
0.1449 0.492046
0.145 0.492177
0.1451 0.49239
0.1452 0.492463
0.1453 0.492816
0.1454 0.493219
0.1455 0.493701
0.1456 0.493866
0.1457 0.494035
0.1458 0.494124
0.1459 0.494573
0.146 0.494892
0.1461 0.494853
0.1462 0.49531
0.1463 0.495491
0.1464 0.496065
0.1465 0.49639
0.1466 0.496439
0.1467 0.496962
0.1468 0.497344
0.1469 0.497429
0.147 0.497732
0.1471 0.49777
0.1472 0.498006
0.1473 0.498483
0.1474 0.498878
0.1475 0.499004
0.1476 0.499566
0.1477 0.500277
0.1478 0.500621
0.1479 0.500694
0.148 0.500898
0.1481 0.500964
0.1482 0.501318
0.1483 0.501527
0.1484 0.501708
0.1485 0.501968
0.1486 0.502448
0.1487 0.502568
0.1488 0.50298
0.1489 0.502956
0.149 0.503157
0.1491 0.503827
0.1492 0.504221
0.1493 0.504626
0.1494 0.504757
0.1495 0.504811
0.1496 0.505051
0.1497 0.505338
0.1498 0.505557
0.1499 0.505924
0.15 0.5064
0.1501 0.506644
0.1502 0.507444
0.1503 0.507574
0.1504 0.507819
0.1505 0.508146
0.1506 0.508742
0.1507 0.508941
0.1508 0.509349
0.1509 0.510003
0.151 0.510384
0.1511 0.510884
0.1512 0.511361
0.1513 0.511219
0.1514 0.511577
0.1515 0.511646
0.1516 0.511964
0.1517 0.512263
0.1518 0.512487
0.1519 0.513005
0.152 0.513448
0.1521 0.513744
0.1522 0.514013
0.1523 0.513976
0.1524 0.514191
0.1525 0.51447
0.1526 0.514639
0.1527 0.514867
0.1528 0.514924
0.1529 0.51519
0.153 0.515116
0.1531 0.515493
0.1532 0.515575
0.1533 0.51561
0.1534 0.515843
0.1535 0.516041
0.1536 0.516122
0.1537 0.516475
0.1538 0.51659
0.1539 0.516619
0.154 0.516924
0.1541 0.517144
0.1542 0.517363
0.1543 0.517404
0.1544 0.517508
0.1545 0.517505
0.1546 0.517852
0.1547 0.518577
0.1548 0.518984
0.1549 0.519108
0.155 0.519072
0.1551 0.519004
0.1552 0.519465
0.1553 0.519896
0.1554 0.520277
0.1555 0.520585
0.1556 0.520762
0.1557 0.521172
0.1558 0.521458
0.1559 0.52197
0.156 0.522365
0.1561 0.522713
0.1562 0.52318
0.1563 0.523253
0.1564 0.52359
0.1565 0.523819
0.1566 0.524222
0.1567 0.524663
0.1568 0.525089
0.1569 0.52547
0.157 0.525904
0.1571 0.52611
0.1572 0.526312
0.1573 0.526878
0.1574 0.527432
0.1575 0.527368
0.1576 0.527725
0.1577 0.527974
0.1578 0.528401
0.1579 0.528965
0.158 0.529494
0.1581 0.530024
0.1582 0.530244
0.1583 0.530338
0.1584 0.530326
0.1585 0.53065
0.1586 0.530956
0.1587 0.531616
0.1588 0.531806
0.1589 0.532064
0.159 0.532289
0.1591 0.532703
0.1592 0.533411
0.1593 0.533526
0.1594 0.534058
0.1595 0.534341
0.1596 0.534282
0.1597 0.53474
0.1598 0.534994
0.1599 0.534945
0.16 0.535633
0.1601 0.536182
0.1602 0.536209
0.1603 0.536664
0.1604 0.53716
0.1605 0.537422
0.1606 0.5373
0.1607 0.537351
0.1608 0.537642
0.1609 0.537792
0.161 0.538345
0.1611 0.538747
0.1612 0.538938
0.1613 0.539413
0.1614 0.539659
0.1615 0.540099
0.1616 0.540522
0.1617 0.541095
0.1618 0.541645
0.1619 0.542098
0.162 0.542598
0.1621 0.542621
0.1622 0.54287
0.1623 0.543259
0.1624 0.543726
0.1625 0.544031
0.1626 0.54451
0.1627 0.544817
0.1628 0.545323
0.1629 0.545463
0.163 0.545589
0.1631 0.546088
0.1632 0.54665
0.1633 0.5469
0.1634 0.547532
0.1635 0.547486
0.1636 0.547941
0.1637 0.548459
0.1638 0.54899
0.1639 0.549217
0.164 0.549193
0.1641 0.549249
0.1642 0.549317
0.1643 0.549967
0.1644 0.550489
0.1645 0.551171
0.1646 0.551657
0.1647 0.552234
0.1648 0.552386
0.1649 0.552801
0.165 0.553366
0.1651 0.553309
0.1652 0.553579
0.1653 0.553931
0.1654 0.554211
0.1655 0.554392
0.1656 0.554905
0.1657 0.555242
0.1658 0.555287
0.1659 0.555973
0.166 0.556285
0.1661 0.556566
0.1662 0.556947
0.1663 0.557245
0.1664 0.557707
0.1665 0.558037
0.1666 0.558511
0.1667 0.558808
0.1668 0.558822
0.1669 0.559322
0.167 0.559818
0.1671 0.560303
0.1672 0.5608
0.1673 0.561564
0.1674 0.561791
0.1675 0.56219
0.1676 0.562571
0.1677 0.563151
0.1678 0.563297
0.1679 0.563837
0.168 0.563947
0.1681 0.564053
0.1682 0.56453
0.1683 0.564425
0.1684 0.564616
0.1685 0.564875
0.1686 0.565211
0.1687 0.565703
0.1688 0.566011
0.1689 0.566317
0.169 0.566358
0.1691 0.566565
0.1692 0.567524
0.1693 0.567683
0.1694 0.568048
0.1695 0.568522
0.1696 0.569044
0.1697 0.569553
0.1698 0.569899
0.1699 0.570168
0.17 0.570424
0.1701 0.57057
0.1702 0.570665
0.1703 0.571186
0.1704 0.571902
0.1705 0.571933
0.1706 0.572275
0.1707 0.572694
0.1708 0.572821
0.1709 0.573249
0.171 0.573465
0.1711 0.573879
0.1712 0.574384
0.1713 0.574351
0.1714 0.574348
0.1715 0.574864
0.1716 0.575028
0.1717 0.575403
0.1718 0.575358
0.1719 0.575678
0.172 0.575815
0.1721 0.576125
0.1722 0.576645
0.1723 0.5769
0.1724 0.577283
0.1725 0.577665
0.1726 0.578198
0.1727 0.578636
0.1728 0.579075
0.1729 0.579424
0.173 0.580131
0.1731 0.580569
0.1732 0.580961
0.1733 0.580882
0.1734 0.581075
0.1735 0.581249
0.1736 0.581406
0.1737 0.5815
0.1738 0.581841
0.1739 0.58171
0.174 0.582265
0.1741 0.582693
0.1742 0.58314
0.1743 0.583346
0.1744 0.583779
0.1745 0.584023
0.1746 0.584537
0.1747 0.584756
0.1748 0.585202
0.1749 0.585547
0.175 0.585769
0.1751 0.585842
0.1752 0.586525
0.1753 0.586928
0.1754 0.587413
0.1755 0.587819
0.1756 0.587866
0.1757 0.588267
0.1758 0.58863
0.1759 0.589275
0.176 0.589229
0.1761 0.589766
0.1762 0.590006
0.1763 0.590702
0.1764 0.590941
0.1765 0.591376
0.1766 0.591452
0.1767 0.592013
0.1768 0.592152
0.1769 0.592586
0.177 0.592705
0.1771 0.59242
0.1772 0.593101
0.1773 0.593401
0.1774 0.593454
0.1775 0.593619
0.1776 0.594119
0.1777 0.594676
0.1778 0.594759
0.1779 0.5953
0.178 0.595386
0.1781 0.595699
0.1782 0.596034
0.1783 0.596431
0.1784 0.596647
0.1785 0.596837
0.1786 0.597098
0.1787 0.597305
0.1788 0.597539
0.1789 0.597609
0.179 0.597983
0.1791 0.59822
0.1792 0.598371
0.1793 0.598576
0.1794 0.598677
0.1795 0.599042
0.1796 0.599136
0.1797 0.599534
0.1798 0.599594
0.1799 0.599898
0.18 0.600041
0.1801 0.600094
0.1802 0.600375
0.1803 0.600961
0.1804 0.601671
0.1805 0.60205
0.1806 0.602118
0.1807 0.602561
0.1808 0.602689
0.1809 0.602629
0.181 0.602794
0.1811 0.603218
0.1812 0.603167
0.1813 0.603715
0.1814 0.60442
0.1815 0.604589
0.1816 0.605155
0.1817 0.605673
0.1818 0.605707
0.1819 0.60579
0.182 0.606165
0.1821 0.606759
0.1822 0.607545
0.1823 0.607742
0.1824 0.608532
0.1825 0.609024
0.1826 0.609375
0.1827 0.609471
0.1828 0.60949
0.1829 0.609865
0.183 0.609958
0.1831 0.610534
0.1832 0.610993
0.1833 0.611379
0.1834 0.611811
0.1835 0.612524
0.1836 0.61296
0.1837 0.613233
0.1838 0.613572
0.1839 0.613388
0.184 0.613812
0.1841 0.613856
0.1842 0.613721
0.1843 0.61428
0.1844 0.614423
0.1845 0.61488
0.1846 0.61515
0.1847 0.615411
0.1848 0.615816
0.1849 0.616303
0.185 0.616659
0.1851 0.617067
0.1852 0.617029
0.1853 0.617259
0.1854 0.617258
0.1855 0.617543
0.1856 0.618008
0.1857 0.618001
0.1858 0.618049
0.1859 0.618404
0.186 0.618815
0.1861 0.619307
0.1862 0.618981
0.1863 0.619535
0.1864 0.62036
0.1865 0.620501
0.1866 0.620899
0.1867 0.621446
0.1868 0.621572
0.1869 0.621905
0.187 0.621874
0.1871 0.622326
0.1872 0.622674
0.1873 0.622927
0.1874 0.622915
0.1875 0.623144
0.1876 0.623432
0.1877 0.62346
0.1878 0.623606
0.1879 0.624042
0.188 0.624601
0.1881 0.624993
0.1882 0.625588
0.1883 0.625986
0.1884 0.626408
0.1885 0.626614
0.1886 0.626689
0.1887 0.62666
0.1888 0.626795
0.1889 0.626947
0.189 0.627377
0.1891 0.627593
0.1892 0.627715
0.1893 0.627458
0.1894 0.628122
0.1895 0.628642
0.1896 0.628905
0.1897 0.629508
0.1898 0.629696
0.1899 0.630199
0.19 0.630449
0.1901 0.630675
0.1902 0.63076
0.1903 0.631119
0.1904 0.631161
0.1905 0.631292
0.1906 0.63146
0.1907 0.631586
0.1908 0.6323
0.1909 0.632244
0.191 0.63274
0.1911 0.632701
0.1912 0.632868
0.1913 0.633348
0.1914 0.634052
0.1915 0.634435
0.1916 0.635115
0.1917 0.635372
0.1918 0.635995
0.1919 0.636752
0.192 0.637205
0.1921 0.637278
0.1922 0.637503
0.1923 0.637557
0.1924 0.637847
0.1925 0.638339
0.1926 0.638698
0.1927 0.639109
0.1928 0.63935
0.1929 0.63955
0.193 0.639935
0.1931 0.640194
0.1932 0.64046
0.1933 0.640686
0.1934 0.640897
0.1935 0.640753
0.1936 0.641023
0.1937 0.641348
0.1938 0.641909
0.1939 0.642476
0.194 0.643083
0.1941 0.643083
0.1942 0.64343
0.1943 0.644087
0.1944 0.644637
0.1945 0.645015
0.1946 0.645083
0.1947 0.645791
0.1948 0.645866
0.1949 0.646146
0.195 0.646098
0.1951 0.646571
0.1952 0.646685
0.1953 0.646513
0.1954 0.646685
0.1955 0.646849
0.1956 0.64705
0.1957 0.647294
0.1958 0.647249
0.1959 0.647519
0.196 0.647706
0.1961 0.647877
0.1962 0.648243
0.1963 0.648717
0.1964 0.649288
0.1965 0.648958
0.1966 0.649427
0.1967 0.649789
0.1968 0.650264
0.1969 0.650666
0.197 0.651079
0.1971 0.651099
0.1972 0.651257
0.1973 0.651714
0.1974 0.65201
0.1975 0.652456
0.1976 0.652442
0.1977 0.653014
0.1978 0.652992
0.1979 0.653006
0.198 0.653244
0.1981 0.653745
0.1982 0.654404
0.1983 0.654696
0.1984 0.655342
0.1985 0.655593
0.1986 0.655951
0.1987 0.655771
0.1988 0.656011
0.1989 0.656694
0.199 0.657199
0.1991 0.657568
0.1992 0.657966
0.1993 0.658351
0.1994 0.659038
0.1995 0.659562
0.1996 0.659648
0.1997 0.659946
0.1998 0.6602
0.1999 0.660647
0.2 0.661128
0.2001 0.66136
0.2002 0.661656
0.2003 0.661885
0.2004 0.661951
0.2005 0.662108
0.2006 0.662875
0.2007 0.663275
0.2008 0.663354
0.2009 0.66368
0.201 0.664062
0.2011 0.664811
0.2012 0.664787
0.2013 0.665352
0.2014 0.665468
0.2015 0.665657
0.2016 0.66622
0.2017 0.666121
0.2018 0.666347
0.2019 0.666681
0.202 0.667005
0.2021 0.667475
0.2022 0.667741
0.2023 0.667907
0.2024 0.668604
0.2025 0.668815
0.2026 0.669669
0.2027 0.670162
0.2028 0.670574
0.2029 0.671152
0.203 0.671297
0.2031 0.671719
0.2032 0.672081
0.2033 0.672232
0.2034 0.672278
0.2035 0.672329
0.2036 0.672383
0.2037 0.672562
0.2038 0.673515
0.2039 0.673922
0.204 0.674378
0.2041 0.674246
0.2042 0.674465
0.2043 0.6748
0.2044 0.675202
0.2045 0.675396
0.2046 0.675656
0.2047 0.676311
0.2048 0.676591
0.2049 0.676925
0.205 0.676762
0.2051 0.6769
0.2052 0.676791
0.2053 0.677481
0.2054 0.677905
0.2055 0.678242
0.2056 0.678405
0.2057 0.678688
0.2058 0.678959
0.2059 0.679309
0.206 0.679459
0.2061 0.68006
0.2062 0.680675
0.2063 0.680683
