0 0
0.0001 0.000407452
0.0002 0.000806425
0.0003 0.00119387
0.0004 0.00158418
0.0005 0.00200159
0.0006 0.00241321
0.0007 0.00282379
0.0008 0.00324632
0.0009 0.00363125
0.001 0.0040282
0.0011 0.00446172
0.0012 0.00486268
0.0013 0.00530556
0.0014 0.00568716
0.0015 0.00609587
0.0016 0.00649935
0.0017 0.00687693
0.0018 0.00727426
0.0019 0.00766538
0.002 0.00810096
0.0021 0.00848394
0.0022 0.00890875
0.0023 0.00928598
0.0024 0.0096931
0.0025 0.0101106
0.0026 0.0105602
0.0027 0.01099
0.0028 0.0113846
0.0029 0.0117602
0.003 0.0121614
0.0031 0.012538
0.0032 0.0129392
0.0033 0.0133339
0.0034 0.0137165
0.0035 0.0140881
0.0036 0.0144845
0.0037 0.0148508
0.0038 0.0152324
0.0039 0.0156206
0.004 0.0160016
0.0041 0.0164054
0.0042 0.016843
0.0043 0.0173081
0.0044 0.0177496
0.0045 0.0181425
0.0046 0.018555
0.0047 0.0189433
0.0048 0.0192829
0.0049 0.0196421
0.005 0.020049
0.0051 0.0204879
0.0052 0.0208354
0.0053 0.0212221
0.0054 0.0216466
0.0055 0.0220157
0.0056 0.0224163
0.0057 0.0229248
0.0058 0.0232348
0.0059 0.0236304
0.006 0.0239834
0.0061 0.0244583
0.0062 0.0248486
0.0063 0.0252592
0.0064 0.0256329
0.0065 0.0260468
0.0066 0.026407
0.0067 0.0269031
0.0068 0.0273098
0.0069 0.0277203
0.007 0.0281686
0.0071 0.02853
0.0072 0.0289169
0.0073 0.0292562
0.0074 0.029655
0.0075 0.0301026
0.0076 0.0304843
0.0077 0.0308856
0.0078 0.0313311
0.0079 0.0317606
0.008 0.0322358
0.0081 0.0326142
0.0082 0.0330703
0.0083 0.0334669
0.0084 0.0338525
0.0085 0.0342738
0.0086 0.0347048
0.0087 0.0349675
0.0088 0.035333
0.0089 0.0357357
0.009 0.0361107
0.0091 0.0364829
0.0092 0.0369541
0.0093 0.0372354
0.0094 0.0375923
0.0095 0.0380253
0.0096 0.0384929
0.0097 0.0389252
0.0098 0.0393888
0.0099 0.0397668
0.01 0.0401819
0.0101 0.0405343
0.0102 0.0410424
0.0103 0.0414882
0.0104 0.0420773
0.0105 0.0424531
0.0106 0.0428271
0.0107 0.0434332
0.0108 0.0438161
0.0109 0.0442495
0.011 0.0446168
0.0111 0.044908
0.0112 0.0452186
0.0113 0.0456753
0.0114 0.0460256
0.0115 0.0464379
0.0116 0.0468875
0.0117 0.0472451
0.0118 0.04765
0.0119 0.0480086
0.012 0.0483948
0.0121 0.048866
0.0122 0.0492409
0.0123 0.0495953
0.0124 0.0500128
0.0125 0.0504749
0.0126 0.050953
0.0127 0.0513437
0.0128 0.0517638
0.0129 0.0520922
0.013 0.0524211
0.0131 0.0527566
0.0132 0.0531809
0.0133 0.0535918
0.0134 0.0539286
0.0135 0.0543711
0.0136 0.054807
0.0137 0.0551213
0.0138 0.0555258
0.0139 0.0559082
0.014 0.0563267
0.0141 0.0567407
0.0142 0.0571749
0.0143 0.0576077
0.0144 0.0580721
0.0145 0.0585308
0.0146 0.0589663
0.0147 0.0594052
0.0148 0.0598026
0.0149 0.0603088
0.015 0.0607012
0.0151 0.0611653
0.0152 0.0615531
0.0153 0.0620559
0.0154 0.0623638
0.0155 0.062765
0.0156 0.0632195
0.0157 0.0636879
0.0158 0.0640075
0.0159 0.0643423
0.016 0.0647611
0.0161 0.0651116
0.0162 0.0655593
0.0163 0.0659253
0.0164 0.066262
0.0165 0.0666252
0.0166 0.0670737
0.0167 0.0673697
0.0168 0.0677522
0.0169 0.0681678
0.017 0.068594
0.0171 0.0688981
0.0172 0.0692615
0.0173 0.0697492
0.0174 0.070011
0.0175 0.0703255
0.0176 0.0706588
0.0177 0.0710088
0.0178 0.071381
0.0179 0.0718026
0.018 0.0721535
0.0181 0.0725018
0.0182 0.0729185
0.0183 0.0734394
0.0184 0.0739234
0.0185 0.0743281
0.0186 0.0745792
0.0187 0.0750233
0.0188 0.0754876
0.0189 0.0758898
0.019 0.0761632
0.0191 0.0766394
0.0192 0.0768155
0.0193 0.0771226
0.0194 0.0774188
0.0195 0.0779156
0.0196 0.078314
0.0197 0.0787486
0.0198 0.0791014
0.0199 0.0795651
0.02 0.0800456
0.0201 0.0804546
0.0202 0.0808777
0.0203 0.081157
0.0204 0.0814744
0.0205 0.0817668
0.0206 0.0822112
0.0207 0.0826534
0.0208 0.08317
0.0209 0.083406
0.021 0.0837302
0.0211 0.0841692
0.0212 0.084661
0.0213 0.0849453
0.0214 0.0853323
0.0215 0.0856789
0.0216 0.0860166
0.0217 0.0863366
0.0218 0.086664
0.0219 0.087251
0.022 0.0877204
0.0221 0.0880011
0.0222 0.0884358
0.0223 0.088808
0.0224 0.0893179
0.0225 0.0897143
0.0226 0.0901274
0.0227 0.0903902
0.0228 0.0908183
0.0229 0.0912914
0.023 0.0914835
0.0231 0.0919646
0.0232 0.0923826
0.0233 0.0925763
0.0234 0.0928502
0.0235 0.0932009
0.0236 0.0934919
0.0237 0.09387
0.0238 0.0943952
0.0239 0.0946453
0.024 0.0950134
0.0241 0.0955624
0.0242 0.0959805
0.0243 0.0961844
0.0244 0.096471
0.0245 0.0968247
0.0246 0.0971885
0.0247 0.097636
0.0248 0.0979878
0.0249 0.098328
0.025 0.098713
0.0251 0.0991392
0.0252 0.0995442
0.0253 0.0999785
0.0254 0.100111
0.0255 0.100365
0.0256 0.100911
0.0257 0.101241
0.0258 0.101763
0.0259 0.102054
0.026 0.1024
0.0261 0.102646
0.0262 0.103006
0.0263 0.103301
0.0264 0.10362
0.0265 0.103833
0.0266 0.104236
0.0267 0.10459
0.0268 0.104988
0.0269 0.1053
0.027 0.105622
0.0271 0.105958
0.0272 0.10639
0.0273 0.106702
0.0274 0.107033
0.0275 0.107229
0.0276 0.107559
0.0277 0.108046
0.0278 0.108499
0.0279 0.10881
0.028 0.108991
0.0281 0.109305
0.0282 0.109606
0.0283 0.109977
0.0284 0.110267
0.0285 0.110768
0.0286 0.111205
0.0287 0.111653
0.0288 0.111966
0.0289 0.112172
0.029 0.112596
0.0291 0.112879
0.0292 0.113197
0.0293 0.113558
0.0294 0.113971
0.0295 0.114375
0.0296 0.114654
0.0297 0.114977
0.0298 0.115355
0.0299 0.115656
0.03 0.116044
0.0301 0.116543
0.0302 0.11687
0.0303 0.117177
0.0304 0.117464
0.0305 0.117817
0.0306 0.118036
0.0307 0.118245
0.0308 0.11866
0.0309 0.119027
0.031 0.119354
0.0311 0.119696
0.0312 0.120104
0.0313 0.120415
0.0314 0.12068
0.0315 0.121168
0.0316 0.121493
0.0317 0.121793
0.0318 0.12207
0.0319 0.122543
0.032 0.122851
0.0321 0.123183
0.0322 0.123608
0.0323 0.123957
0.0324 0.124348
0.0325 0.124693
0.0326 0.125095
0.0327 0.125496
0.0328 0.125898
0.0329 0.126141
0.033 0.126502
0.0331 0.126731
0.0332 0.127101
0.0333 0.127439
0.0334 0.12786
0.0335 0.128106
0.0336 0.128479
0.0337 0.12883
0.0338 0.129222
0.0339 0.129595
0.034 0.129914
0.0341 0.13029
0.0342 0.130587
0.0343 0.130941
0.0344 0.13123
0.0345 0.131715
0.0346 0.132017
0.0347 0.132384
0.0348 0.132622
0.0349 0.132945
0.035 0.133277
0.0351 0.133558
0.0352 0.133928
0.0353 0.134251
0.0354 0.134764
0.0355 0.135231
0.0356 0.135746
0.0357 0.136099
0.0358 0.136373
0.0359 0.136621
0.036 0.136961
0.0361 0.13726
0.0362 0.137748
0.0363 0.13806
0.0364 0.138345
0.0365 0.138674
0.0366 0.139233
0.0367 0.139822
0.0368 0.140127
0.0369 0.140533
0.037 0.141033
0.0371 0.141607
0.0372 0.141954
0.0373 0.142215
0.0374 0.142462
0.0375 0.142834
0.0376 0.143205
0.0377 0.143603
0.0378 0.143865
0.0379 0.144214
0.038 0.14454
0.0381 0.144951
0.0382 0.14527
0.0383 0.145393
0.0384 0.145626
0.0385 0.146054
0.0386 0.146483
0.0387 0.146874
0.0388 0.147043
0.0389 0.147323
0.039 0.147604
0.0391 0.1481
0.0392 0.148553
0.0393 0.148721
0.0394 0.149034
0.0395 0.149177
0.0396 0.149456
0.0397 0.149955
0.0398 0.150138
0.0399 0.150472
0.04 0.150806
0.0401 0.151284
0.0402 0.151648
0.0403 0.151889
0.0404 0.152256
0.0405 0.152742
0.0406 0.153039
0.0407 0.15328
0.0408 0.153444
0.0409 0.153905
0.041 0.154253
0.0411 0.154584
0.0412 0.154975
0.0413 0.155324
0.0414 0.155679
0.0415 0.156039
0.0416 0.156326
0.0417 0.156773
0.0418 0.157054
0.0419 0.157454
0.042 0.157771
0.0421 0.15817
0.0422 0.15856
0.0423 0.158941
0.0424 0.159178
0.0425 0.159637
0.0426 0.159974
0.0427 0.160172
0.0428 0.160398
0.0429 0.161036
0.043 0.161485
0.0431 0.161608
0.0432 0.161896
0.0433 0.162229
0.0434 0.162597
0.0435 0.162873
0.0436 0.163168
0.0437 0.163477
0.0438 0.163709
0.0439 0.163938
0.044 0.164444
0.0441 0.164776
0.0442 0.165156
0.0443 0.165441
0.0444 0.16565
0.0445 0.165909
0.0446 0.166308
0.0447 0.166574
0.0448 0.166914
0.0449 0.167403
0.045 0.167746
0.0451 0.168083
0.0452 0.168483
0.0453 0.168629
0.0454 0.169256
0.0455 0.169773
0.0456 0.169973
0.0457 0.170408
0.0458 0.170876
0.0459 0.171183
0.046 0.171456
0.0461 0.171544
0.0462 0.171832
0.0463 0.172067
0.0464 0.172443
0.0465 0.172886
0.0466 0.173271
0.0467 0.173619
0.0468 0.174091
0.0469 0.174368
0.047 0.174746
0.0471 0.175253
0.0472 0.17543
0.0473 0.175723
0.0474 0.176124
0.0475 0.17649
0.0476 0.176759
0.0477 0.177181
0.0478 0.177637
0.0479 0.178036
0.048 0.1785
0.0481 0.178894
0.0482 0.179257
0.0483 0.179697
0.0484 0.180143
0.0485 0.180484
0.0486 0.180835
0.0487 0.181354
0.0488 0.181818
0.0489 0.181971
0.049 0.182331
0.0491 0.182642
0.0492 0.183035
0.0493 0.183295
0.0494 0.183834
0.0495 0.184034
0.0496 0.184335
0.0497 0.184606
0.0498 0.184979
0.0499 0.185257
0.05 0.185825
0.0501 0.18634
0.0502 0.186641
0.0503 0.186804
0.0504 0.187103
0.0505 0.187487
0.0506 0.187717
0.0507 0.188023
0.0508 0.188373
0.0509 0.18851
0.051 0.188771
0.0511 0.188954
0.0512 0.189197
0.0513 0.189532
0.0514 0.189812
0.0515 0.190415
0.0516 0.190854
0.0517 0.191272
0.0518 0.191434
0.0519 0.191755
0.052 0.192115
0.0521 0.192615
0.0522 0.19281
0.0523 0.192961
0.0524 0.193122
0.0525 0.193564
0.0526 0.1938
0.0527 0.194349
0.0528 0.194871
0.0529 0.19523
0.053 0.195573
0.0531 0.196048
0.0532 0.196412
0.0533 0.196671
0.0534 0.196917
0.0535 0.197309
0.0536 0.197651
0.0537 0.198039
0.0538 0.198351
0.0539 0.198641
0.054 0.199109
0.0541 0.199504
0.0542 0.199788
0.0543 0.200179
0.0544 0.200449
0.0545 0.20088
0.0546 0.201168
0.0547 0.201499
0.0548 0.201791
0.0549 0.20241
0.055 0.202808
0.0551 0.203103
0.0552 0.203613
0.0553 0.204022
0.0554 0.204236
0.0555 0.204518
0.0556 0.204935
0.0557 0.205411
0.0558 0.205692
0.0559 0.206042
0.056 0.206533
0.0561 0.207052
0.0562 0.207405
0.0563 0.208
0.0564 0.208177
0.0565 0.208448
0.0566 0.208678
0.0567 0.209017
0.0568 0.20949
0.0569 0.209984
0.057 0.210151
0.0571 0.210573
0.0572 0.210953
0.0573 0.211352
0.0574 0.211552
0.0575 0.211811
0.0576 0.212154
0.0577 0.212595
0.0578 0.213088
0.0579 0.213583
0.058 0.214006
0.0581 0.214303
0.0582 0.214759
0.0583 0.215003
0.0584 0.215423
0.0585 0.215644
0.0586 0.215785
0.0587 0.216158
0.0588 0.21626
0.0589 0.216806
0.059 0.21711
0.0591 0.217575
0.0592 0.217969
0.0593 0.218314
0.0594 0.218659
0.0595 0.218918
0.0596 0.219385
0.0597 0.219612
0.0598 0.220046
0.0599 0.220401
0.06 0.22076
0.0601 0.221207
0.0602 0.221505
0.0603 0.221881
0.0604 0.222357
0.0605 0.222675
0.0606 0.222896
0.0607 0.22331
0.0608 0.223566
0.0609 0.223793
0.061 0.22411
0.0611 0.224476
0.0612 0.224763
0.0613 0.225097
0.0614 0.225263
0.0615 0.225679
0.0616 0.225775
0.0617 0.22619
0.0618 0.226386
0.0619 0.22676
0.062 0.22718
0.0621 0.227611
0.0622 0.227914
0.0623 0.228184
0.0624 0.228424
0.0625 0.22892
0.0626 0.229318
0.0627 0.229435
0.0628 0.229816
0.0629 0.230228
0.063 0.230447
0.0631 0.230966
0.0632 0.231139
0.0633 0.231585
0.0634 0.231937
0.0635 0.232156
0.0636 0.23242
0.0637 0.232821
0.0638 0.233287
0.0639 0.233827
0.064 0.234157
0.0641 0.23429
0.0642 0.234692
0.0643 0.235201
0.0644 0.235641
0.0645 0.235991
0.0646 0.236247
0.0647 0.236505
0.0648 0.236848
0.0649 0.23727
0.065 0.237631
0.0651 0.237795
0.0652 0.23804
0.0653 0.238602
0.0654 0.238972
0.0655 0.239273
0.0656 0.239596
0.0657 0.239911
0.0658 0.240217
0.0659 0.240522
0.066 0.240756
0.0661 0.240936
0.0662 0.241383
0.0663 0.241701
0.0664 0.242096
0.0665 0.242586
0.0666 0.242604
0.0667 0.243018
0.0668 0.243442
0.0669 0.243829
0.067 0.24402
0.0671 0.244421
0.0672 0.244785
0.0673 0.245039
0.0674 0.245306
0.0675 0.245758
0.0676 0.246115
0.0677 0.246389
0.0678 0.2467
0.0679 0.246886
0.068 0.24725
0.0681 0.247774
0.0682 0.247995
0.0683 0.248191
0.0684 0.248599
0.0685 0.249026
0.0686 0.249262
0.0687 0.249425
0.0688 0.249611
0.0689 0.250117
0.069 0.250631
0.0691 0.251211
0.0692 0.251757
0.0693 0.252063
0.0694 0.252223
0.0695 0.252511
0.0696 0.25279
0.0697 0.253196
0.0698 0.253397
0.0699 0.25379
0.07 0.254192
0.0701 0.254662
0.0702 0.254978
0.0703 0.255329
0.0704 0.255724
0.0705 0.256062
0.0706 0.256257
0.0707 0.256665
0.0708 0.256848
0.0709 0.256986
0.071 0.257386
0.0711 0.257731
0.0712 0.258133
0.0713 0.258236
0.0714 0.258747
0.0715 0.25918
0.0716 0.259462
0.0717 0.260045
0.0718 0.260697
0.0719 0.261264
0.072 0.261658
0.0721 0.261819
0.0722 0.262122
0.0723 0.262375
0.0724 0.262703
0.0725 0.263008
0.0726 0.26325
0.0727 0.263584
0.0728 0.263967
0.0729 0.263964
0.073 0.264301
0.0731 0.264531
0.0732 0.264985
0.0733 0.265437
0.0734 0.265651
0.0735 0.266097
0.0736 0.266368
0.0737 0.266927
0.0738 0.267386
0.0739 0.267568
0.074 0.267702
0.0741 0.267939
0.0742 0.268203
0.0743 0.268512
0.0744 0.268993
0.0745 0.269397
0.0746 0.269833
0.0747 0.270077
0.0748 0.27038
0.0749 0.270681
0.075 0.271107
0.0751 0.271507
0.0752 0.271755
0.0753 0.272011
0.0754 0.272514
0.0755 0.273018
0.0756 0.273335
0.0757 0.273761
0.0758 0.274083
0.0759 0.274336
0.076 0.274566
0.0761 0.274733
0.0762 0.275005
0.0763 0.275101
0.0764 0.275643
0.0765 0.275934
0.0766 0.276059
0.0767 0.276266
0.0768 0.276609
0.0769 0.276822
0.077 0.276994
0.0771 0.277172
0.0772 0.27737
0.0773 0.277786
0.0774 0.27792
0.0775 0.278254
0.0776 0.278423
0.0777 0.278826
0.0778 0.27921
0.0779 0.279533
0.078 0.279708
0.0781 0.2801
0.0782 0.28047
0.0783 0.280494
0.0784 0.280755
0.0785 0.281074
0.0786 0.281493
0.0787 0.281877
0.0788 0.282324
0.0789 0.282782
0.079 0.282866
0.0791 0.283123
0.0792 0.283315
0.0793 0.283712
0.0794 0.28394
0.0795 0.284114
0.0796 0.284631
0.0797 0.284877
0.0798 0.284921
0.0799 0.285172
0.08 0.285279
0.0801 0.28567
0.0802 0.286196
0.0803 0.286429
0.0804 0.286722
0.0805 0.286999
0.0806 0.287427
0.0807 0.28768
0.0808 0.287892
0.0809 0.288162
0.081 0.288232
0.0811 0.288478
0.0812 0.288824
0.0813 0.289255
0.0814 0.289812
0.0815 0.290096
0.0816 0.290537
0.0817 0.290803
0.0818 0.291245
0.0819 0.291574
0.082 0.291722
0.0821 0.292096
0.0822 0.292467
0.0823 0.29281
0.0824 0.292966
0.0825 0.293333
0.0826 0.293591
0.0827 0.294093
0.0828 0.294693
0.0829 0.295227
0.083 0.295393
0.0831 0.29585
0.0832 0.296199
0.0833 0.296329
0.0834 0.296578
0.0835 0.29686
0.0836 0.296978
0.0837 0.297201
0.0838 0.297467
0.0839 0.297812
0.084 0.298264
0.0841 0.298768
0.0842 0.298811
0.0843 0.299252
0.0844 0.299768
0.0845 0.30016
0.0846 0.300733
0.0847 0.30107
0.0848 0.301274
0.0849 0.301793
0.085 0.302027
0.0851 0.302353
0.0852 0.302789
0.0853 0.303106
0.0854 0.303408
0.0855 0.303647
0.0856 0.304234
0.0857 0.304257
0.0858 0.304622
0.0859 0.304974
0.086 0.305161
0.0861 0.305296
0.0862 0.305614
0.0863 0.3059
0.0864 0.306097
0.0865 0.306418
0.0866 0.3068
0.0867 0.307284
0.0868 0.307758
0.0869 0.308081
0.087 0.308625
0.0871 0.308729
0.0872 0.309259
0.0873 0.309565
0.0874 0.309845
0.0875 0.310506
0.0876 0.310958
0.0877 0.31123
0.0878 0.311256
0.0879 0.311342
0.088 0.311485
0.0881 0.31185
0.0882 0.31216
0.0883 0.312384
0.0884 0.312785
0.0885 0.313155
0.0886 0.313499
0.0887 0.31388
0.0888 0.314403
0.0889 0.314542
0.089 0.314926
0.0891 0.315168
0.0892 0.315635
0.0893 0.315781
0.0894 0.316178
0.0895 0.316716
0.0896 0.316839
0.0897 0.317049
0.0898 0.317132
0.0899 0.317502
0.09 0.317888
0.0901 0.318255
0.0902 0.318423
0.0903 0.318646
0.0904 0.318807
0.0905 0.319486
0.0906 0.319708
0.0907 0.319967
0.0908 0.320105
0.0909 0.32065
0.091 0.321026
0.0911 0.32149
0.0912 0.321648
0.0913 0.32206
0.0914 0.322379
0.0915 0.322811
0.0916 0.323132
0.0917 0.323376
0.0918 0.323898
0.0919 0.32435
0.092 0.324643
0.0921 0.325062
0.0922 0.325327
0.0923 0.325443
0.0924 0.325849
0.0925 0.326116
0.0926 0.326098
0.0927 0.326437
0.0928 0.32676
0.0929 0.326988
0.093 0.32746
0.0931 0.327558
0.0932 0.327764
0.0933 0.328186
0.0934 0.328414
0.0935 0.328868
0.0936 0.329266
0.0937 0.329648
0.0938 0.329914
0.0939 0.330273
0.094 0.330483
0.0941 0.330942
0.0942 0.331083
0.0943 0.331453
0.0944 0.331813
0.0945 0.332103
0.0946 0.33234
0.0947 0.33239
0.0948 0.332572
0.0949 0.332927
0.095 0.333447
0.0951 0.333439
0.0952 0.333751
0.0953 0.333963
0.0954 0.33432
0.0955 0.33499
0.0956 0.335188
0.0957 0.335573
0.0958 0.335759
0.0959 0.336215
0.096 0.336555
0.0961 0.33711
0.0962 0.337264
0.0963 0.337594
0.0964 0.337708
0.0965 0.338176
0.0966 0.33855
0.0967 0.338843
0.0968 0.338765
0.0969 0.339077
0.097 0.339339
0.0971 0.339594
0.0972 0.339924
0.0973 0.340303
0.0974 0.340862
0.0975 0.341307
0.0976 0.341595
0.0977 0.341741
0.0978 0.341781
0.0979 0.342534
0.098 0.342938
0.0981 0.343244
0.0982 0.343099
0.0983 0.343406
0.0984 0.343652
0.0985 0.344158
0.0986 0.34456
0.0987 0.345102
0.0988 0.345235
0.0989 0.345651
0.099 0.346039
0.0991 0.346151
0.0992 0.346401
0.0993 0.346526
0.0994 0.347145
0.0995 0.347414
0.0996 0.347546
0.0997 0.348003
0.0998 0.348137
0.0999 0.348613
0.1 0.348829
0.1001 0.349171
0.1002 0.34976
0.1003 0.350321
0.1004 0.350325
0.1005 0.350534
0.1006 0.350992
0.1007 0.351553
0.1008 0.351899
0.1009 0.352501
0.101 0.353
0.1011 0.353313
0.1012 0.354038
0.1013 0.354172
0.1014 0.354588
0.1015 0.355013
0.1016 0.355311
0.1017 0.355788
0.1018 0.356166
0.1019 0.356205
0.102 0.356613
0.1021 0.35704
0.1022 0.357243
0.1023 0.357644
0.1024 0.357913
0.1025 0.358361
0.1026 0.358955
0.1027 0.359307
0.1028 0.359409
0.1029 0.359916
0.103 0.360663
0.1031 0.360819
0.1032 0.361035
0.1033 0.361545
0.1034 0.362025
0.1035 0.36197
0.1036 0.362361
0.1037 0.362681
0.1038 0.363123
0.1039 0.363209
0.104 0.363527
0.1041 0.363734
0.1042 0.363811
0.1043 0.364232
0.1044 0.364343
0.1045 0.364961
0.1046 0.365305
0.1047 0.365316
0.1048 0.365843
0.1049 0.366167
0.105 0.366606
0.1051 0.366961
0.1052 0.367206
0.1053 0.367176
0.1054 0.367404
0.1055 0.367689
0.1056 0.368162
0.1057 0.368787
0.1058 0.369293
0.1059 0.369727
0.106 0.370422
0.1061 0.370662
0.1062 0.371187
0.1063 0.371679
0.1064 0.372014
0.1065 0.372108
0.1066 0.372647
0.1067 0.372689
0.1068 0.373144
0.1069 0.373388
0.107 0.373644
0.1071 0.374295
0.1072 0.374773
0.1073 0.375247
0.1074 0.375782
0.1075 0.376004
0.1076 0.37603
0.1077 0.37636
0.1078 0.376682
0.1079 0.376626
0.108 0.376986
0.1081 0.377734
0.1082 0.378201
0.1083 0.378379
0.1084 0.37855
0.1085 0.378832
0.1086 0.379086
0.1087 0.379467
0.1088 0.379824
0.1089 0.380016
0.109 0.38026
0.1091 0.380548
0.1092 0.38069
0.1093 0.381016
0.1094 0.381449
0.1095 0.382079
0.1096 0.382687
0.1097 0.383108
0.1098 0.383187
0.1099 0.383464
0.11 0.384036
0.1101 0.384509
0.1102 0.384874
0.1103 0.385346
0.1104 0.385844
0.1105 0.386152
0.1106 0.38644
0.1107 0.387257
0.1108 0.387791
0.1109 0.3881
0.111 0.388315
0.1111 0.388654
0.1112 0.388651
0.1113 0.388877
0.1114 0.388954
0.1115 0.389314
0.1116 0.389165
0.1117 0.389323
0.1118 0.389583
0.1119 0.389916
0.112 0.390089
0.1121 0.390614
0.1122 0.391165
0.1123 0.391417
0.1124 0.391755
0.1125 0.392168
0.1126 0.392627
0.1127 0.392833
0.1128 0.393119
0.1129 0.393446
0.113 0.393557
0.1131 0.39393
0.1132 0.394388
0.1133 0.394754
0.1134 0.395022
0.1135 0.395584
0.1136 0.395802
0.1137 0.39587
0.1138 0.396371
0.1139 0.396507
0.114 0.396654
0.1141 0.396778
0.1142 0.397493
0.1143 0.397723
0.1144 0.398086
0.1145 0.398596
0.1146 0.398914
0.1147 0.399363
0.1148 0.399646
0.1149 0.399967
0.115 0.400107
0.1151 0.400273
0.1152 0.400929
0.1153 0.401014
0.1154 0.401258
0.1155 0.401637
0.1156 0.402074
0.1157 0.40231
0.1158 0.402542
0.1159 0.402784
0.116 0.402826
0.1161 0.403381
0.1162 0.403728
0.1163 0.404173
0.1164 0.404485
0.1165 0.404697
0.1166 0.405017
0.1167 0.405503
0.1168 0.406081
0.1169 0.406701
0.117 0.406906
0.1171 0.407213
0.1172 0.407422
0.1173 0.407687
0.1174 0.407851
0.1175 0.408029
0.1176 0.408428
0.1177 0.40878
0.1178 0.409145
0.1179 0.409538
0.118 0.40984
0.1181 0.409968
0.1182 0.410459
0.1183 0.410412
0.1184 0.410772
0.1185 0.411054
0.1186 0.411255
0.1187 0.411757
0.1188 0.412039
0.1189 0.412408
0.119 0.412389
0.1191 0.412461
0.1192 0.412835
0.1193 0.413082
0.1194 0.413219
0.1195 0.413554
0.1196 0.413987
0.1197 0.414623
0.1198 0.414935
0.1199 0.415261
0.12 0.415703
0.1201 0.416116
0.1202 0.416709
0.1203 0.417223
0.1204 0.417341
0.1205 0.417757
0.1206 0.418241
0.1207 0.4186
0.1208 0.419016
0.1209 0.41952
0.121 0.420114
0.1211 0.420763
0.1212 0.421164
0.1213 0.421299
0.1214 0.421725
0.1215 0.421772
0.1216 0.422118
0.1217 0.422148
0.1218 0.422638
0.1219 0.422916
0.122 0.423281
0.1221 0.423421
0.1222 0.423782
0.1223 0.424327
0.1224 0.424824
0.1225 0.42496
0.1226 0.425025
0.1227 0.425386
0.1228 0.425909
0.1229 0.426007
0.123 0.425973
0.1231 0.42601
0.1232 0.426034
0.1233 0.425929
0.1234 0.426118
0.1235 0.426718
0.1236 0.427159
0.1237 0.427319
0.1238 0.427777
0.1239 0.428091
0.124 0.42833
0.1241 0.428487
0.1242 0.428379
0.1243 0.428816
0.1244 0.428843
0.1245 0.429176
0.1246 0.429173
0.1247 0.429156
0.1248 0.429465
0.1249 0.429628
0.125 0.429864
0.1251 0.430292
0.1252 0.430467
0.1253 0.430843
0.1254 0.431084
0.1255 0.431759
0.1256 0.43227
0.1257 0.432906
0.1258 0.433177
0.1259 0.433308
0.126 0.43348
0.1261 0.433522
0.1262 0.433877
0.1263 0.434142
0.1264 0.43421
0.1265 0.434475
0.1266 0.434853
0.1267 0.435026
0.1268 0.435142
0.1269 0.435633
0.127 0.436045
0.1271 0.436388
0.1272 0.436603
0.1273 0.436957
0.1274 0.437345
0.1275 0.438054
0.1276 0.438521
0.1277 0.439073
0.1278 0.439302
0.1279 0.439707
0.128 0.439924
0.1281 0.440582
0.1282 0.440814
0.1283 0.441359
0.1284 0.441332
0.1285 0.441611
0.1286 0.44215
0.1287 0.442631
0.1288 0.442874
0.1289 0.443274
0.129 0.443319
0.1291 0.443601
0.1292 0.443987
0.1293 0.444383
0.1294 0.444992
0.1295 0.445252
0.1296 0.445271
0.1297 0.445194
0.1298 0.446019
0.1299 0.446697
0.13 0.447115
0.1301 0.447781
0.1302 0.448155
0.1303 0.448763
0.1304 0.44923
0.1305 0.44934
0.1306 0.449437
0.1307 0.449459
0.1308 0.449439
0.1309 0.449612
0.131 0.449631
0.1311 0.449906
0.1312 0.45016
0.1313 0.4502
0.1314 0.4508
0.1315 0.451068
0.1316 0.451373
0.1317 0.45151
0.1318 0.452135
0.1319 0.452468
0.132 0.452652
0.1321 0.452887
0.1322 0.453127
0.1323 0.453287
0.1324 0.453688
0.1325 0.454056
0.1326 0.454565
0.1327 0.454796
0.1328 0.455112
0.1329 0.455588
0.133 0.455901
0.1331 0.456042
0.1332 0.456023
0.1333 0.456312
0.1334 0.456783
0.1335 0.457242
0.1336 0.457571
0.1337 0.458119
0.1338 0.458534
0.1339 0.458792
0.134 0.459363
0.1341 0.459904
0.1342 0.460406
0.1343 0.460838
0.1344 0.461222
0.1345 0.46177
0.1346 0.46213
0.1347 0.461944
0.1348 0.462115
0.1349 0.461997
0.135 0.462301
0.1351 0.462557
0.1352 0.462837
0.1353 0.463178
0.1354 0.463499
0.1355 0.463952
0.1356 0.464375
0.1357 0.464845
0.1358 0.465229
0.1359 0.465466
0.136 0.465555
0.1361 0.46605
0.1362 0.466364
0.1363 0.466565
0.1364 0.466922
0.1365 0.467196
0.1366 0.467675
0.1367 0.467851
0.1368 0.468178
0.1369 0.468119
0.137 0.468646
0.1371 0.468936
0.1372 0.46918
0.1373 0.469665
0.1374 0.470014
0.1375 0.47024
0.1376 0.470227
0.1377 0.470604
0.1378 0.470961
0.1379 0.471285
0.138 0.472031
0.1381 0.472582
0.1382 0.47258
0.1383 0.473121
0.1384 0.473933
0.1385 0.474353
0.1386 0.474579
0.1387 0.475102
0.1388 0.475358
0.1389 0.475671
0.139 0.475871
0.1391 0.476247
0.1392 0.476482
0.1393 0.477022
0.1394 0.477528
0.1395 0.477298
0.1396 0.477801
0.1397 0.478067
0.1398 0.478896
0.1399 0.479245
0.14 0.479669
0.1401 0.480177
0.1402 0.480346
0.1403 0.480373
0.1404 0.480789
0.1405 0.481186
0.1406 0.481528
0.1407 0.481783
0.1408 0.482028
0.1409 0.482244
0.141 0.482256
0.1411 0.482479
0.1412 0.483085
0.1413 0.483297
0.1414 0.483735
0.1415 0.48379
0.1416 0.484231
0.1417 0.484472
0.1418 0.48492
0.1419 0.485004
0.142 0.485228
0.1421 0.485394
0.1422 0.486252
0.1423 0.486879
0.1424 0.486963
0.1425 0.48754
0.1426 0.487839
0.1427 0.488373
0.1428 0.488603
0.1429 0.488839
0.143 0.489575
0.1431 0.490183
0.1432 0.490547
0.1433 0.490751
0.1434 0.491189
0.1435 0.492017
0.1436 0.492272
0.1437 0.492458
0.1438 0.492761
0.1439 0.493184
0.144 0.493703
0.1441 0.494341
0.1442 0.494906
0.1443 0.4951
0.1444 0.495555
0.1445 0.495895
0.1446 0.496145
0.1447 0.496509
0.1448 0.496951
0.1449 0.497238
0.145 0.49731
0.1451 0.497557
0.1452 0.497939
0.1453 0.498524
0.1454 0.498856
0.1455 0.499163
0.1456 0.499452
0.1457 0.500053
0.1458 0.500419
0.1459 0.50105
0.146 0.501302
0.1461 0.501739
0.1462 0.501982
0.1463 0.501916
0.1464 0.501965
0.1465 0.502133
0.1466 0.502204
0.1467 0.502421
0.1468 0.502773
0.1469 0.502973
0.147 0.503241
0.1471 0.503785
0.1472 0.503951
0.1473 0.504446
0.1474 0.504766
0.1475 0.505084
0.1476 0.505145
0.1477 0.505589
0.1478 0.505949
0.1479 0.506437
0.148 0.507038
0.1481 0.507151
0.1482 0.507162
0.1483 0.507818
0.1484 0.508277
0.1485 0.508955
0.1486 0.509144
0.1487 0.509379
0.1488 0.509814
0.1489 0.510422
0.149 0.510685
0.1491 0.510894
0.1492 0.511101
0.1493 0.511397
0.1494 0.511732
0.1495 0.512017
0.1496 0.512131
0.1497 0.512518
0.1498 0.512969
0.1499 0.513266
0.15 0.513807
0.1501 0.514244
0.1502 0.51416
0.1503 0.514169
0.1504 0.514656
0.1505 0.515074
0.1506 0.515127
0.1507 0.515479
0.1508 0.516022
0.1509 0.516263
0.151 0.516524
0.1511 0.516971
0.1512 0.517267
0.1513 0.517557
0.1514 0.518033
0.1515 0.518087
0.1516 0.518357
0.1517 0.518405
0.1518 0.518572
0.1519 0.518967
0.152 0.519156
0.1521 0.519589
0.1522 0.519814
0.1523 0.520147
0.1524 0.520229
0.1525 0.520528
0.1526 0.520823
0.1527 0.521455
0.1528 0.521621
0.1529 0.521678
0.153 0.521901
0.1531 0.522198
0.1532 0.522713
0.1533 0.523176
0.1534 0.523875
0.1535 0.524353
0.1536 0.524621
0.1537 0.524843
0.1538 0.525194
0.1539 0.525306
0.154 0.525373
0.1541 0.525538
0.1542 0.525847
0.1543 0.526255
0.1544 0.526816
0.1545 0.527078
0.1546 0.527854
0.1547 0.528309
0.1548 0.528726
0.1549 0.528964
0.155 0.529396
0.1551 0.52958
0.1552 0.529883
0.1553 0.530173
0.1554 0.530762
0.1555 0.531402
0.1556 0.532384
0.1557 0.532776
0.1558 0.533244
0.1559 0.533802
0.156 0.534158
0.1561 0.534593
0.1562 0.53482
0.1563 0.535056
0.1564 0.535359
0.1565 0.535636
0.1566 0.536197
0.1567 0.536217
0.1568 0.536313
0.1569 0.536412
0.157 0.53679
0.1571 0.53715
0.1572 0.537697
0.1573 0.537545
0.1574 0.537478
0.1575 0.5377
0.1576 0.538105
0.1577 0.538463
0.1578 0.539091
0.1579 0.539412
0.158 0.539993
0.1581 0.540404
0.1582 0.540994
0.1583 0.541436
0.1584 0.542026
0.1585 0.542138
0.1586 0.542062
0.1587 0.54255
0.1588 0.54308
0.1589 0.543163
0.159 0.543517
0.1591 0.543878
0.1592 0.54403
0.1593 0.544267
0.1594 0.544625
0.1595 0.544861
0.1596 0.545422
0.1597 0.54597
0.1598 0.546214
0.1599 0.545991
0.16 0.546457
0.1601 0.546699
0.1602 0.546979
0.1603 0.547243
0.1604 0.54795
0.1605 0.548019
0.1606 0.54866
0.1607 0.548455
0.1608 0.548825
0.1609 0.549111
0.161 0.549047
0.1611 0.549347
0.1612 0.54979
0.1613 0.549679
0.1614 0.550196
0.1615 0.550292
0.1616 0.550935
0.1617 0.551165
0.1618 0.551315
0.1619 0.551765
0.162 0.552002
0.1621 0.552373
0.1622 0.552591
0.1623 0.553192
0.1624 0.553551
0.1625 0.554141
0.1626 0.554658
0.1627 0.555045
0.1628 0.55559
0.1629 0.556001
0.163 0.556668
0.1631 0.55693
0.1632 0.55742
0.1633 0.557407
0.1634 0.557669
0.1635 0.557849
0.1636 0.557707
0.1637 0.558165
0.1638 0.557983
0.1639 0.558422
0.164 0.559051
0.1641 0.559533
0.1642 0.560235
0.1643 0.560459
0.1644 0.560702
0.1645 0.560621
0.1646 0.560763
0.1647 0.560883
0.1648 0.561211
0.1649 0.561383
0.165 0.561736
0.1651 0.56227
0.1652 0.56284
0.1653 0.563423
0.1654 0.563482
0.1655 0.563696
0.1656 0.564314
0.1657 0.56472
0.1658 0.56514
0.1659 0.565505
0.166 0.565709
0.1661 0.566054
0.1662 0.565798
0.1663 0.566285
0.1664 0.566813
0.1665 0.566975
0.1666 0.567319
0.1667 0.567665
0.1668 0.567637
0.1669 0.568016
0.167 0.568496
0.1671 0.569287
0.1672 0.569733
0.1673 0.569982
0.1674 0.570328
0.1675 0.570788
0.1676 0.571122
0.1677 0.571614
0.1678 0.571536
0.1679 0.571853
0.168 0.571943
0.1681 0.571853
0.1682 0.572225
0.1683 0.572664
0.1684 0.573152
0.1685 0.573632
0.1686 0.573919
0.1687 0.573924
0.1688 0.573875
0.1689 0.574185
0.169 0.574353
0.1691 0.574585
0.1692 0.574445
0.1693 0.574309
0.1694 0.574241
0.1695 0.574473
0.1696 0.57483
0.1697 0.574991
0.1698 0.575492
0.1699 0.57547
0.17 0.575848
0.1701 0.576424
0.1702 0.57664
0.1703 0.576961
0.1704 0.577531
0.1705 0.577818
0.1706 0.577955
0.1707 0.578055
0.1708 0.57829
0.1709 0.578636
0.171 0.579239
0.1711 0.579492
0.1712 0.580057
0.1713 0.58044
0.1714 0.580687
0.1715 0.581198
0.1716 0.581563
0.1717 0.581515
0.1718 0.581973
0.1719 0.582229
0.172 0.582489
0.1721 0.582975
0.1722 0.58296
0.1723 0.583609
0.1724 0.583722
0.1725 0.584193
0.1726 0.583759
0.1727 0.584029
0.1728 0.584151
0.1729 0.584609
0.173 0.58512
0.1731 0.585558
0.1732 0.585994
0.1733 0.586056
0.1734 0.586332
0.1735 0.586294
0.1736 0.586659
0.1737 0.587305
0.1738 0.587598
0.1739 0.588015
0.174 0.588046
0.1741 0.588326
0.1742 0.588354
0.1743 0.588492
0.1744 0.58915
0.1745 0.589558
0.1746 0.589937
0.1747 0.590425
0.1748 0.5906
0.1749 0.591037
0.175 0.59178
0.1751 0.591873
0.1752 0.592081
0.1753 0.592566
0.1754 0.592916
0.1755 0.593176
0.1756 0.593472
0.1757 0.593925
0.1758 0.594421
0.1759 0.594569
0.176 0.594991
0.1761 0.595389
0.1762 0.595681
0.1763 0.595623
0.1764 0.596078
0.1765 0.596686
0.1766 0.596723
0.1767 0.597121
0.1768 0.597334
0.1769 0.597638
0.177 0.598145
0.1771 0.598361
0.1772 0.598248
0.1773 0.598472
0.1774 0.598126
0.1775 0.598508
0.1776 0.598577
0.1777 0.599006
0.1778 0.599385
0.1779 0.599857
0.178 0.600185
0.1781 0.600465
0.1782 0.600815
0.1783 0.60085
0.1784 0.601266
0.1785 0.601526
0.1786 0.601777
0.1787 0.602411
0.1788 0.603146
0.1789 0.603473
0.179 0.603969
0.1791 0.604032
0.1792 0.604491
0.1793 0.604793
0.1794 0.604651
0.1795 0.604723
0.1796 0.605015
0.1797 0.605607
0.1798 0.60616
0.1799 0.606319
0.18 0.606709
0.1801 0.607121
0.1802 0.607228
0.1803 0.607607
0.1804 0.608094
0.1805 0.608791
0.1806 0.609055
0.1807 0.609635
0.1808 0.610286
0.1809 0.610407
0.181 0.610835
0.1811 0.61136
0.1812 0.61186
0.1813 0.611636
0.1814 0.611806
0.1815 0.611917
0.1816 0.612005
0.1817 0.612125
0.1818 0.61219
0.1819 0.611994
0.182 0.612549
0.1821 0.613249
0.1822 0.613874
0.1823 0.613921
0.1824 0.614178
0.1825 0.614397
0.1826 0.61442
0.1827 0.614684
0.1828 0.614797
0.1829 0.615134
0.183 0.615357
0.1831 0.615626
0.1832 0.61629
0.1833 0.616681
0.1834 0.616798
0.1835 0.617683
0.1836 0.61785
0.1837 0.617962
0.1838 0.618211
0.1839 0.618499
0.184 0.619009
0.1841 0.619091
0.1842 0.61922
0.1843 0.619536
0.1844 0.620143
0.1845 0.620569
0.1846 0.621061
0.1847 0.621209
0.1848 0.621705
0.1849 0.622103
0.185 0.622501
0.1851 0.622912
0.1852 0.623038
0.1853 0.62318
0.1854 0.623914
0.1855 0.624351
0.1856 0.624684
0.1857 0.625969
0.1858 0.626336
0.1859 0.626659
0.186 0.627009
0.1861 0.62721
0.1862 0.627435
0.1863 0.627853
0.1864 0.627999
0.1865 0.628398
0.1866 0.628431
0.1867 0.628866
0.1868 0.629079
0.1869 0.629176
0.187 0.629579
0.1871 0.629691
0.1872 0.629633
0.1873 0.629772
0.1874 0.630272
0.1875 0.63015
0.1876 0.630529
0.1877 0.630491
0.1878 0.630672
0.1879 0.631475
0.188 0.631697
0.1881 0.631959
0.1882 0.632087
0.1883 0.632365
0.1884 0.632818
0.1885 0.633024
0.1886 0.633555
0.1887 0.633508
0.1888 0.633808
0.1889 0.63438
0.189 0.634657
0.1891 0.634885
0.1892 0.635288
0.1893 0.635491
0.1894 0.635818
0.1895 0.635864
0.1896 0.636309
0.1897 0.636527
0.1898 0.636774
0.1899 0.636864
0.19 0.637405
0.1901 0.637538
0.1902 0.637735
0.1903 0.638036
0.1904 0.638313
0.1905 0.638684
0.1906 0.639416
0.1907 0.639361
0.1908 0.639596
0.1909 0.640161
0.191 0.640258
0.1911 0.640884
0.1912 0.641187
0.1913 0.641324
0.1914 0.641793
0.1915 0.642252
0.1916 0.642762
0.1917 0.643063
0.1918 0.643401
0.1919 0.643236
0.192 0.643736
0.1921 0.643731
0.1922 0.644018
0.1923 0.644603
0.1924 0.645024
0.1925 0.645153
0.1926 0.645477
0.1927 0.645927
0.1928 0.646201
0.1929 0.64649
0.193 0.646761
0.1931 0.646959
0.1932 0.647399
0.1933 0.647456
0.1934 0.648133
0.1935 0.6482
0.1936 0.648274
0.1937 0.648697
0.1938 0.649402
0.1939 0.649793
0.194 0.649945
0.1941 0.650321
0.1942 0.650615
0.1943 0.650808
0.1944 0.651186
0.1945 0.651746
0.1946 0.651615
0.1947 0.651668
0.1948 0.651834
0.1949 0.652515
0.195 0.652787
0.1951 0.652775
0.1952 0.652886
0.1953 0.653294
0.1954 0.653686
0.1955 0.654239
0.1956 0.654399
0.1957 0.654839
0.1958 0.655557
0.1959 0.655546
0.196 0.655734
0.1961 0.655954
0.1962 0.656024
0.1963 0.656393
0.1964 0.656425
0.1965 0.656686
0.1966 0.656946
0.1967 0.657116
0.1968 0.657182
0.1969 0.657386
0.197 0.657687
0.1971 0.658251
0.1972 0.658745
0.1973 0.658833
0.1974 0.658922
0.1975 0.659397
0.1976 0.659596
0.1977 0.660056
0.1978 0.660023
0.1979 0.660323
0.198 0.660916
0.1981 0.661422
0.1982 0.661875
0.1983 0.662378
0.1984 0.662845
0.1985 0.663328
0.1986 0.66365
0.1987 0.664108
0.1988 0.664673
0.1989 0.665511
0.199 0.665648
0.1991 0.666097
0.1992 0.666325
0.1993 0.666416
0.1994 0.666935
0.1995 0.66716
0.1996 0.667432
0.1997 0.668093
0.1998 0.668449
0.1999 0.668815
0.2 0.669162
0.2001 0.669572
0.2002 0.669954
0.2003 0.670453
0.2004 0.670869
0.2005 0.671085
0.2006 0.671545
0.2007 0.671854
0.2008 0.67199
0.2009 0.672544
0.201 0.672756
0.2011 0.67332
0.2012 0.673494
0.2013 0.673447
0.2014 0.673158
0.2015 0.673554
0.2016 0.674015
0.2017 0.674497
0.2018 0.674718
0.2019 0.675268
0.202 0.675024
0.2021 0.675354
0.2022 0.675975
0.2023 0.676037
0.2024 0.676254
0.2025 0.676648
0.2026 0.677077
0.2027 0.676985
0.2028 0.677265
0.2029 0.677208
0.203 0.677537
0.2031 0.677378
0.2032 0.677882
0.2033 0.678228
0.2034 0.678271
0.2035 0.678685
0.2036 0.679701
0.2037 0.680025
0.2038 0.680212
0.2039 0.680754
0.204 0.680837
0.2041 0.681136
0.2042 0.681229
0.2043 0.681541
0.2044 0.681455
0.2045 0.681567
0.2046 0.6821
0.2047 0.682739
0.2048 0.683053
0.2049 0.683251
0.205 0.683806
0.2051 0.684081
0.2052 0.684298
0.2053 0.684676
0.2054 0.685071
0.2055 0.685031
0.2056 0.685668
0.2057 0.686166
0.2058 0.686432
0.2059 0.686631
0.206 0.687238
0.2061 0.687261
0.2062 0.687231
0.2063 0.687822
