0 0
0.0001 0.000399624
0.0002 0.000796607
0.0003 0.00118855
0.0004 0.0015923
0.0005 0.001984
0.0006 0.00239106
0.0007 0.00280725
0.0008 0.00322108
0.0009 0.00360187
0.001 0.00398331
0.0011 0.00437238
0.0012 0.00476055
0.0013 0.00511951
0.0014 0.0055603
0.0015 0.00589802
0.0016 0.00627121
0.0017 0.00668914
0.0018 0.00711768
0.0019 0.0074996
0.002 0.00788768
0.0021 0.00830938
0.0022 0.00873651
0.0023 0.00911932
0.0024 0.0095051
0.0025 0.00989153
0.0026 0.0102643
0.0027 0.0106098
0.0028 0.0110436
0.0029 0.0114627
0.003 0.0118825
0.0031 0.0123088
0.0032 0.0126884
0.0033 0.0131563
0.0034 0.0135783
0.0035 0.0139826
0.0036 0.014399
0.0037 0.0148059
0.0038 0.0152546
0.0039 0.0156675
0.004 0.0160365
0.0041 0.0164206
0.0042 0.0168514
0.0043 0.017263
0.0044 0.0175973
0.0045 0.0180311
0.0046 0.0184664
0.0047 0.0188592
0.0048 0.0193061
0.0049 0.0196733
0.005 0.020147
0.0051 0.0205905
0.0052 0.0209405
0.0053 0.021353
0.0054 0.0217316
0.0055 0.0221269
0.0056 0.0224839
0.0057 0.0229209
0.0058 0.0233212
0.0059 0.0237544
0.006 0.0241415
0.0061 0.0246314
0.0062 0.0249356
0.0063 0.0253458
0.0064 0.0257051
0.0065 0.0261197
0.0066 0.0265205
0.0067 0.0269507
0.0068 0.0273361
0.0069 0.0277175
0.007 0.0281247
0.0071 0.0285387
0.0072 0.0288313
0.0073 0.0292179
0.0074 0.0294897
0.0075 0.0298761
0.0076 0.0302398
0.0077 0.030623
0.0078 0.0310491
0.0079 0.0315263
0.008 0.0319031
0.0081 0.0322888
0.0082 0.0327108
0.0083 0.0331379
0.0084 0.0335871
0.0085 0.034056
0.0086 0.0345165
0.0087 0.034969
0.0088 0.0353282
0.0089 0.0357606
0.009 0.036123
0.0091 0.0364904
0.0092 0.0369536
0.0093 0.0373376
0.0094 0.0377004
0.0095 0.0380551
0.0096 0.0385316
0.0097 0.0388789
0.0098 0.0391707
0.0099 0.0396329
0.01 0.0398981
0.0101 0.0403333
0.0102 0.0407153
0.0103 0.0410535
0.0104 0.0413797
0.0105 0.0417878
0.0106 0.0421734
0.0107 0.0425048
0.0108 0.0429101
0.0109 0.0433343
0.011 0.0437054
0.0111 0.0441102
0.0112 0.0444989
0.0113 0.0446773
0.0114 0.0450745
0.0115 0.0454244
0.0116 0.0458304
0.0117 0.0462121
0.0118 0.0465777
0.0119 0.0470534
0.012 0.047445
0.0121 0.0479063
0.0122 0.0482505
0.0123 0.0485936
0.0124 0.049046
0.0125 0.0494813
0.0126 0.0498529
0.0127 0.0502118
0.0128 0.0505869
0.0129 0.0510055
0.013 0.0514704
0.0131 0.0518129
0.0132 0.0522743
0.0133 0.052632
0.0134 0.052981
0.0135 0.0533125
0.0136 0.0536868
0.0137 0.0540415
0.0138 0.0543355
0.0139 0.0546745
0.014 0.0551611
0.0141 0.0556464
0.0142 0.0559928
0.0143 0.0563926
0.0144 0.0567058
0.0145 0.0569744
0.0146 0.0575132
0.0147 0.0578567
0.0148 0.0582014
0.0149 0.0585236
0.015 0.0589122
0.0151 0.0593731
0.0152 0.0598158
0.0153 0.0602186
0.0154 0.0604995
0.0155 0.0608866
0.0156 0.0612305
0.0157 0.0616597
0.0158 0.0620597
0.0159 0.0624095
0.016 0.0628502
0.0161 0.0631704
0.0162 0.0636658
0.0163 0.0639297
0.0164 0.0642078
0.0165 0.0646977
0.0166 0.0652446
0.0167 0.0657197
0.0168 0.0659257
0.0169 0.0663964
0.017 0.0668327
0.0171 0.0672397
0.0172 0.0677412
0.0173 0.0682229
0.0174 0.068639
0.0175 0.0691002
0.0176 0.069506
0.0177 0.069806
0.0178 0.0701807
0.0179 0.0702518
0.018 0.0707428
0.0181 0.0712232
0.0182 0.0716368
0.0183 0.0720605
0.0184 0.0724571
0.0185 0.0729851
0.0186 0.0734574
0.0187 0.0738678
0.0188 0.0742225
0.0189 0.0746154
0.019 0.0748355
0.0191 0.0751837
0.0192 0.0756613
0.0193 0.0761167
0.0194 0.076492
0.0195 0.0768679
0.0196 0.0772144
0.0197 0.0776559
0.0198 0.0780743
0.0199 0.0786116
0.02 0.0790476
0.0201 0.0793713
0.0202 0.0796372
0.0203 0.08016
0.0204 0.0806509
0.0205 0.081025
0.0206 0.0813985
0.0207 0.0818041
0.0208 0.0821704
0.0209 0.0826905
0.021 0.0831121
0.0211 0.0835059
0.0212 0.0838911
0.0213 0.0842761
0.0214 0.0846885
0.0215 0.0849352
0.0216 0.0852043
0.0217 0.0856327
0.0218 0.0859818
0.0219 0.0863307
0.022 0.0867231
0.0221 0.0872498
0.0222 0.0875063
0.0223 0.0878608
0.0224 0.0882536
0.0225 0.0886121
0.0226 0.0889557
0.0227 0.0892501
0.0228 0.0894995
0.0229 0.0898371
0.023 0.0902348
0.0231 0.090585
0.0232 0.0909206
0.0233 0.0912681
0.0234 0.0917175
0.0235 0.0920172
0.0236 0.0924483
0.0237 0.092926
0.0238 0.0931675
0.0239 0.0935139
0.024 0.0938604
0.0241 0.0943301
0.0242 0.0945507
0.0243 0.0949421
0.0244 0.0954058
0.0245 0.0958051
0.0246 0.0960735
0.0247 0.0965213
0.0248 0.0969184
0.0249 0.0971187
0.025 0.0975823
0.0251 0.0979798
0.0252 0.0982506
0.0253 0.0986329
0.0254 0.0990954
0.0255 0.0994916
0.0256 0.0999679
0.0257 0.100304
0.0258 0.10073
0.0259 0.100951
0.026 0.101449
0.0261 0.1018
0.0262 0.102081
0.0263 0.102389
0.0264 0.102658
0.0265 0.102892
0.0266 0.103331
0.0267 0.103778
0.0268 0.104163
0.0269 0.104636
0.027 0.104959
0.0271 0.105371
0.0272 0.105894
0.0273 0.106214
0.0274 0.10667
0.0275 0.107261
0.0276 0.107533
0.0277 0.107848
0.0278 0.108157
0.0279 0.10852
0.028 0.108928
0.0281 0.109413
0.0282 0.109946
0.0283 0.110296
0.0284 0.110758
0.0285 0.111088
0.0286 0.111278
0.0287 0.111543
0.0288 0.111792
0.0289 0.112129
0.029 0.112398
0.0291 0.112812
0.0292 0.113331
0.0293 0.113901
0.0294 0.114261
0.0295 0.11459
0.0296 0.114902
0.0297 0.115281
0.0298 0.115694
0.0299 0.116088
0.03 0.116483
0.0301 0.116936
0.0302 0.117369
0.0303 0.117747
0.0304 0.118084
0.0305 0.118698
0.0306 0.119119
0.0307 0.119392
0.0308 0.119627
0.0309 0.119932
0.031 0.120374
0.0311 0.120644
0.0312 0.121019
0.0313 0.12139
0.0314 0.121837
0.0315 0.122231
0.0316 0.122571
0.0317 0.122951
0.0318 0.123318
0.0319 0.123516
0.032 0.123704
0.0321 0.124181
0.0322 0.124723
0.0323 0.125104
0.0324 0.125417
0.0325 0.125783
0.0326 0.126119
0.0327 0.126537
0.0328 0.126734
0.0329 0.127195
0.033 0.127459
0.0331 0.127824
0.0332 0.128138
0.0333 0.128415
0.0334 0.128823
0.0335 0.129173
0.0336 0.129399
0.0337 0.129706
0.0338 0.130096
0.0339 0.130267
0.034 0.130649
0.0341 0.131245
0.0342 0.131795
0.0343 0.132333
0.0344 0.132588
0.0345 0.132893
0.0346 0.133184
0.0347 0.13347
0.0348 0.133971
0.0349 0.134439
0.035 0.13466
0.0351 0.135001
0.0352 0.135392
0.0353 0.135683
0.0354 0.135851
0.0355 0.136095
0.0356 0.13638
0.0357 0.136828
0.0358 0.13713
0.0359 0.137461
0.036 0.137883
0.0361 0.138409
0.0362 0.138884
0.0363 0.139247
0.0364 0.139685
0.0365 0.140021
0.0366 0.140289
0.0367 0.140677
0.0368 0.141113
0.0369 0.141448
0.037 0.141648
0.0371 0.142029
0.0372 0.142338
0.0373 0.14282
0.0374 0.143234
0.0375 0.143624
0.0376 0.144019
0.0377 0.144398
0.0378 0.144839
0.0379 0.145169
0.038 0.145401
0.0381 0.145702
0.0382 0.14588
0.0383 0.146343
0.0384 0.146569
0.0385 0.146987
0.0386 0.147405
0.0387 0.147799
0.0388 0.148125
0.0389 0.148484
0.039 0.149081
0.0391 0.149444
0.0392 0.149878
0.0393 0.150221
0.0394 0.150629
0.0395 0.150993
0.0396 0.151246
0.0397 0.151546
0.0398 0.151904
0.0399 0.152404
0.04 0.152687
0.0401 0.153055
0.0402 0.153199
0.0403 0.153508
0.0404 0.153533
0.0405 0.154042
0.0406 0.15451
0.0407 0.154953
0.0408 0.155329
0.0409 0.155722
0.041 0.156082
0.0411 0.156375
0.0412 0.156854
0.0413 0.157186
0.0414 0.157613
0.0415 0.157918
0.0416 0.158158
0.0417 0.158435
0.0418 0.158709
0.0419 0.158916
0.042 0.159107
0.0421 0.159187
0.0422 0.1595
0.0423 0.159864
0.0424 0.160203
0.0425 0.160511
0.0426 0.160971
0.0427 0.161384
0.0428 0.161944
0.0429 0.162184
0.043 0.162511
0.0431 0.162704
0.0432 0.162964
0.0433 0.163163
0.0434 0.163491
0.0435 0.16366
0.0436 0.163727
0.0437 0.164109
0.0438 0.164552
0.0439 0.165002
0.044 0.165167
0.0441 0.165547
0.0442 0.165838
0.0443 0.166037
0.0444 0.166464
0.0445 0.166903
0.0446 0.16717
0.0447 0.167501
0.0448 0.167641
0.0449 0.168005
0.045 0.168518
0.0451 0.16901
0.0452 0.169293
0.0453 0.169557
0.0454 0.170053
0.0455 0.170488
0.0456 0.170982
0.0457 0.171337
0.0458 0.171599
0.0459 0.172119
0.046 0.17249
0.0461 0.172765
0.0462 0.172885
0.0463 0.173287
0.0464 0.173703
0.0465 0.1742
0.0466 0.174766
0.0467 0.175088
0.0468 0.175736
0.0469 0.176011
0.047 0.176366
0.0471 0.176873
0.0472 0.177065
0.0473 0.177463
0.0474 0.177735
0.0475 0.17795
0.0476 0.178578
0.0477 0.179167
0.0478 0.179423
0.0479 0.179895
0.048 0.180289
0.0481 0.180708
0.0482 0.181115
0.0483 0.181576
0.0484 0.182094
0.0485 0.1824
0.0486 0.182447
0.0487 0.18272
0.0488 0.183126
0.0489 0.183523
0.049 0.184085
0.0491 0.184402
0.0492 0.184913
0.0493 0.185184
0.0494 0.1854
0.0495 0.18565
0.0496 0.186173
0.0497 0.186431
0.0498 0.186826
0.0499 0.187156
0.05 0.187316
0.0501 0.187661
0.0502 0.187906
0.0503 0.188398
0.0504 0.188772
0.0505 0.188889
0.0506 0.189076
0.0507 0.189303
0.0508 0.189729
0.0509 0.190186
0.051 0.190693
0.0511 0.190841
0.0512 0.191316
0.0513 0.19155
0.0514 0.191875
0.0515 0.192108
0.0516 0.192484
0.0517 0.192803
0.0518 0.193007
0.0519 0.193127
0.052 0.193411
0.0521 0.194001
0.0522 0.194384
0.0523 0.194787
0.0524 0.195116
0.0525 0.195488
0.0526 0.195875
0.0527 0.196232
0.0528 0.196517
0.0529 0.197011
0.053 0.19717
0.0531 0.197474
0.0532 0.1979
0.0533 0.198031
0.0534 0.198281
0.0535 0.198823
0.0536 0.199076
0.0537 0.199343
0.0538 0.199715
0.0539 0.200063
0.054 0.200459
0.0541 0.200751
0.0542 0.201075
0.0543 0.201471
0.0544 0.201832
0.0545 0.20222
0.0546 0.202679
0.0547 0.203152
0.0548 0.203515
0.0549 0.203947
0.055 0.204133
0.0551 0.204067
0.0552 0.204313
0.0553 0.204509
0.0554 0.204785
0.0555 0.205284
0.0556 0.205405
0.0557 0.205746
0.0558 0.206268
0.0559 0.206633
0.056 0.206973
0.0561 0.207572
0.0562 0.208066
0.0563 0.208316
0.0564 0.208827
0.0565 0.209163
0.0566 0.209556
0.0567 0.209951
0.0568 0.210157
0.0569 0.210635
0.057 0.210929
0.0571 0.211275
0.0572 0.211765
0.0573 0.211964
0.0574 0.212146
0.0575 0.212438
0.0576 0.21292
0.0577 0.213329
0.0578 0.213702
0.0579 0.213863
0.058 0.214174
0.0581 0.214349
0.0582 0.214668
0.0583 0.214828
0.0584 0.214924
0.0585 0.215345
0.0586 0.215976
0.0587 0.216228
0.0588 0.21662
0.0589 0.216889
0.059 0.217238
0.0591 0.217397
0.0592 0.21768
0.0593 0.218166
0.0594 0.218384
0.0595 0.218847
0.0596 0.219109
0.0597 0.219083
0.0598 0.219173
0.0599 0.219504
0.06 0.220016
0.0601 0.220541
0.0602 0.221041
0.0603 0.221068
0.0604 0.221307
0.0605 0.221692
0.0606 0.221983
0.0607 0.222405
0.0608 0.222433
0.0609 0.222649
0.061 0.223031
0.0611 0.223434
0.0612 0.223552
0.0613 0.223896
0.0614 0.22412
0.0615 0.224246
0.0616 0.224352
0.0617 0.224749
0.0618 0.224821
0.0619 0.224908
0.062 0.225312
0.0621 0.225667
0.0622 0.226223
0.0623 0.226607
0.0624 0.226807
0.0625 0.227127
0.0626 0.227263
0.0627 0.227646
0.0628 0.228071
0.0629 0.228238
0.063 0.22841
0.0631 0.228771
0.0632 0.229013
0.0633 0.229269
0.0634 0.229617
0.0635 0.229737
0.0636 0.230154
0.0637 0.230212
0.0638 0.230578
0.0639 0.231101
0.064 0.23143
0.0641 0.23189
0.0642 0.232066
0.0643 0.232201
0.0644 0.23249
0.0645 0.232877
0.0646 0.233
0.0647 0.233506
0.0648 0.233859
0.0649 0.234093
0.065 0.234267
0.0651 0.234793
0.0652 0.235171
0.0653 0.235545
0.0654 0.236007
0.0655 0.236243
0.0656 0.236562
0.0657 0.236888
0.0658 0.237191
0.0659 0.237658
0.066 0.237775
0.0661 0.238177
0.0662 0.23833
0.0663 0.238597
0.0664 0.238897
0.0665 0.239181
0.0666 0.239475
0.0667 0.239971
0.0668 0.240359
0.0669 0.240651
0.067 0.240942
0.0671 0.241281
0.0672 0.241532
0.0673 0.241827
0.0674 0.242467
0.0675 0.242545
0.0676 0.242839
0.0677 0.243148
0.0678 0.243343
0.0679 0.24372
0.068 0.244012
0.0681 0.244439
0.0682 0.244707
0.0683 0.24484
0.0684 0.245282
0.0685 0.245581
0.0686 0.245889
0.0687 0.246167
0.0688 0.246596
0.0689 0.246973
0.069 0.247543
0.0691 0.24804
0.0692 0.248434
0.0693 0.248461
0.0694 0.248754
0.0695 0.249298
0.0696 0.24955
0.0697 0.249682
0.0698 0.250049
0.0699 0.250345
0.07 0.250721
0.0701 0.251166
0.0702 0.251511
0.0703 0.251879
0.0704 0.252286
0.0705 0.252532
0.0706 0.252788
0.0707 0.253274
0.0708 0.253512
0.0709 0.253797
0.071 0.253975
0.0711 0.254254
0.0712 0.254557
0.0713 0.254874
0.0714 0.255005
0.0715 0.255391
0.0716 0.255648
0.0717 0.255733
0.0718 0.255917
0.0719 0.256322
0.072 0.256357
0.0721 0.256549
0.0722 0.256712
0.0723 0.256865
0.0724 0.257164
0.0725 0.257529
0.0726 0.258047
0.0727 0.258473
0.0728 0.258909
0.0729 0.259203
0.073 0.259437
0.0731 0.259785
0.0732 0.260095
0.0733 0.260515
0.0734 0.260889
0.0735 0.261204
0.0736 0.261659
0.0737 0.262308
0.0738 0.262483
0.0739 0.2628
0.074 0.263273
0.0741 0.263717
0.0742 0.263653
0.0743 0.263981
0.0744 0.264248
0.0745 0.264756
0.0746 0.264869
0.0747 0.265131
0.0748 0.265591
0.0749 0.266065
0.075 0.266138
0.0751 0.266446
0.0752 0.266737
0.0753 0.26689
0.0754 0.26703
0.0755 0.267221
0.0756 0.26762
0.0757 0.267873
0.0758 0.268258
0.0759 0.268615
0.076 0.26881
0.0761 0.269296
0.0762 0.269512
0.0763 0.269879
0.0764 0.270232
0.0765 0.270429
0.0766 0.270616
0.0767 0.271079
0.0768 0.271234
0.0769 0.271614
0.077 0.271894
0.0771 0.272128
0.0772 0.272659
0.0773 0.273238
0.0774 0.273521
0.0775 0.273883
0.0776 0.274114
0.0777 0.274314
0.0778 0.274646
0.0779 0.274827
0.078 0.274915
0.0781 0.275351
0.0782 0.27553
0.0783 0.27577
0.0784 0.276298
0.0785 0.276636
0.0786 0.277373
0.0787 0.277535
0.0788 0.277838
0.0789 0.278086
0.079 0.278301
0.0791 0.278688
0.0792 0.278772
0.0793 0.279257
0.0794 0.279531
0.0795 0.279989
0.0796 0.280343
0.0797 0.280633
0.0798 0.281135
0.0799 0.281586
0.08 0.281837
0.0801 0.282094
0.0802 0.282217
0.0803 0.282944
0.0804 0.283091
0.0805 0.283534
0.0806 0.283612
0.0807 0.283721
0.0808 0.284126
0.0809 0.284406
0.081 0.284885
0.0811 0.285369
0.0812 0.285385
0.0813 0.285308
0.0814 0.285678
0.0815 0.285895
0.0816 0.286258
0.0817 0.286327
0.0818 0.286505
0.0819 0.286824
0.082 0.286808
0.0821 0.287114
0.0822 0.287372
0.0823 0.287829
0.0824 0.288474
0.0825 0.288823
0.0826 0.289193
0.0827 0.289389
0.0828 0.289802
0.0829 0.29037
0.083 0.290618
0.0831 0.291263
0.0832 0.29159
0.0833 0.291991
0.0834 0.292269
0.0835 0.292553
0.0836 0.292791
0.0837 0.292924
0.0838 0.293034
0.0839 0.293259
0.084 0.293536
0.0841 0.293583
0.0842 0.29365
0.0843 0.294035
0.0844 0.294378
0.0845 0.294558
0.0846 0.295022
0.0847 0.295848
0.0848 0.296237
0.0849 0.296433
0.085 0.296511
0.0851 0.296647
0.0852 0.296939
0.0853 0.297344
0.0854 0.297856
0.0855 0.298428
0.0856 0.298998
0.0857 0.298955
0.0858 0.299625
0.0859 0.299823
0.086 0.299994
0.0861 0.300281
0.0862 0.300709
0.0863 0.300992
0.0864 0.301658
0.0865 0.301868
0.0866 0.302152
0.0867 0.302356
0.0868 0.302479
0.0869 0.302981
0.087 0.303391
0.0871 0.30384
0.0872 0.304181
0.0873 0.30453
0.0874 0.304866
0.0875 0.305234
0.0876 0.305565
0.0877 0.305529
0.0878 0.305734
0.0879 0.305853
0.088 0.306259
0.0881 0.306377
0.0882 0.306708
0.0883 0.306972
0.0884 0.307473
0.0885 0.307882
0.0886 0.308213
0.0887 0.308878
0.0888 0.309005
0.0889 0.309574
0.089 0.309952
0.0891 0.30975
0.0892 0.310002
0.0893 0.310245
0.0894 0.3106
0.0895 0.311132
0.0896 0.311165
0.0897 0.311638
0.0898 0.311857
0.0899 0.312122
0.09 0.312764
0.0901 0.312922
0.0902 0.31323
0.0903 0.313772
0.0904 0.314262
0.0905 0.314436
0.0906 0.314958
0.0907 0.315447
0.0908 0.315773
0.0909 0.316152
0.091 0.316443
0.0911 0.316649
0.0912 0.317061
0.0913 0.31723
0.0914 0.317639
0.0915 0.317968
0.0916 0.318235
0.0917 0.318274
0.0918 0.318562
0.0919 0.318899
0.092 0.319191
0.0921 0.31938
0.0922 0.319705
0.0923 0.319961
0.0924 0.320284
0.0925 0.320391
0.0926 0.32056
0.0927 0.320873
0.0928 0.321221
0.0929 0.321282
0.093 0.32167
0.0931 0.321943
0.0932 0.321981
0.0933 0.322135
0.0934 0.322173
0.0935 0.322355
0.0936 0.322685
0.0937 0.323065
0.0938 0.323651
0.0939 0.324141
0.094 0.323902
0.0941 0.324306
0.0942 0.324533
0.0943 0.324668
0.0944 0.325014
0.0945 0.325378
0.0946 0.325447
0.0947 0.325538
0.0948 0.325849
0.0949 0.326064
0.095 0.326325
0.0951 0.326887
0.0952 0.327216
0.0953 0.327629
0.0954 0.327837
0.0955 0.328249
0.0956 0.328654
0.0957 0.328926
0.0958 0.329219
0.0959 0.32964
0.096 0.329836
0.0961 0.330344
0.0962 0.330617
0.0963 0.331164
0.0964 0.331703
0.0965 0.331967
0.0966 0.332221
0.0967 0.332517
0.0968 0.332817
0.0969 0.33322
0.097 0.333871
0.0971 0.334181
0.0972 0.334789
0.0973 0.335081
0.0974 0.3353
0.0975 0.33548
0.0976 0.335765
0.0977 0.336171
0.0978 0.336479
0.0979 0.336988
0.098 0.337192
0.0981 0.337481
0.0982 0.337944
0.0983 0.338246
0.0984 0.338633
0.0985 0.339199
0.0986 0.339738
0.0987 0.340011
0.0988 0.340395
0.0989 0.340439
0.099 0.340621
0.0991 0.340881
0.0992 0.34129
0.0993 0.341426
0.0994 0.341676
0.0995 0.341855
0.0996 0.341975
0.0997 0.342092
0.0998 0.342586
0.0999 0.342683
0.1 0.342905
0.1001 0.342956
0.1002 0.343174
0.1003 0.343494
0.1004 0.343704
0.1005 0.344164
0.1006 0.34497
0.1007 0.345507
0.1008 0.345941
0.1009 0.346028
0.101 0.346292
0.1011 0.346859
0.1012 0.347305
0.1013 0.347495
0.1014 0.347922
0.1015 0.348386
0.1016 0.348965
0.1017 0.349583
0.1018 0.349809
0.1019 0.350321
0.102 0.350697
0.1021 0.351151
0.1022 0.351471
0.1023 0.351655
0.1024 0.351834
0.1025 0.352117
0.1026 0.352391
0.1027 0.352467
0.1028 0.352437
0.1029 0.35287
0.103 0.353078
0.1031 0.353182
0.1032 0.353807
0.1033 0.353932
0.1034 0.354244
0.1035 0.354525
0.1036 0.354673
0.1037 0.354906
0.1038 0.355105
0.1039 0.355502
0.104 0.355974
0.1041 0.356134
0.1042 0.356687
0.1043 0.357063
0.1044 0.357393
0.1045 0.357941
0.1046 0.358348
0.1047 0.358938
0.1048 0.359175
0.1049 0.359391
0.105 0.359391
0.1051 0.359574
0.1052 0.360074
0.1053 0.360452
0.1054 0.360837
0.1055 0.361082
0.1056 0.361118
0.1057 0.361379
0.1058 0.361732
0.1059 0.362101
0.106 0.362482
0.1061 0.362824
0.1062 0.363316
0.1063 0.363705
0.1064 0.363863
0.1065 0.364271
0.1066 0.36458
0.1067 0.364855
0.1068 0.365347
0.1069 0.365709
0.107 0.366053
0.1071 0.366315
0.1072 0.366708
0.1073 0.367009
0.1074 0.367518
0.1075 0.368064
0.1076 0.368621
0.1077 0.368818
0.1078 0.369166
0.1079 0.369135
0.108 0.369084
0.1081 0.369563
0.1082 0.369733
0.1083 0.370071
0.1084 0.37049
0.1085 0.370818
0.1086 0.371261
0.1087 0.371582
0.1088 0.371781
0.1089 0.372109
0.109 0.372747
0.1091 0.373323
0.1092 0.373586
0.1093 0.37386
0.1094 0.374119
0.1095 0.374431
0.1096 0.374391
0.1097 0.374746
0.1098 0.375222
0.1099 0.375879
0.11 0.376351
0.1101 0.376721
0.1102 0.377178
0.1103 0.377379
0.1104 0.377505
0.1105 0.377808
0.1106 0.378555
0.1107 0.378907
0.1108 0.379261
0.1109 0.379483
0.111 0.380005
0.1111 0.380366
0.1112 0.380888
0.1113 0.38125
0.1114 0.381891
0.1115 0.382161
0.1116 0.382606
0.1117 0.382851
0.1118 0.383143
0.1119 0.383725
0.112 0.384171
0.1121 0.384456
0.1122 0.384967
0.1123 0.385315
0.1124 0.385598
0.1125 0.38577
0.1126 0.385711
0.1127 0.386169
0.1128 0.386204
0.1129 0.386444
0.113 0.386792
0.1131 0.387099
0.1132 0.387402
0.1133 0.387363
0.1134 0.387482
0.1135 0.387914
0.1136 0.388142
0.1137 0.388358
0.1138 0.388672
0.1139 0.389171
0.114 0.389559
0.1141 0.389735
0.1142 0.389938
0.1143 0.390368
0.1144 0.390878
0.1145 0.390924
0.1146 0.391334
0.1147 0.391969
0.1148 0.39202
0.1149 0.392276
0.115 0.392746
0.1151 0.393198
0.1152 0.393505
0.1153 0.393674
0.1154 0.393968
0.1155 0.394149
0.1156 0.394489
0.1157 0.394918
0.1158 0.395311
0.1159 0.396008
0.116 0.396415
0.1161 0.396889
0.1162 0.396877
0.1163 0.397084
0.1164 0.397307
0.1165 0.397863
0.1166 0.398069
0.1167 0.398408
0.1168 0.398712
0.1169 0.398721
0.117 0.399045
0.1171 0.399396
0.1172 0.39984
0.1173 0.400119
0.1174 0.400393
0.1175 0.400598
0.1176 0.400898
0.1177 0.401374
0.1178 0.401445
0.1179 0.40175
0.118 0.402352
0.1181 0.402632
0.1182 0.402817
0.1183 0.403542
0.1184 0.403781
0.1185 0.404222
0.1186 0.404696
0.1187 0.40464
0.1188 0.405106
0.1189 0.405461
0.119 0.405807
0.1191 0.406001
0.1192 0.406134
0.1193 0.406574
0.1194 0.40699
0.1195 0.407426
0.1196 0.407777
0.1197 0.408283
0.1198 0.40867
0.1199 0.409069
0.12 0.409601
0.1201 0.410013
0.1202 0.410395
0.1203 0.410615
0.1204 0.411211
0.1205 0.411888
0.1206 0.412
0.1207 0.412329
0.1208 0.412893
0.1209 0.413348
0.121 0.413498
0.1211 0.413879
0.1212 0.414293
0.1213 0.414702
0.1214 0.415203
0.1215 0.415461
0.1216 0.41529
0.1217 0.415533
0.1218 0.415553
0.1219 0.415443
0.122 0.415405
0.1221 0.415908
0.1222 0.416209
0.1223 0.416779
0.1224 0.416818
0.1225 0.41684
0.1226 0.416828
0.1227 0.417252
0.1228 0.417494
0.1229 0.417746
0.123 0.417924
0.1231 0.418413
0.1232 0.41879
0.1233 0.41939
0.1234 0.419872
0.1235 0.420291
0.1236 0.420939
0.1237 0.42119
0.1238 0.421974
0.1239 0.42205
0.124 0.422126
0.1241 0.422502
0.1242 0.422868
0.1243 0.423138
0.1244 0.423122
0.1245 0.423315
0.1246 0.423726
0.1247 0.423919
0.1248 0.424496
0.1249 0.424891
0.125 0.425025
0.1251 0.425514
0.1252 0.426052
0.1253 0.426205
0.1254 0.426328
0.1255 0.426612
0.1256 0.426624
0.1257 0.427046
0.1258 0.427269
0.1259 0.427538
0.126 0.428373
0.1261 0.428378
0.1262 0.42897
0.1263 0.429397
0.1264 0.429669
0.1265 0.429799
0.1266 0.429741
0.1267 0.430054
0.1268 0.430359
0.1269 0.430482
0.127 0.430926
0.1271 0.431408
0.1272 0.431806
0.1273 0.432216
0.1274 0.432728
0.1275 0.433079
0.1276 0.433401
0.1277 0.433461
0.1278 0.433894
0.1279 0.43422
0.128 0.434489
0.1281 0.434783
0.1282 0.435365
0.1283 0.435881
0.1284 0.436509
0.1285 0.437228
0.1286 0.437686
0.1287 0.438231
0.1288 0.438492
0.1289 0.438947
0.129 0.438904
0.1291 0.439007
0.1292 0.43928
0.1293 0.439407
0.1294 0.439973
0.1295 0.440313
0.1296 0.440781
0.1297 0.441173
0.1298 0.441499
0.1299 0.441654
0.13 0.442012
0.1301 0.442422
0.1302 0.442666
0.1303 0.442834
0.1304 0.443317
0.1305 0.443749
0.1306 0.443887
0.1307 0.444045
0.1308 0.444499
0.1309 0.444739
0.131 0.44543
0.1311 0.445657
0.1312 0.445685
0.1313 0.445762
0.1314 0.446066
0.1315 0.446415
0.1316 0.44669
0.1317 0.446922
0.1318 0.446856
0.1319 0.44706
0.132 0.447105
0.1321 0.447389
0.1322 0.447593
0.1323 0.447841
0.1324 0.448104
0.1325 0.44883
0.1326 0.44918
0.1327 0.449188
0.1328 0.449413
0.1329 0.449756
0.133 0.450068
0.1331 0.450398
0.1332 0.450945
0.1333 0.451122
0.1334 0.451367
0.1335 0.451576
0.1336 0.451923
0.1337 0.452196
0.1338 0.45272
0.1339 0.453195
0.134 0.453507
0.1341 0.453641
0.1342 0.454012
0.1343 0.453707
0.1344 0.45389
0.1345 0.454363
0.1346 0.454941
0.1347 0.455137
0.1348 0.455278
0.1349 0.455171
0.135 0.455478
0.1351 0.456183
0.1352 0.456674
0.1353 0.456877
0.1354 0.457284
0.1355 0.457686
0.1356 0.458063
0.1357 0.458356
0.1358 0.458702
0.1359 0.459023
0.136 0.459271
0.1361 0.459588
0.1362 0.460161
0.1363 0.460017
0.1364 0.460286
0.1365 0.460541
0.1366 0.461193
0.1367 0.461165
0.1368 0.461078
0.1369 0.461435
0.137 0.461407
0.1371 0.461672
0.1372 0.462197
0.1373 0.462394
0.1374 0.462423
0.1375 0.462726
0.1376 0.46291
0.1377 0.463341
0.1378 0.463344
0.1379 0.463631
0.138 0.4641
0.1381 0.464401
0.1382 0.464587
0.1383 0.464764
0.1384 0.46476
0.1385 0.464753
0.1386 0.46524
0.1387 0.466086
0.1388 0.466472
0.1389 0.466798
0.139 0.467019
0.1391 0.467337
0.1392 0.467522
0.1393 0.468078
0.1394 0.468641
0.1395 0.468702
0.1396 0.468989
0.1397 0.469373
0.1398 0.469951
0.1399 0.470049
0.14 0.470379
0.1401 0.470689
0.1402 0.470899
0.1403 0.47099
0.1404 0.471577
0.1405 0.471936
0.1406 0.472426
0.1407 0.472935
0.1408 0.473286
0.1409 0.473423
0.141 0.473636
0.1411 0.47377
0.1412 0.474127
0.1413 0.474135
0.1414 0.474126
0.1415 0.474655
0.1416 0.474898
0.1417 0.475024
0.1418 0.47518
0.1419 0.475077
0.142 0.475682
0.1421 0.475423
0.1422 0.475666
0.1423 0.475977
0.1424 0.476177
0.1425 0.476363
0.1426 0.476618
0.1427 0.476985
0.1428 0.477332
0.1429 0.4773
0.143 0.477319
0.1431 0.477764
0.1432 0.478021
0.1433 0.478334
0.1434 0.478602
0.1435 0.479136
0.1436 0.479553
0.1437 0.480194
0.1438 0.480232
0.1439 0.480354
0.144 0.480573
0.1441 0.480929
0.1442 0.48122
0.1443 0.481413
0.1444 0.481568
0.1445 0.481823
0.1446 0.482466
0.1447 0.483113
0.1448 0.483497
0.1449 0.483882
0.145 0.483843
0.1451 0.484244
0.1452 0.484343
0.1453 0.484586
0.1454 0.484879
0.1455 0.484924
0.1456 0.485178
0.1457 0.485204
0.1458 0.4856
0.1459 0.485905
0.146 0.48606
0.1461 0.486223
0.1462 0.486386
0.1463 0.486422
0.1464 0.486883
0.1465 0.487171
0.1466 0.48738
0.1467 0.487656
0.1468 0.487904
0.1469 0.487894
0.147 0.48775
0.1471 0.488395
0.1472 0.488568
0.1473 0.489039
0.1474 0.489367
0.1475 0.489488
0.1476 0.489741
0.1477 0.490111
0.1478 0.490168
0.1479 0.490591
0.148 0.490912
0.1481 0.491206
0.1482 0.491592
0.1483 0.491984
0.1484 0.491995
0.1485 0.492644
0.1486 0.492768
0.1487 0.492884
0.1488 0.493682
0.1489 0.493797
0.149 0.49406
0.1491 0.494745
0.1492 0.49511
0.1493 0.495094
0.1494 0.495389
0.1495 0.495639
0.1496 0.495945
0.1497 0.496395
0.1498 0.497013
0.1499 0.497233
0.15 0.497732
0.1501 0.497903
0.1502 0.498325
0.1503 0.498903
0.1504 0.499467
0.1505 0.500006
0.1506 0.500187
0.1507 0.500215
0.1508 0.500491
0.1509 0.500815
0.151 0.501245
0.1511 0.501576
0.1512 0.501723
0.1513 0.502235
0.1514 0.502214
0.1515 0.502222
0.1516 0.503008
0.1517 0.503409
0.1518 0.503825
0.1519 0.504095
0.152 0.504463
0.1521 0.505014
0.1522 0.505525
0.1523 0.505576
0.1524 0.506221
0.1525 0.506615
0.1526 0.506579
0.1527 0.50713
0.1528 0.507421
0.1529 0.507543
0.153 0.507637
0.1531 0.507879
0.1532 0.508236
0.1533 0.507928
0.1534 0.508041
0.1535 0.507973
0.1536 0.508116
0.1537 0.508454
0.1538 0.508866
0.1539 0.509208
0.154 0.509578
0.1541 0.5095
0.1542 0.509832
0.1543 0.510518
0.1544 0.5109
0.1545 0.511375
0.1546 0.511415
0.1547 0.511696
0.1548 0.511951
0.1549 0.512439
0.155 0.512792
0.1551 0.51309
0.1552 0.513675
0.1553 0.513972
0.1554 0.514319
0.1555 0.514677
0.1556 0.514608
0.1557 0.514613
0.1558 0.515025
0.1559 0.51517
0.156 0.515017
0.1561 0.515422
0.1562 0.515642
0.1563 0.515968
0.1564 0.51649
0.1565 0.516927
0.1566 0.517163
0.1567 0.51767
0.1568 0.517961
0.1569 0.518057
0.157 0.518066
0.1571 0.518283
0.1572 0.518968
0.1573 0.519501
0.1574 0.519734
0.1575 0.520229
0.1576 0.520272
0.1577 0.520584
0.1578 0.520452
0.1579 0.520364
0.158 0.520742
0.1581 0.520949
0.1582 0.521273
0.1583 0.521228
0.1584 0.521582
0.1585 0.521584
0.1586 0.521681
0.1587 0.522168
0.1588 0.522409
0.1589 0.52298
0.159 0.523466
0.1591 0.524097
0.1592 0.524422
0.1593 0.524735
0.1594 0.525173
0.1595 0.52566
0.1596 0.526163
0.1597 0.526767
0.1598 0.526787
0.1599 0.527361
0.16 0.527612
0.1601 0.528028
0.1602 0.528434
0.1603 0.52865
0.1604 0.529068
0.1605 0.529353
0.1606 0.529686
0.1607 0.530307
0.1608 0.530219
0.1609 0.530372
0.161 0.530732
0.1611 0.531261
0.1612 0.531495
0.1613 0.53178
0.1614 0.532183
0.1615 0.532491
0.1616 0.53279
0.1617 0.53291
0.1618 0.53356
0.1619 0.533602
0.162 0.53404
0.1621 0.534193
0.1622 0.534522
0.1623 0.534956
0.1624 0.535131
0.1625 0.535604
0.1626 0.535874
0.1627 0.536324
0.1628 0.536198
0.1629 0.536398
0.163 0.536737
0.1631 0.53678
0.1632 0.536855
0.1633 0.537269
0.1634 0.537752
0.1635 0.537862
0.1636 0.538228
0.1637 0.538004
0.1638 0.53795
0.1639 0.538403
0.164 0.538995
0.1641 0.539506
0.1642 0.539711
0.1643 0.540538
0.1644 0.540802
0.1645 0.541158
0.1646 0.541675
0.1647 0.54229
0.1648 0.542388
0.1649 0.542442
0.165 0.54259
0.1651 0.542766
0.1652 0.542924
0.1653 0.543287
0.1654 0.543639
0.1655 0.544183
0.1656 0.544417
0.1657 0.545328
0.1658 0.545763
0.1659 0.545649
0.166 0.545845
0.1661 0.546107
0.1662 0.546274
0.1663 0.546599
0.1664 0.546878
0.1665 0.546974
0.1666 0.547596
0.1667 0.548031
0.1668 0.548438
0.1669 0.548449
0.167 0.548371
0.1671 0.548918
0.1672 0.549191
0.1673 0.549231
0.1674 0.549827
0.1675 0.54985
0.1676 0.549989
0.1677 0.550138
0.1678 0.550277
0.1679 0.550579
0.168 0.550875
0.1681 0.551441
0.1682 0.551587
0.1683 0.551939
0.1684 0.552131
0.1685 0.552307
0.1686 0.552808
0.1687 0.553062
0.1688 0.553319
0.1689 0.553065
0.169 0.553384
0.1691 0.554064
0.1692 0.554407
0.1693 0.55485
0.1694 0.555505
0.1695 0.555615
0.1696 0.555616
0.1697 0.556182
0.1698 0.556886
0.1699 0.557066
0.17 0.557609
0.1701 0.55801
0.1702 0.558524
0.1703 0.559194
0.1704 0.559522
0.1705 0.56002
0.1706 0.560477
0.1707 0.560495
0.1708 0.560768
0.1709 0.560933
0.171 0.561081
0.1711 0.56159
0.1712 0.561569
0.1713 0.561815
0.1714 0.56206
0.1715 0.562481
0.1716 0.562489
0.1717 0.562746
0.1718 0.562795
0.1719 0.563164
0.172 0.563741
0.1721 0.563854
0.1722 0.563942
0.1723 0.5644
0.1724 0.564985
0.1725 0.565038
0.1726 0.565353
0.1727 0.565454
0.1728 0.565846
0.1729 0.566437
0.173 0.566332
0.1731 0.566886
0.1732 0.567216
0.1733 0.567426
0.1734 0.56766
0.1735 0.567986
0.1736 0.56832
0.1737 0.568421
0.1738 0.568766
0.1739 0.568903
0.174 0.569155
0.1741 0.569558
0.1742 0.56996
0.1743 0.570443
0.1744 0.570941
0.1745 0.57112
0.1746 0.571423
0.1747 0.571938
0.1748 0.57232
0.1749 0.572416
0.175 0.572438
0.1751 0.572567
0.1752 0.573032
0.1753 0.573231
0.1754 0.573707
0.1755 0.574304
0.1756 0.5745
0.1757 0.575097
0.1758 0.575406
0.1759 0.575518
0.176 0.575843
0.1761 0.575977
0.1762 0.576126
0.1763 0.576562
0.1764 0.576981
0.1765 0.57729
0.1766 0.577434
0.1767 0.577768
0.1768 0.57822
0.1769 0.578572
0.177 0.578847
0.1771 0.578892
0.1772 0.579439
0.1773 0.579693
0.1774 0.579785
0.1775 0.580092
0.1776 0.580543
0.1777 0.580731
0.1778 0.58114
0.1779 0.58168
0.178 0.582254
0.1781 0.582484
0.1782 0.582493
0.1783 0.58309
0.1784 0.58333
0.1785 0.58385
0.1786 0.584104
0.1787 0.58401
0.1788 0.584543
0.1789 0.584794
0.179 0.584854
0.1791 0.585112
0.1792 0.585513
0.1793 0.585888
0.1794 0.586366
0.1795 0.586636
0.1796 0.586922
0.1797 0.587305
0.1798 0.587703
0.1799 0.588304
0.18 0.588622
0.1801 0.588218
0.1802 0.58862
0.1803 0.589099
0.1804 0.589458
0.1805 0.589835
0.1806 0.590313
0.1807 0.590732
0.1808 0.591022
0.1809 0.591521
0.181 0.591978
0.1811 0.592062
0.1812 0.592013
0.1813 0.592433
0.1814 0.592823
0.1815 0.59315
0.1816 0.593418
0.1817 0.593834
0.1818 0.594187
0.1819 0.594784
0.182 0.595143
0.1821 0.595611
0.1822 0.595566
0.1823 0.595773
0.1824 0.596188
0.1825 0.596414
0.1826 0.596913
0.1827 0.59692
0.1828 0.597013
0.1829 0.597624
0.183 0.598014
0.1831 0.598313
0.1832 0.598714
0.1833 0.599007
0.1834 0.599378
0.1835 0.599353
0.1836 0.599956
0.1837 0.600744
0.1838 0.601184
0.1839 0.601427
0.184 0.601407
0.1841 0.60171
0.1842 0.601944
0.1843 0.601897
0.1844 0.602492
0.1845 0.603356
0.1846 0.603703
0.1847 0.604281
0.1848 0.604951
0.1849 0.60521
0.185 0.605576
0.1851 0.606143
0.1852 0.606816
0.1853 0.607232
0.1854 0.607229
0.1855 0.607759
0.1856 0.607527
0.1857 0.607801
0.1858 0.607783
0.1859 0.607844
0.186 0.608228
0.1861 0.608289
0.1862 0.608602
0.1863 0.608795
0.1864 0.609046
0.1865 0.609606
0.1866 0.609894
0.1867 0.610077
0.1868 0.610668
0.1869 0.611336
0.187 0.611556
0.1871 0.611879
0.1872 0.61186
0.1873 0.612073
0.1874 0.612355
0.1875 0.612378
0.1876 0.612485
0.1877 0.612958
0.1878 0.613478
0.1879 0.613661
0.188 0.613774
0.1881 0.61417
0.1882 0.614398
0.1883 0.61484
0.1884 0.615127
0.1885 0.616044
0.1886 0.616787
0.1887 0.617164
0.1888 0.617264
0.1889 0.617963
0.189 0.618239
0.1891 0.618429
0.1892 0.618404
0.1893 0.618755
0.1894 0.61901
0.1895 0.61938
0.1896 0.620088
0.1897 0.620308
0.1898 0.620616
0.1899 0.620603
0.19 0.621236
0.1901 0.621377
0.1902 0.621613
0.1903 0.621664
0.1904 0.621815
0.1905 0.622263
0.1906 0.622889
0.1907 0.623583
0.1908 0.623477
0.1909 0.623718
0.191 0.623924
0.1911 0.624371
0.1912 0.625283
0.1913 0.625897
0.1914 0.626116
0.1915 0.626434
0.1916 0.626946
0.1917 0.626896
0.1918 0.627045
0.1919 0.627221
0.192 0.627326
0.1921 0.627391
0.1922 0.6279
0.1923 0.628442
0.1924 0.629015
0.1925 0.629915
0.1926 0.629647
0.1927 0.629977
0.1928 0.630333
0.1929 0.630658
0.193 0.630988
0.1931 0.631699
0.1932 0.631866
0.1933 0.63227
0.1934 0.632758
0.1935 0.632822
0.1936 0.632681
0.1937 0.633055
0.1938 0.633428
0.1939 0.633673
0.194 0.633678
0.1941 0.634251
0.1942 0.634782
0.1943 0.635176
0.1944 0.635507
0.1945 0.635858
0.1946 0.635803
0.1947 0.636023
0.1948 0.636051
0.1949 0.636399
0.195 0.636502
0.1951 0.636786
0.1952 0.637059
0.1953 0.637667
0.1954 0.637971
0.1955 0.63831
0.1956 0.638559
0.1957 0.638845
0.1958 0.639078
0.1959 0.639447
0.196 0.639702
0.1961 0.640522
0.1962 0.640751
0.1963 0.64106
0.1964 0.641305
0.1965 0.641438
0.1966 0.641655
0.1967 0.642059
0.1968 0.642209
0.1969 0.642464
0.197 0.643283
0.1971 0.643216
0.1972 0.64341
0.1973 0.642997
0.1974 0.643085
0.1975 0.64318
0.1976 0.643666
0.1977 0.643536
0.1978 0.644073
0.1979 0.64395
0.198 0.644288
0.1981 0.644675
0.1982 0.644721
0.1983 0.644803
0.1984 0.644917
0.1985 0.645206
0.1986 0.645462
0.1987 0.645683
0.1988 0.646265
0.1989 0.646435
0.199 0.646764
0.1991 0.647006
0.1992 0.647153
0.1993 0.647618
0.1994 0.648333
0.1995 0.648688
0.1996 0.648753
0.1997 0.648731
0.1998 0.6487
0.1999 0.648338
0.2 0.648119
0.2001 0.648615
0.2002 0.649339
0.2003 0.649931
0.2004 0.649939
0.2005 0.650427
0.2006 0.650933
0.2007 0.651179
0.2008 0.651119
0.2009 0.65147
0.201 0.652121
0.2011 0.652228
0.2012 0.652713
0.2013 0.652735
0.2014 0.652703
0.2015 0.652845
0.2016 0.653419
0.2017 0.653687
0.2018 0.653943
0.2019 0.654614
0.202 0.654495
0.2021 0.654852
0.2022 0.654875
0.2023 0.655195
0.2024 0.654947
0.2025 0.65489
0.2026 0.65533
0.2027 0.65606
0.2028 0.656364
0.2029 0.656523
0.203 0.657023
0.2031 0.657455
0.2032 0.658472
0.2033 0.658899
0.2034 0.659316
0.2035 0.659743
0.2036 0.65992
0.2037 0.660469
0.2038 0.660774
0.2039 0.661219
0.204 0.661538
0.2041 0.661783
0.2042 0.661976
0.2043 0.66204
0.2044 0.661904
0.2045 0.662241
0.2046 0.662019
0.2047 0.662447
0.2048 0.662879
0.2049 0.663218
0.205 0.663577
0.2051 0.664212
0.2052 0.664412
0.2053 0.664471
0.2054 0.664687
0.2055 0.664959
0.2056 0.665384
0.2057 0.665361
0.2058 0.665455
0.2059 0.665811
0.206 0.665695
0.2061 0.665876
0.2062 0.666432
0.2063 0.666612
