0 0
0.0001 0.000402002
0.0002 0.0008059
0.0003 0.00119709
0.0004 0.00161331
0.0005 0.00201331
0.0006 0.002395
0.0007 0.00279887
0.0008 0.00321792
0.0009 0.00364063
0.001 0.00402929
0.0011 0.00443751
0.0012 0.00483611
0.0013 0.00523733
0.0014 0.00561965
0.0015 0.00603832
0.0016 0.0064704
0.0017 0.00685548
0.0018 0.00729084
0.0019 0.00768173
0.002 0.0080746
0.0021 0.0084556
0.0022 0.00886321
0.0023 0.00926024
0.0024 0.00966074
0.0025 0.0100671
0.0026 0.0104567
0.0027 0.010915
0.0028 0.0112977
0.0029 0.01175
0.003 0.0121791
0.0031 0.0125373
0.0032 0.0128887
0.0033 0.0133227
0.0034 0.0137083
0.0035 0.0140907
0.0036 0.0144945
0.0037 0.0149228
0.0038 0.0152897
0.0039 0.0157071
0.004 0.0161032
0.0041 0.0164867
0.0042 0.0168736
0.0043 0.0172098
0.0044 0.0176344
0.0045 0.0180029
0.0046 0.0184112
0.0047 0.0188003
0.0048 0.0191864
0.0049 0.0196139
0.005 0.020071
0.0051 0.0204081
0.0052 0.0207244
0.0053 0.021085
0.0054 0.0215398
0.0055 0.0219223
0.0056 0.0223525
0.0057 0.0227552
0.0058 0.0231913
0.0059 0.0235127
0.006 0.023844
0.0061 0.0242346
0.0062 0.0246187
0.0063 0.0250335
0.0064 0.0254044
0.0065 0.0258644
0.0066 0.0263254
0.0067 0.0266733
0.0068 0.0270412
0.0069 0.0274534
0.007 0.0278967
0.0071 0.0282705
0.0072 0.0286327
0.0073 0.0289589
0.0074 0.0292937
0.0075 0.0296442
0.0076 0.0300438
0.0077 0.030485
0.0078 0.0307797
0.0079 0.0311673
0.008 0.0315795
0.0081 0.032027
0.0082 0.0323809
0.0083 0.0327881
0.0084 0.0332382
0.0085 0.0337336
0.0086 0.0340052
0.0087 0.0342823
0.0088 0.0346209
0.0089 0.0350187
0.009 0.0354108
0.0091 0.0358523
0.0092 0.0363807
0.0093 0.0368105
0.0094 0.0373194
0.0095 0.0378054
0.0096 0.0382223
0.0097 0.0386092
0.0098 0.0389899
0.0099 0.0394365
0.01 0.0398352
0.0101 0.0402801
0.0102 0.0408158
0.0103 0.0411698
0.0104 0.0414613
0.0105 0.041928
0.0106 0.0422758
0.0107 0.0427143
0.0108 0.043186
0.0109 0.0435112
0.011 0.0438283
0.0111 0.0441833
0.0112 0.0445615
0.0113 0.0449934
0.0114 0.0453738
0.0115 0.0457512
0.0116 0.0461503
0.0117 0.0465933
0.0118 0.0470027
0.0119 0.0473945
0.012 0.0478553
0.0121 0.0481935
0.0122 0.0485972
0.0123 0.0490971
0.0124 0.0495245
0.0125 0.0500321
0.0126 0.0504348
0.0127 0.0507559
0.0128 0.0511537
0.0129 0.0516036
0.013 0.0520313
0.0131 0.0523843
0.0132 0.0527712
0.0133 0.053106
0.0134 0.0534754
0.0135 0.0538795
0.0136 0.0541957
0.0137 0.0545719
0.0138 0.0549904
0.0139 0.0553453
0.014 0.0558061
0.0141 0.0562087
0.0142 0.0565202
0.0143 0.0570033
0.0144 0.0574006
0.0145 0.0578242
0.0146 0.0582112
0.0147 0.0585438
0.0148 0.0589052
0.0149 0.0593321
0.015 0.0596657
0.0151 0.0601438
0.0152 0.0604258
0.0153 0.0608156
0.0154 0.0612017
0.0155 0.0616394
0.0156 0.0620498
0.0157 0.0625078
0.0158 0.0628372
0.0159 0.0631449
0.016 0.0635019
0.0161 0.0639547
0.0162 0.0643919
0.0163 0.0647811
0.0164 0.0651681
0.0165 0.0655461
0.0166 0.065945
0.0167 0.0662939
0.0168 0.0666137
0.0169 0.0670945
0.017 0.0673933
0.0171 0.0677578
0.0172 0.0681651
0.0173 0.0686751
0.0174 0.0690475
0.0175 0.0693861
0.0176 0.0698322
0.0177 0.0702473
0.0178 0.0707953
0.0179 0.0711801
0.018 0.0716532
0.0181 0.072104
0.0182 0.0724614
0.0183 0.0729453
0.0184 0.0734193
0.0185 0.0736572
0.0186 0.074228
0.0187 0.0745284
0.0188 0.0749228
0.0189 0.0754329
0.019 0.0759137
0.0191 0.0763495
0.0192 0.0766468
0.0193 0.0769289
0.0194 0.0774667
0.0195 0.0779044
0.0196 0.0784128
0.0197 0.0787974
0.0198 0.0791831
0.0199 0.0796832
0.02 0.08005
0.0201 0.0804614
0.0202 0.0808691
0.0203 0.0810951
0.0204 0.0814478
0.0205 0.0817078
0.0206 0.0820442
0.0207 0.0823011
0.0208 0.0828066
0.0209 0.0831
0.021 0.0835111
0.0211 0.0838805
0.0212 0.0843104
0.0213 0.0846987
0.0214 0.0852629
0.0215 0.0856917
0.0216 0.0861476
0.0217 0.0865385
0.0218 0.0868887
0.0219 0.0872577
0.022 0.0877331
0.0221 0.0882379
0.0222 0.0887909
0.0223 0.0889446
0.0224 0.0894081
0.0225 0.0897845
0.0226 0.0902978
0.0227 0.0906908
0.0228 0.090994
0.0229 0.0913418
0.023 0.0917242
0.0231 0.0919863
0.0232 0.0925178
0.0233 0.0928518
0.0234 0.0932361
0.0235 0.0936855
0.0236 0.0941528
0.0237 0.0945919
0.0238 0.094888
0.0239 0.0952047
0.024 0.0955298
0.0241 0.0958932
0.0242 0.0962357
0.0243 0.0965828
0.0244 0.0971342
0.0245 0.097547
0.0246 0.0980701
0.0247 0.0984332
0.0248 0.0987214
0.0249 0.0990482
0.025 0.0994168
0.0251 0.0996107
0.0252 0.0998634
0.0253 0.100253
0.0254 0.100547
0.0255 0.100906
0.0256 0.101317
0.0257 0.101637
0.0258 0.102048
0.0259 0.102384
0.026 0.102725
0.0261 0.103034
0.0262 0.103292
0.0263 0.103852
0.0264 0.104114
0.0265 0.104545
0.0266 0.104778
0.0267 0.105158
0.0268 0.105586
0.0269 0.105932
0.027 0.10631
0.0271 0.106808
0.0272 0.107169
0.0273 0.107478
0.0274 0.107721
0.0275 0.108018
0.0276 0.10832
0.0277 0.108769
0.0278 0.109187
0.0279 0.109559
0.028 0.110015
0.0281 0.110483
0.0282 0.110785
0.0283 0.111141
0.0284 0.1116
0.0285 0.111991
0.0286 0.112344
0.0287 0.112766
0.0288 0.113112
0.0289 0.113467
0.029 0.113889
0.0291 0.114287
0.0292 0.114546
0.0293 0.114955
0.0294 0.115245
0.0295 0.115556
0.0296 0.115892
0.0297 0.11618
0.0298 0.116613
0.0299 0.116821
0.03 0.117175
0.0301 0.117408
0.0302 0.117822
0.0303 0.118309
0.0304 0.118648
0.0305 0.119071
0.0306 0.11957
0.0307 0.12004
0.0308 0.120452
0.0309 0.12079
0.031 0.121224
0.0311 0.121664
0.0312 0.122125
0.0313 0.122473
0.0314 0.122955
0.0315 0.123383
0.0316 0.123879
0.0317 0.124231
0.0318 0.124517
0.0319 0.124953
0.032 0.125326
0.0321 0.125794
0.0322 0.126174
0.0323 0.126491
0.0324 0.126835
0.0325 0.127186
0.0326 0.127613
0.0327 0.128105
0.0328 0.128439
0.0329 0.128746
0.033 0.129105
0.0331 0.129376
0.0332 0.129795
0.0333 0.130262
0.0334 0.130688
0.0335 0.130973
0.0336 0.131186
0.0337 0.131472
0.0338 0.13194
0.0339 0.132501
0.034 0.132854
0.0341 0.133238
0.0342 0.133638
0.0343 0.133924
0.0344 0.134368
0.0345 0.134821
0.0346 0.13505
0.0347 0.135337
0.0348 0.135857
0.0349 0.136176
0.035 0.136417
0.0351 0.136858
0.0352 0.137242
0.0353 0.137562
0.0354 0.137858
0.0355 0.138168
0.0356 0.138732
0.0357 0.13922
0.0358 0.139596
0.0359 0.140079
0.036 0.140595
0.0361 0.140965
0.0362 0.141213
0.0363 0.141744
0.0364 0.142081
0.0365 0.142431
0.0366 0.142855
0.0367 0.143438
0.0368 0.143974
0.0369 0.144079
0.037 0.14431
0.0371 0.144569
0.0372 0.144923
0.0373 0.145268
0.0374 0.145737
0.0375 0.145822
0.0376 0.1462
0.0377 0.146528
0.0378 0.147
0.0379 0.147396
0.038 0.147803
0.0381 0.148171
0.0382 0.148638
0.0383 0.148979
0.0384 0.149444
0.0385 0.14957
0.0386 0.149814
0.0387 0.150222
0.0388 0.150535
0.0389 0.150912
0.039 0.151306
0.0391 0.15149
0.0392 0.1519
0.0393 0.152316
0.0394 0.152589
0.0395 0.15296
0.0396 0.153367
0.0397 0.153476
0.0398 0.153886
0.0399 0.154205
0.04 0.154459
0.0401 0.154712
0.0402 0.154996
0.0403 0.15534
0.0404 0.155829
0.0405 0.15607
0.0406 0.15632
0.0407 0.156653
0.0408 0.156896
0.0409 0.157315
0.041 0.157778
0.0411 0.158151
0.0412 0.158525
0.0413 0.158982
0.0414 0.159296
0.0415 0.159465
0.0416 0.159801
0.0417 0.160284
0.0418 0.160739
0.0419 0.161054
0.042 0.161078
0.0421 0.161348
0.0422 0.16205
0.0423 0.162415
0.0424 0.162743
0.0425 0.163018
0.0426 0.163216
0.0427 0.163565
0.0428 0.163868
0.0429 0.164302
0.043 0.164561
0.0431 0.164726
0.0432 0.165083
0.0433 0.1654
0.0434 0.165645
0.0435 0.166156
0.0436 0.16651
0.0437 0.166816
0.0438 0.167208
0.0439 0.167565
0.044 0.167694
0.0441 0.167923
0.0442 0.168401
0.0443 0.168711
0.0444 0.169198
0.0445 0.169634
0.0446 0.169976
0.0447 0.170276
0.0448 0.170571
0.0449 0.170781
0.045 0.171094
0.0451 0.17152
0.0452 0.17175
0.0453 0.172185
0.0454 0.172516
0.0455 0.173021
0.0456 0.173402
0.0457 0.173837
0.0458 0.174093
0.0459 0.174418
0.046 0.174965
0.0461 0.175104
0.0462 0.175486
0.0463 0.175705
0.0464 0.176194
0.0465 0.176651
0.0466 0.176983
0.0467 0.17745
0.0468 0.177724
0.0469 0.178078
0.047 0.178648
0.0471 0.179159
0.0472 0.179416
0.0473 0.17978
0.0474 0.180086
0.0475 0.180412
0.0476 0.180896
0.0477 0.181259
0.0478 0.18141
0.0479 0.181658
0.048 0.181904
0.0481 0.182228
0.0482 0.1824
0.0483 0.18286
0.0484 0.1832
0.0485 0.183459
0.0486 0.183797
0.0487 0.184081
0.0488 0.184367
0.0489 0.184717
0.049 0.185053
0.0491 0.185338
0.0492 0.185596
0.0493 0.185969
0.0494 0.186402
0.0495 0.186914
0.0496 0.187306
0.0497 0.18753
0.0498 0.187886
0.0499 0.188437
0.05 0.188554
0.0501 0.188783
0.0502 0.189362
0.0503 0.189542
0.0504 0.189773
0.0505 0.189971
0.0506 0.190123
0.0507 0.190356
0.0508 0.19074
0.0509 0.1913
0.051 0.19175
0.0511 0.19209
0.0512 0.192518
0.0513 0.192871
0.0514 0.193278
0.0515 0.193728
0.0516 0.194029
0.0517 0.194575
0.0518 0.194995
0.0519 0.195458
0.052 0.195932
0.0521 0.196251
0.0522 0.196643
0.0523 0.197062
0.0524 0.197416
0.0525 0.197744
0.0526 0.198096
0.0527 0.19852
0.0528 0.198953
0.0529 0.199279
0.053 0.19954
0.0531 0.199728
0.0532 0.200025
0.0533 0.200465
0.0534 0.200783
0.0535 0.201033
0.0536 0.201357
0.0537 0.201684
0.0538 0.20187
0.0539 0.202212
0.054 0.202762
0.0541 0.203188
0.0542 0.203394
0.0543 0.204147
0.0544 0.204505
0.0545 0.204788
0.0546 0.205153
0.0547 0.205432
0.0548 0.205865
0.0549 0.206427
0.055 0.206588
0.0551 0.206812
0.0552 0.207106
0.0553 0.207409
0.0554 0.20787
0.0555 0.208072
0.0556 0.208545
0.0557 0.208843
0.0558 0.209327
0.0559 0.209704
0.056 0.210101
0.0561 0.210531
0.0562 0.210698
0.0563 0.21102
0.0564 0.211094
0.0565 0.211419
0.0566 0.211714
0.0567 0.21164
0.0568 0.212085
0.0569 0.212268
0.057 0.212703
0.0571 0.21301
0.0572 0.213523
0.0573 0.213933
0.0574 0.214335
0.0575 0.214845
0.0576 0.215365
0.0577 0.215759
0.0578 0.215942
0.0579 0.216315
0.058 0.216613
0.0581 0.217048
0.0582 0.217424
0.0583 0.21778
0.0584 0.218326
0.0585 0.218533
0.0586 0.218811
0.0587 0.218956
0.0588 0.219276
0.0589 0.219413
0.059 0.219866
0.0591 0.219996
0.0592 0.220232
0.0593 0.220301
0.0594 0.220501
0.0595 0.22096
0.0596 0.221445
0.0597 0.221997
0.0598 0.222456
0.0599 0.222718
0.06 0.223051
0.0601 0.223319
0.0602 0.223595
0.0603 0.22384
0.0604 0.224128
0.0605 0.224265
0.0606 0.224576
0.0607 0.224839
0.0608 0.224969
0.0609 0.225295
0.061 0.22559
0.0611 0.225772
0.0612 0.226367
0.0613 0.226644
0.0614 0.226996
0.0615 0.227207
0.0616 0.227673
0.0617 0.228054
0.0618 0.22845
0.0619 0.228741
0.062 0.229141
0.0621 0.229554
0.0622 0.230138
0.0623 0.230396
0.0624 0.230732
0.0625 0.231244
0.0626 0.231742
0.0627 0.232275
0.0628 0.232428
0.0629 0.233072
0.063 0.233477
0.0631 0.233976
0.0632 0.23436
0.0633 0.234442
0.0634 0.234937
0.0635 0.235168
0.0636 0.235428
0.0637 0.235855
0.0638 0.236068
0.0639 0.236386
0.064 0.236793
0.0641 0.23711
0.0642 0.237311
0.0643 0.2379
0.0644 0.238063
0.0645 0.238509
0.0646 0.238633
0.0647 0.238631
0.0648 0.239016
0.0649 0.239414
0.065 0.239995
0.0651 0.240265
0.0652 0.240576
0.0653 0.241139
0.0654 0.241163
0.0655 0.241579
0.0656 0.241719
0.0657 0.241953
0.0658 0.24245
0.0659 0.242631
0.066 0.243049
0.0661 0.243441
0.0662 0.243537
0.0663 0.243806
0.0664 0.244319
0.0665 0.244749
0.0666 0.245204
0.0667 0.245672
0.0668 0.245791
0.0669 0.246199
0.067 0.246507
0.0671 0.246822
0.0672 0.247065
0.0673 0.247482
0.0674 0.247736
0.0675 0.247952
0.0676 0.248326
0.0677 0.248481
0.0678 0.248797
0.0679 0.24896
0.068 0.249463
0.0681 0.249749
0.0682 0.250153
0.0683 0.250769
0.0684 0.251181
0.0685 0.251552
0.0686 0.252121
0.0687 0.252494
0.0688 0.252788
0.0689 0.253167
0.069 0.253542
0.0691 0.253676
0.0692 0.254238
0.0693 0.254882
0.0694 0.255004
0.0695 0.255266
0.0696 0.255795
0.0697 0.256223
0.0698 0.256695
0.0699 0.257125
0.07 0.257493
0.0701 0.257792
0.0702 0.258411
0.0703 0.258582
0.0704 0.25866
0.0705 0.259079
0.0706 0.259475
0.0707 0.259717
0.0708 0.259926
0.0709 0.260146
0.071 0.260447
0.0711 0.260792
0.0712 0.261415
0.0713 0.261849
0.0714 0.262204
0.0715 0.262266
0.0716 0.262874
0.0717 0.26324
0.0718 0.26376
0.0719 0.263995
0.072 0.264241
0.0721 0.264415
0.0722 0.264455
0.0723 0.264627
0.0724 0.265082
0.0725 0.265484
0.0726 0.265619
0.0727 0.26598
0.0728 0.266118
0.0729 0.266375
0.073 0.266967
0.0731 0.267271
0.0732 0.267679
0.0733 0.267843
0.0734 0.268183
0.0735 0.268575
0.0736 0.268984
0.0737 0.269602
0.0738 0.270065
0.0739 0.270361
0.074 0.270937
0.0741 0.271385
0.0742 0.271536
0.0743 0.271911
0.0744 0.272348
0.0745 0.27256
0.0746 0.272547
0.0747 0.272716
0.0748 0.27294
0.0749 0.273072
0.075 0.273416
0.0751 0.273795
0.0752 0.274022
0.0753 0.27435
0.0754 0.274573
0.0755 0.275089
0.0756 0.275338
0.0757 0.275832
0.0758 0.276216
0.0759 0.276448
0.076 0.276948
0.0761 0.277245
0.0762 0.27749
0.0763 0.277731
0.0764 0.277943
0.0765 0.278176
0.0766 0.278659
0.0767 0.27923
0.0768 0.279258
0.0769 0.279508
0.077 0.27974
0.0771 0.279821
0.0772 0.280454
0.0773 0.280743
0.0774 0.280944
0.0775 0.281103
0.0776 0.281396
0.0777 0.281436
0.0778 0.281706
0.0779 0.282154
0.078 0.282629
0.0781 0.283178
0.0782 0.283586
0.0783 0.284135
0.0784 0.284442
0.0785 0.284671
0.0786 0.285172
0.0787 0.285446
0.0788 0.285888
0.0789 0.285934
0.079 0.286325
0.0791 0.286512
0.0792 0.286629
0.0793 0.287163
0.0794 0.287325
0.0795 0.287704
0.0796 0.288104
0.0797 0.288801
0.0798 0.289059
0.0799 0.289375
0.08 0.289741
0.0801 0.290202
0.0802 0.290241
0.0803 0.290325
0.0804 0.290568
0.0805 0.290909
0.0806 0.291179
0.0807 0.291619
0.0808 0.292279
0.0809 0.29249
0.081 0.292807
0.0811 0.293161
0.0812 0.293634
0.0813 0.29366
0.0814 0.29392
0.0815 0.294003
0.0816 0.294568
0.0817 0.294859
0.0818 0.295169
0.0819 0.295525
0.082 0.295875
0.0821 0.296203
0.0822 0.296698
0.0823 0.296648
0.0824 0.296914
0.0825 0.297215
0.0826 0.297585
0.0827 0.297751
0.0828 0.297975
0.0829 0.298307
0.083 0.298751
0.0831 0.299311
0.0832 0.299653
0.0833 0.300072
0.0834 0.300386
0.0835 0.300549
0.0836 0.300884
0.0837 0.301142
0.0838 0.301644
0.0839 0.30172
0.084 0.302318
0.0841 0.302846
0.0842 0.303053
0.0843 0.303493
0.0844 0.303861
0.0845 0.304267
0.0846 0.304656
0.0847 0.305174
0.0848 0.305413
0.0849 0.306022
0.085 0.306226
0.0851 0.306344
0.0852 0.306796
0.0853 0.307125
0.0854 0.30767
0.0855 0.307833
0.0856 0.308146
0.0857 0.308631
0.0858 0.308843
0.0859 0.309151
0.086 0.309557
0.0861 0.309846
0.0862 0.310476
0.0863 0.31092
0.0864 0.311045
0.0865 0.311353
0.0866 0.311627
0.0867 0.311959
0.0868 0.31206
0.0869 0.312323
0.087 0.312629
0.0871 0.31284
0.0872 0.312887
0.0873 0.313013
0.0874 0.313422
0.0875 0.313616
0.0876 0.314027
0.0877 0.314433
0.0878 0.31433
0.0879 0.314628
0.088 0.314952
0.0881 0.315083
0.0882 0.315678
0.0883 0.316107
0.0884 0.316409
0.0885 0.316541
0.0886 0.316704
0.0887 0.317188
0.0888 0.317527
0.0889 0.317885
0.089 0.318195
0.0891 0.31851
0.0892 0.318982
0.0893 0.318835
0.0894 0.31915
0.0895 0.319601
0.0896 0.319869
0.0897 0.320061
0.0898 0.320419
0.0899 0.320668
0.09 0.320723
0.0901 0.321192
0.0902 0.321695
0.0903 0.322375
0.0904 0.322778
0.0905 0.322937
0.0906 0.323312
0.0907 0.323622
0.0908 0.323887
0.0909 0.324393
0.091 0.324668
0.0911 0.324805
0.0912 0.325474
0.0913 0.325656
0.0914 0.325978
0.0915 0.32632
0.0916 0.326391
0.0917 0.326921
0.0918 0.3273
0.0919 0.327836
0.092 0.328106
0.0921 0.32822
0.0922 0.328575
0.0923 0.329089
0.0924 0.329406
0.0925 0.329816
0.0926 0.330274
0.0927 0.330525
0.0928 0.330949
0.0929 0.33151
0.093 0.331766
0.0931 0.331811
0.0932 0.332588
0.0933 0.332889
0.0934 0.333005
0.0935 0.333447
0.0936 0.333896
0.0937 0.334589
0.0938 0.334544
0.0939 0.334885
0.094 0.335146
0.0941 0.335437
0.0942 0.335691
0.0943 0.335954
0.0944 0.336112
0.0945 0.336709
0.0946 0.337214
0.0947 0.337572
0.0948 0.337991
0.0949 0.338223
0.095 0.338369
0.0951 0.338515
0.0952 0.339124
0.0953 0.33949
0.0954 0.339484
0.0955 0.339493
0.0956 0.339659
0.0957 0.340001
0.0958 0.340635
0.0959 0.341074
0.096 0.341284
0.0961 0.341639
0.0962 0.341709
0.0963 0.342018
0.0964 0.342424
0.0965 0.342631
0.0966 0.343198
0.0967 0.343559
0.0968 0.34391
0.0969 0.34427
0.097 0.344716
0.0971 0.344987
0.0972 0.345185
0.0973 0.345325
0.0974 0.345566
0.0975 0.345703
0.0976 0.3461
0.0977 0.346659
0.0978 0.346825
0.0979 0.347193
0.098 0.347553
0.0981 0.347795
0.0982 0.347831
0.0983 0.34804
0.0984 0.348249
0.0985 0.348539
0.0986 0.348886
0.0987 0.349259
0.0988 0.349504
0.0989 0.349857
0.099 0.350028
0.0991 0.350354
0.0992 0.350504
0.0993 0.350779
0.0994 0.35087
0.0995 0.350982
0.0996 0.351228
0.0997 0.351746
0.0998 0.35201
0.0999 0.352291
0.1 0.352706
0.1001 0.353247
0.1002 0.353902
0.1003 0.354319
0.1004 0.354798
0.1005 0.355118
0.1006 0.355636
0.1007 0.355904
0.1008 0.356079
0.1009 0.35626
0.101 0.356492
0.1011 0.356728
0.1012 0.357153
0.1013 0.357273
0.1014 0.357806
0.1015 0.358161
0.1016 0.358602
0.1017 0.358647
0.1018 0.358911
0.1019 0.359303
0.102 0.359677
0.1021 0.360103
0.1022 0.360304
0.1023 0.360684
0.1024 0.361166
0.1025 0.361269
0.1026 0.361265
0.1027 0.36152
0.1028 0.36179
0.1029 0.362104
0.103 0.362568
0.1031 0.362487
0.1032 0.362999
0.1033 0.363578
0.1034 0.36365
0.1035 0.363989
0.1036 0.364311
0.1037 0.365016
0.1038 0.365287
0.1039 0.365956
0.104 0.366197
0.1041 0.366563
0.1042 0.366973
0.1043 0.367368
0.1044 0.367787
0.1045 0.36836
0.1046 0.368818
0.1047 0.369137
0.1048 0.369588
0.1049 0.369653
0.105 0.369762
0.1051 0.369852
0.1052 0.370317
0.1053 0.370457
0.1054 0.370667
0.1055 0.371195
0.1056 0.371316
0.1057 0.371626
0.1058 0.372018
0.1059 0.372318
0.106 0.372522
0.1061 0.372708
0.1062 0.372967
0.1063 0.373225
0.1064 0.373487
0.1065 0.373418
0.1066 0.373796
0.1067 0.37418
0.1068 0.374669
0.1069 0.374896
0.107 0.375299
0.1071 0.375531
0.1072 0.375544
0.1073 0.376248
0.1074 0.376464
0.1075 0.376865
0.1076 0.376855
0.1077 0.377139
0.1078 0.377559
0.1079 0.377642
0.108 0.377985
0.1081 0.378213
0.1082 0.378199
0.1083 0.378754
0.1084 0.379179
0.1085 0.379412
0.1086 0.379766
0.1087 0.380268
0.1088 0.380178
0.1089 0.380542
0.109 0.380477
0.1091 0.380715
0.1092 0.380977
0.1093 0.381463
0.1094 0.381743
0.1095 0.381837
0.1096 0.381758
0.1097 0.382137
0.1098 0.382609
0.1099 0.382931
0.11 0.383218
0.1101 0.38364
0.1102 0.384072
0.1103 0.384261
0.1104 0.384608
0.1105 0.385012
0.1106 0.385232
0.1107 0.385585
0.1108 0.385789
0.1109 0.385652
0.111 0.385964
0.1111 0.386158
0.1112 0.386346
0.1113 0.386795
0.1114 0.387258
0.1115 0.387423
0.1116 0.387554
0.1117 0.387718
0.1118 0.387853
0.1119 0.388282
0.112 0.388564
0.1121 0.388949
0.1122 0.389363
0.1123 0.389479
0.1124 0.389425
0.1125 0.389885
0.1126 0.390349
0.1127 0.390658
0.1128 0.39105
0.1129 0.391137
0.113 0.39139
0.1131 0.392011
0.1132 0.392493
0.1133 0.392917
0.1134 0.393247
0.1135 0.393519
0.1136 0.393756
0.1137 0.394269
0.1138 0.394607
0.1139 0.395055
0.114 0.395312
0.1141 0.395552
0.1142 0.395929
0.1143 0.396125
0.1144 0.396302
0.1145 0.396727
0.1146 0.397307
0.1147 0.397561
0.1148 0.398002
0.1149 0.398276
0.115 0.398769
0.1151 0.399131
0.1152 0.39973
0.1153 0.399613
0.1154 0.400079
0.1155 0.400717
0.1156 0.401181
0.1157 0.401641
0.1158 0.402021
0.1159 0.402352
0.116 0.402725
0.1161 0.403167
0.1162 0.403437
0.1163 0.403788
0.1164 0.404074
0.1165 0.404143
0.1166 0.404448
0.1167 0.404688
0.1168 0.405168
0.1169 0.405638
0.117 0.405819
0.1171 0.406187
0.1172 0.40662
0.1173 0.406873
0.1174 0.407146
0.1175 0.407581
0.1176 0.408159
0.1177 0.408303
0.1178 0.40879
0.1179 0.409145
0.118 0.40944
0.1181 0.409692
0.1182 0.409961
0.1183 0.410035
0.1184 0.410449
0.1185 0.410765
0.1186 0.411256
0.1187 0.411557
0.1188 0.412012
0.1189 0.412536
0.119 0.412856
0.1191 0.41314
0.1192 0.413553
0.1193 0.414055
0.1194 0.414226
0.1195 0.414642
0.1196 0.415026
0.1197 0.415543
0.1198 0.415748
0.1199 0.416186
0.12 0.416869
0.1201 0.4171
0.1202 0.41777
0.1203 0.418023
0.1204 0.418494
0.1205 0.418566
0.1206 0.418574
0.1207 0.419104
0.1208 0.419306
0.1209 0.419725
0.121 0.420157
0.1211 0.42073
0.1212 0.421044
0.1213 0.420935
0.1214 0.421261
0.1215 0.421308
0.1216 0.421583
0.1217 0.421961
0.1218 0.422174
0.1219 0.422207
0.122 0.422649
0.1221 0.422953
0.1222 0.423443
0.1223 0.424116
0.1224 0.42462
0.1225 0.424925
0.1226 0.425272
0.1227 0.425604
0.1228 0.426173
0.1229 0.426497
0.123 0.426695
0.1231 0.427241
0.1232 0.427668
0.1233 0.428054
0.1234 0.428819
0.1235 0.429124
0.1236 0.429483
0.1237 0.429533
0.1238 0.429907
0.1239 0.430283
0.124 0.430377
0.1241 0.430788
0.1242 0.431018
0.1243 0.430912
0.1244 0.431143
0.1245 0.431667
0.1246 0.43212
0.1247 0.43226
0.1248 0.432672
0.1249 0.432833
0.125 0.432878
0.1251 0.43321
0.1252 0.433453
0.1253 0.433575
0.1254 0.433892
0.1255 0.434256
0.1256 0.434256
0.1257 0.434299
0.1258 0.434433
0.1259 0.43435
0.126 0.434618
0.1261 0.434827
0.1262 0.435059
0.1263 0.435202
0.1264 0.435737
0.1265 0.435926
0.1266 0.436314
0.1267 0.436715
0.1268 0.437141
0.1269 0.437439
0.127 0.438062
0.1271 0.438232
0.1272 0.438196
0.1273 0.438536
0.1274 0.438972
0.1275 0.439571
0.1276 0.440032
0.1277 0.440339
0.1278 0.440316
0.1279 0.44081
0.128 0.441245
0.1281 0.441411
0.1282 0.441736
0.1283 0.442448
0.1284 0.442741
0.1285 0.442974
0.1286 0.443253
0.1287 0.443683
0.1288 0.444236
0.1289 0.444477
0.129 0.444685
0.1291 0.445169
0.1292 0.445699
0.1293 0.446018
0.1294 0.446295
0.1295 0.446341
0.1296 0.446852
0.1297 0.447389
0.1298 0.447776
0.1299 0.447807
0.13 0.448171
0.1301 0.448387
0.1302 0.448547
0.1303 0.448351
0.1304 0.448641
0.1305 0.448811
0.1306 0.449254
0.1307 0.449535
0.1308 0.450121
0.1309 0.450308
0.131 0.450926
0.1311 0.450818
0.1312 0.450898
0.1313 0.451371
0.1314 0.45184
0.1315 0.452041
0.1316 0.452277
0.1317 0.452756
0.1318 0.453254
0.1319 0.453469
0.132 0.45411
0.1321 0.454384
0.1322 0.454935
0.1323 0.455106
0.1324 0.455251
0.1325 0.455799
0.1326 0.456223
0.1327 0.456453
0.1328 0.457062
0.1329 0.457522
0.133 0.457695
0.1331 0.457698
0.1332 0.457828
0.1333 0.458037
0.1334 0.458682
0.1335 0.459097
0.1336 0.459166
0.1337 0.459364
0.1338 0.459676
0.1339 0.460285
0.134 0.460551
0.1341 0.460736
0.1342 0.460977
0.1343 0.461285
0.1344 0.461788
0.1345 0.461997
0.1346 0.462123
0.1347 0.462582
0.1348 0.46303
0.1349 0.463485
0.135 0.463767
0.1351 0.463942
0.1352 0.464377
0.1353 0.464785
0.1354 0.465167
0.1355 0.465296
0.1356 0.46558
0.1357 0.465952
0.1358 0.466041
0.1359 0.466329
0.136 0.466751
0.1361 0.466811
0.1362 0.467216
0.1363 0.467177
0.1364 0.467751
0.1365 0.468191
0.1366 0.468412
0.1367 0.468706
0.1368 0.469338
0.1369 0.469672
0.137 0.469993
0.1371 0.470221
0.1372 0.470734
0.1373 0.471445
0.1374 0.471569
0.1375 0.471938
0.1376 0.471687
0.1377 0.472039
0.1378 0.472184
0.1379 0.472566
0.138 0.472858
0.1381 0.473475
0.1382 0.473422
0.1383 0.473581
0.1384 0.473971
0.1385 0.474288
0.1386 0.47469
0.1387 0.474828
0.1388 0.475195
0.1389 0.475594
0.139 0.47596
0.1391 0.476248
0.1392 0.476509
0.1393 0.476614
0.1394 0.476934
0.1395 0.477289
0.1396 0.47742
0.1397 0.478027
0.1398 0.478304
0.1399 0.478896
0.14 0.479388
0.1401 0.480142
0.1402 0.480005
0.1403 0.480457
0.1404 0.48084
0.1405 0.481141
0.1406 0.481622
0.1407 0.482132
0.1408 0.482451
0.1409 0.482708
0.141 0.483163
0.1411 0.483503
0.1412 0.483823
0.1413 0.484074
0.1414 0.484342
0.1415 0.484499
0.1416 0.484556
0.1417 0.484948
0.1418 0.485432
0.1419 0.485604
0.142 0.486249
0.1421 0.486448
0.1422 0.487206
0.1423 0.487871
0.1424 0.48844
0.1425 0.488489
0.1426 0.488785
0.1427 0.489326
0.1428 0.489507
0.1429 0.489407
0.143 0.489742
0.1431 0.489861
0.1432 0.49037
0.1433 0.491027
0.1434 0.49187
0.1435 0.491924
0.1436 0.492123
0.1437 0.492282
0.1438 0.49252
0.1439 0.492693
0.144 0.492821
0.1441 0.493007
0.1442 0.493727
0.1443 0.494072
0.1444 0.494288
0.1445 0.494287
0.1446 0.494393
0.1447 0.494543
0.1448 0.494648
0.1449 0.495407
0.145 0.4957
0.1451 0.495825
0.1452 0.49605
0.1453 0.496214
0.1454 0.496771
0.1455 0.497195
0.1456 0.497605
0.1457 0.497889
0.1458 0.498258
0.1459 0.498419
0.146 0.498755
0.1461 0.49943
0.1462 0.499849
0.1463 0.499941
0.1464 0.500069
0.1465 0.500648
0.1466 0.500869
0.1467 0.50134
0.1468 0.501563
0.1469 0.501927
0.147 0.50218
0.1471 0.502488
0.1472 0.503288
0.1473 0.503741
0.1474 0.50442
0.1475 0.504923
0.1476 0.50534
0.1477 0.505584
0.1478 0.50572
0.1479 0.506001
0.148 0.506212
0.1481 0.506259
0.1482 0.506717
0.1483 0.506758
0.1484 0.506895
0.1485 0.507372
0.1486 0.507399
0.1487 0.50765
0.1488 0.507928
0.1489 0.507975
0.149 0.508221
0.1491 0.508774
0.1492 0.509398
0.1493 0.509557
0.1494 0.509588
0.1495 0.509455
0.1496 0.509965
0.1497 0.510432
0.1498 0.510446
0.1499 0.510593
0.15 0.510842
0.1501 0.511178
0.1502 0.51132
0.1503 0.511494
0.1504 0.512129
0.1505 0.51224
0.1506 0.512644
0.1507 0.513271
0.1508 0.513523
0.1509 0.514166
0.151 0.514655
0.1511 0.514792
0.1512 0.514981
0.1513 0.515194
0.1514 0.515591
0.1515 0.515939
0.1516 0.516236
0.1517 0.516691
0.1518 0.517275
0.1519 0.517832
0.152 0.518112
0.1521 0.518619
0.1522 0.518971
0.1523 0.519472
0.1524 0.519928
0.1525 0.52044
0.1526 0.521106
0.1527 0.521563
0.1528 0.521739
0.1529 0.521768
0.153 0.521817
0.1531 0.522108
0.1532 0.5222
0.1533 0.522658
0.1534 0.522942
0.1535 0.523024
0.1536 0.523268
0.1537 0.523562
0.1538 0.523586
0.1539 0.523702
0.154 0.524195
0.1541 0.524573
0.1542 0.524841
0.1543 0.525317
0.1544 0.52559
0.1545 0.525962
0.1546 0.52627
0.1547 0.526159
0.1548 0.526524
0.1549 0.526719
0.155 0.526958
0.1551 0.527146
0.1552 0.52772
0.1553 0.528054
0.1554 0.528288
0.1555 0.528891
0.1556 0.529298
0.1557 0.529609
0.1558 0.529636
0.1559 0.529942
0.156 0.530322
0.1561 0.530569
0.1562 0.531098
0.1563 0.531492
0.1564 0.531838
0.1565 0.532275
0.1566 0.53286
0.1567 0.532886
0.1568 0.533395
0.1569 0.533519
0.157 0.534256
0.1571 0.534394
0.1572 0.53407
0.1573 0.534229
0.1574 0.534358
0.1575 0.534511
0.1576 0.535304
0.1577 0.535742
0.1578 0.53614
0.1579 0.536598
0.158 0.53728
0.1581 0.537872
0.1582 0.538554
0.1583 0.539181
0.1584 0.539819
0.1585 0.540104
0.1586 0.540231
0.1587 0.540563
0.1588 0.540962
0.1589 0.541106
0.159 0.541665
0.1591 0.541746
0.1592 0.541965
0.1593 0.542064
0.1594 0.542479
0.1595 0.542958
0.1596 0.54295
0.1597 0.542862
0.1598 0.542936
0.1599 0.543238
0.16 0.543596
0.1601 0.543799
0.1602 0.54415
0.1603 0.54458
0.1604 0.544954
0.1605 0.545041
0.1606 0.545275
0.1607 0.545451
0.1608 0.545854
0.1609 0.546267
0.161 0.5463
0.1611 0.5467
0.1612 0.547189
0.1613 0.547376
0.1614 0.547846
0.1615 0.548119
0.1616 0.548362
0.1617 0.548613
0.1618 0.548945
0.1619 0.549281
0.162 0.549625
0.1621 0.549877
0.1622 0.550421
0.1623 0.550935
0.1624 0.551095
0.1625 0.551421
0.1626 0.551827
0.1627 0.55244
0.1628 0.552873
0.1629 0.553138
0.163 0.553383
0.1631 0.553429
0.1632 0.553478
0.1633 0.553897
0.1634 0.554213
0.1635 0.55424
0.1636 0.554564
0.1637 0.554849
0.1638 0.555815
0.1639 0.555931
0.164 0.556565
0.1641 0.556989
0.1642 0.557198
0.1643 0.557776
0.1644 0.558053
0.1645 0.558429
0.1646 0.558819
0.1647 0.558898
0.1648 0.558944
0.1649 0.559062
0.165 0.559162
0.1651 0.5595
0.1652 0.559995
0.1653 0.56001
0.1654 0.560079
0.1655 0.560582
0.1656 0.560781
0.1657 0.561006
0.1658 0.561347
0.1659 0.561971
0.166 0.562375
0.1661 0.562938
0.1662 0.563257
0.1663 0.56339
0.1664 0.563803
0.1665 0.563963
0.1666 0.56465
0.1667 0.565027
0.1668 0.565743
0.1669 0.566178
0.167 0.566097
0.1671 0.566422
0.1672 0.566628
0.1673 0.567046
0.1674 0.567255
0.1675 0.567451
0.1676 0.567435
0.1677 0.567503
0.1678 0.567925
0.1679 0.568286
0.168 0.568358
0.1681 0.568448
0.1682 0.569175
0.1683 0.569592
0.1684 0.569768
0.1685 0.570129
0.1686 0.570215
0.1687 0.570528
0.1688 0.570727
0.1689 0.571225
0.169 0.571801
0.1691 0.572043
0.1692 0.57262
0.1693 0.573393
0.1694 0.57378
0.1695 0.574182
0.1696 0.574264
0.1697 0.57447
0.1698 0.574422
0.1699 0.574789
0.17 0.575621
0.1701 0.575895
0.1702 0.576147
0.1703 0.576744
0.1704 0.576712
0.1705 0.576988
0.1706 0.577457
0.1707 0.578087
0.1708 0.578911
0.1709 0.579233
0.171 0.57954
0.1711 0.579684
0.1712 0.57981
0.1713 0.580268
0.1714 0.580657
0.1715 0.581271
0.1716 0.582067
0.1717 0.582349
0.1718 0.582604
0.1719 0.583038
0.172 0.583798
0.1721 0.584126
0.1722 0.584616
0.1723 0.585164
0.1724 0.585652
0.1725 0.586242
0.1726 0.586503
0.1727 0.586755
0.1728 0.587
0.1729 0.587419
0.173 0.587777
0.1731 0.588192
0.1732 0.588324
0.1733 0.588467
0.1734 0.588882
0.1735 0.589182
0.1736 0.589702
0.1737 0.589876
0.1738 0.59031
0.1739 0.590389
0.174 0.590455
0.1741 0.590286
0.1742 0.590586
0.1743 0.590883
0.1744 0.591358
0.1745 0.591538
0.1746 0.591971
0.1747 0.591845
0.1748 0.59235
0.1749 0.592238
0.175 0.59249
0.1751 0.592894
0.1752 0.593092
0.1753 0.593116
0.1754 0.593662
0.1755 0.594078
0.1756 0.594448
0.1757 0.594489
0.1758 0.594863
0.1759 0.595042
0.176 0.595469
0.1761 0.595764
0.1762 0.59645
0.1763 0.597082
0.1764 0.597327
0.1765 0.598017
0.1766 0.598274
0.1767 0.598685
0.1768 0.59894
0.1769 0.599189
0.177 0.599111
0.1771 0.59946
0.1772 0.599567
0.1773 0.599721
0.1774 0.600306
0.1775 0.600522
0.1776 0.600585
0.1777 0.600736
0.1778 0.60104
0.1779 0.601161
0.178 0.601413
0.1781 0.601586
0.1782 0.601524
0.1783 0.602106
0.1784 0.602338
0.1785 0.602748
0.1786 0.602736
0.1787 0.603334
0.1788 0.603511
0.1789 0.60397
0.179 0.604365
0.1791 0.604433
0.1792 0.604788
0.1793 0.604916
0.1794 0.605206
0.1795 0.605267
0.1796 0.605516
0.1797 0.606171
0.1798 0.606436
0.1799 0.606577
0.18 0.606639
0.1801 0.606939
0.1802 0.60725
0.1803 0.607616
0.1804 0.607863
0.1805 0.608401
0.1806 0.60887
0.1807 0.609587
0.1808 0.609563
0.1809 0.609889
0.181 0.61046
0.1811 0.610759
0.1812 0.611031
0.1813 0.611645
0.1814 0.61205
0.1815 0.612195
0.1816 0.612262
0.1817 0.612861
0.1818 0.612877
0.1819 0.613109
0.182 0.613586
0.1821 0.614096
0.1822 0.614929
0.1823 0.615415
0.1824 0.615531
0.1825 0.615936
0.1826 0.616195
0.1827 0.616565
0.1828 0.616631
0.1829 0.616546
0.183 0.616846
0.1831 0.617132
0.1832 0.617379
0.1833 0.617839
0.1834 0.61797
0.1835 0.618137
0.1836 0.618537
0.1837 0.619372
0.1838 0.619701
0.1839 0.619901
0.184 0.620053
0.1841 0.62052
0.1842 0.620951
0.1843 0.620813
0.1844 0.621031
0.1845 0.621674
0.1846 0.621974
0.1847 0.622584
0.1848 0.623038
0.1849 0.623427
0.185 0.624101
0.1851 0.623883
0.1852 0.624526
0.1853 0.62491
0.1854 0.625256
0.1855 0.625806
0.1856 0.626176
0.1857 0.626612
0.1858 0.62699
0.1859 0.627219
0.186 0.627342
0.1861 0.627513
0.1862 0.627501
0.1863 0.62808
0.1864 0.628926
0.1865 0.629234
0.1866 0.629695
0.1867 0.630116
0.1868 0.630378
0.1869 0.630795
0.187 0.631145
0.1871 0.631243
0.1872 0.631514
0.1873 0.631731
0.1874 0.632272
0.1875 0.632727
0.1876 0.633153
0.1877 0.633777
0.1878 0.634228
0.1879 0.634903
0.188 0.635402
0.1881 0.635916
0.1882 0.636961
0.1883 0.637376
0.1884 0.637451
0.1885 0.637657
0.1886 0.637893
0.1887 0.638011
0.1888 0.63793
0.1889 0.638094
0.189 0.638456
0.1891 0.638591
0.1892 0.638954
0.1893 0.639547
0.1894 0.639578
0.1895 0.639856
0.1896 0.640101
0.1897 0.640522
0.1898 0.641128
0.1899 0.641744
0.19 0.6424
0.1901 0.642726
0.1902 0.643335
0.1903 0.643955
0.1904 0.64442
0.1905 0.644889
0.1906 0.645016
0.1907 0.645528
0.1908 0.645462
0.1909 0.645665
0.191 0.645931
0.1911 0.646222
0.1912 0.646987
0.1913 0.647135
0.1914 0.647367
0.1915 0.647285
0.1916 0.64755
0.1917 0.647525
0.1918 0.64778
0.1919 0.648154
0.192 0.648411
0.1921 0.649093
0.1922 0.649357
0.1923 0.649976
0.1924 0.650099
0.1925 0.64971
0.1926 0.650175
0.1927 0.649924
0.1928 0.649985
0.1929 0.65031
0.193 0.650582
0.1931 0.650917
0.1932 0.651132
0.1933 0.651365
0.1934 0.652068
0.1935 0.652109
0.1936 0.652376
0.1937 0.652707
0.1938 0.65294
0.1939 0.653123
0.194 0.653545
0.1941 0.654245
0.1942 0.654483
0.1943 0.654451
0.1944 0.655093
0.1945 0.655168
0.1946 0.655366
0.1947 0.655743
0.1948 0.656211
0.1949 0.656916
0.195 0.657229
0.1951 0.657627
0.1952 0.657755
0.1953 0.658238
0.1954 0.658574
0.1955 0.659037
0.1956 0.659573
0.1957 0.659983
0.1958 0.660176
0.1959 0.660511
0.196 0.661025
0.1961 0.66113
0.1962 0.661499
0.1963 0.661493
0.1964 0.661752
0.1965 0.662436
0.1966 0.663048
0.1967 0.663485
0.1968 0.663729
0.1969 0.664307
0.197 0.664691
0.1971 0.665165
0.1972 0.665812
0.1973 0.666233
0.1974 0.667022
0.1975 0.667538
0.1976 0.668281
0.1977 0.668808
0.1978 0.668935
0.1979 0.66921
0.198 0.669576
0.1981 0.669922
0.1982 0.670376
0.1983 0.670674
0.1984 0.670683
0.1985 0.670924
0.1986 0.671164
0.1987 0.671768
0.1988 0.671819
0.1989 0.672042
0.199 0.672614
0.1991 0.673138
0.1992 0.673499
0.1993 0.673819
0.1994 0.673898
0.1995 0.674158
0.1996 0.67425
0.1997 0.674668
0.1998 0.675263
0.1999 0.675506
0.2 0.675934
0.2001 0.676076
0.2002 0.676772
0.2003 0.676961
0.2004 0.677025
0.2005 0.677733
0.2006 0.677537
0.2007 0.677742
0.2008 0.678373
0.2009 0.67856
0.201 0.678641
0.2011 0.678293
0.2012 0.678727
0.2013 0.679109
0.2014 0.679203
0.2015 0.679429
0.2016 0.679902
0.2017 0.679948
0.2018 0.680348
0.2019 0.680757
0.202 0.681286
0.2021 0.681237
0.2022 0.681847
0.2023 0.682204
0.2024 0.682306
0.2025 0.682822
0.2026 0.683556
0.2027 0.68394
0.2028 0.684128
0.2029 0.684813
0.203 0.684909
0.2031 0.684983
0.2032 0.685353
0.2033 0.685608
0.2034 0.686142
0.2035 0.686336
0.2036 0.686309
0.2037 0.686826
0.2038 0.687201
0.2039 0.687664
0.204 0.688275
0.2041 0.688623
0.2042 0.68864
0.2043 0.688966
0.2044 0.689056
0.2045 0.689239
0.2046 0.689823
0.2047 0.689831
0.2048 0.690473
0.2049 0.690671
0.205 0.691557
0.2051 0.691912
0.2052 0.692539
0.2053 0.69261
0.2054 0.692842
0.2055 0.692878
0.2056 0.692792
0.2057 0.69273
0.2058 0.69308
0.2059 0.693106
0.206 0.693077
0.2061 0.693472
0.2062 0.693657
0.2063 0.694257
