0 0
0.0001 0.000398926
0.0002 0.000806407
0.0003 0.00119828
0.0004 0.0016072
0.0005 0.0020134
0.0006 0.00240519
0.0007 0.00279793
0.0008 0.00317913
0.0009 0.00357825
0.001 0.00399392
0.0011 0.00441098
0.0012 0.00476415
0.0013 0.00517488
0.0014 0.00556842
0.0015 0.00595622
0.0016 0.00635536
0.0017 0.00675784
0.0018 0.00717249
0.0019 0.00758524
0.002 0.00800545
0.0021 0.00842745
0.0022 0.00880128
0.0023 0.00920639
0.0024 0.00963953
0.0025 0.0100302
0.0026 0.0104927
0.0027 0.0108924
0.0028 0.0112833
0.0029 0.0116453
0.003 0.0119963
0.0031 0.0124294
0.0032 0.0128453
0.0033 0.0133018
0.0034 0.0136967
0.0035 0.0140764
0.0036 0.0144491
0.0037 0.0148959
0.0038 0.0153104
0.0039 0.0157187
0.004 0.0161252
0.0041 0.0165481
0.0042 0.0170375
0.0043 0.0174087
0.0044 0.0178627
0.0045 0.018259
0.0046 0.0185655
0.0047 0.0190669
0.0048 0.0194521
0.0049 0.0198235
0.005 0.0202298
0.0051 0.0206106
0.0052 0.0209603
0.0053 0.0213736
0.0054 0.0217771
0.0055 0.0221692
0.0056 0.0225414
0.0057 0.0229602
0.0058 0.0234166
0.0059 0.0237552
0.006 0.0241764
0.0061 0.0245976
0.0062 0.0250506
0.0063 0.0254097
0.0064 0.0258834
0.0065 0.0262659
0.0066 0.0265616
0.0067 0.0269184
0.0068 0.0273686
0.0069 0.0278186
0.007 0.0282624
0.0071 0.0286946
0.0072 0.0291265
0.0073 0.0294743
0.0074 0.0299117
0.0075 0.0303369
0.0076 0.03071
0.0077 0.0311538
0.0078 0.0315806
0.0079 0.0319987
0.008 0.0324133
0.0081 0.0326612
0.0082 0.0330649
0.0083 0.0334173
0.0084 0.0338188
0.0085 0.0342099
0.0086 0.0345323
0.0087 0.0347801
0.0088 0.0352193
0.0089 0.0357535
0.009 0.0361449
0.0091 0.03659
0.0092 0.0369959
0.0093 0.0374295
0.0094 0.0377725
0.0095 0.0382554
0.0096 0.0387725
0.0097 0.0391447
0.0098 0.0395803
0.0099 0.0399402
0.01 0.0402738
0.0101 0.0406077
0.0102 0.0410046
0.0103 0.0413596
0.0104 0.0416817
0.0105 0.0420769
0.0106 0.0424583
0.0107 0.0428847
0.0108 0.0432334
0.0109 0.0436124
0.011 0.0439689
0.0111 0.044281
0.0112 0.0446661
0.0113 0.0450645
0.0114 0.0454042
0.0115 0.0457778
0.0116 0.0461836
0.0117 0.046526
0.0118 0.0471539
0.0119 0.0475653
0.012 0.0478968
0.0121 0.048311
0.0122 0.048648
0.0123 0.0491023
0.0124 0.0494789
0.0125 0.049837
0.0126 0.0503503
0.0127 0.0507689
0.0128 0.0512231
0.0129 0.0516599
0.013 0.0520729
0.0131 0.0524992
0.0132 0.052875
0.0133 0.0531737
0.0134 0.0535456
0.0135 0.0539027
0.0136 0.0542548
0.0137 0.0545636
0.0138 0.0549052
0.0139 0.055324
0.014 0.0557625
0.0141 0.0561792
0.0142 0.0566549
0.0143 0.0571825
0.0144 0.0575274
0.0145 0.057899
0.0146 0.0581906
0.0147 0.0586738
0.0148 0.0590376
0.0149 0.0593299
0.015 0.059723
0.0151 0.0601211
0.0152 0.0605378
0.0153 0.0609314
0.0154 0.0612475
0.0155 0.0616309
0.0156 0.0620509
0.0157 0.0624606
0.0158 0.0629276
0.0159 0.063342
0.016 0.06366
0.0161 0.0640664
0.0162 0.0645106
0.0163 0.0648402
0.0164 0.0652821
0.0165 0.0655804
0.0166 0.0659735
0.0167 0.0662611
0.0168 0.0666791
0.0169 0.0669319
0.017 0.0672664
0.0171 0.0676233
0.0172 0.0679601
0.0173 0.0683949
0.0174 0.0688658
0.0175 0.0691982
0.0176 0.0696453
0.0177 0.0699731
0.0178 0.0704186
0.0179 0.0708642
0.018 0.0711554
0.0181 0.0715135
0.0182 0.0718884
0.0183 0.0723347
0.0184 0.0727408
0.0185 0.0730172
0.0186 0.0734481
0.0187 0.0738661
0.0188 0.074276
0.0189 0.0746769
0.019 0.0748689
0.0191 0.0753149
0.0192 0.07573
0.0193 0.0760191
0.0194 0.0763487
0.0195 0.0767284
0.0196 0.0770959
0.0197 0.077434
0.0198 0.0777733
0.0199 0.0781099
0.02 0.0784939
0.0201 0.0787308
0.0202 0.0791184
0.0203 0.0794846
0.0204 0.0799071
0.0205 0.0802595
0.0206 0.0806676
0.0207 0.0811663
0.0208 0.0817051
0.0209 0.0820305
0.021 0.0823187
0.0211 0.0827096
0.0212 0.0831412
0.0213 0.083522
0.0214 0.0840209
0.0215 0.0844763
0.0216 0.0850286
0.0217 0.0854659
0.0218 0.0858147
0.0219 0.0862212
0.022 0.0865811
0.0221 0.0870202
0.0222 0.0873897
0.0223 0.0879143
0.0224 0.0884915
0.0225 0.0888184
0.0226 0.0892632
0.0227 0.0895947
0.0228 0.0899053
0.0229 0.0901774
0.023 0.0905881
0.0231 0.0908959
0.0232 0.0913162
0.0233 0.0916752
0.0234 0.0920527
0.0235 0.0925604
0.0236 0.0929279
0.0237 0.0932424
0.0238 0.0936631
0.0239 0.0939599
0.024 0.094495
0.0241 0.0949942
0.0242 0.095435
0.0243 0.0955983
0.0244 0.0958508
0.0245 0.096252
0.0246 0.0966301
0.0247 0.0970184
0.0248 0.0974182
0.0249 0.0977672
0.025 0.0982412
0.0251 0.0986617
0.0252 0.0992157
0.0253 0.0995569
0.0254 0.100008
0.0255 0.100242
0.0256 0.100541
0.0257 0.100805
0.0258 0.101177
0.0259 0.101547
0.026 0.101788
0.0261 0.10215
0.0262 0.102417
0.0263 0.102648
0.0264 0.103042
0.0265 0.103478
0.0266 0.103846
0.0267 0.104339
0.0268 0.104896
0.0269 0.105312
0.027 0.105759
0.0271 0.106142
0.0272 0.10642
0.0273 0.106877
0.0274 0.107141
0.0275 0.107496
0.0276 0.10789
0.0277 0.108307
0.0278 0.108512
0.0279 0.108837
0.028 0.10932
0.0281 0.10965
0.0282 0.10997
0.0283 0.110215
0.0284 0.110698
0.0285 0.111112
0.0286 0.111429
0.0287 0.11178
0.0288 0.112222
0.0289 0.11259
0.029 0.112975
0.0291 0.113472
0.0292 0.11383
0.0293 0.11426
0.0294 0.11463
0.0295 0.11499
0.0296 0.115252
0.0297 0.11546
0.0298 0.115772
0.0299 0.116234
0.03 0.116569
0.0301 0.116805
0.0302 0.117063
0.0303 0.117303
0.0304 0.117755
0.0305 0.118049
0.0306 0.118336
0.0307 0.118831
0.0308 0.119216
0.0309 0.119644
0.031 0.120135
0.0311 0.12046
0.0312 0.120775
0.0313 0.121119
0.0314 0.121532
0.0315 0.121941
0.0316 0.122309
0.0317 0.122599
0.0318 0.123095
0.0319 0.123399
0.032 0.123773
0.0321 0.124222
0.0322 0.124462
0.0323 0.124844
0.0324 0.125093
0.0325 0.125435
0.0326 0.126065
0.0327 0.126462
0.0328 0.126755
0.0329 0.127112
0.033 0.127474
0.0331 0.127875
0.0332 0.128199
0.0333 0.128483
0.0334 0.128838
0.0335 0.129205
0.0336 0.129547
0.0337 0.129917
0.0338 0.130138
0.0339 0.130421
0.034 0.130724
0.0341 0.131106
0.0342 0.131417
0.0343 0.131712
0.0344 0.132158
0.0345 0.132347
0.0346 0.132834
0.0347 0.13328
0.0348 0.133721
0.0349 0.134225
0.035 0.134619
0.0351 0.134876
0.0352 0.135223
0.0353 0.135698
0.0354 0.136177
0.0355 0.136632
0.0356 0.136832
0.0357 0.137185
0.0358 0.137526
0.0359 0.137904
0.036 0.138202
0.0361 0.138448
0.0362 0.138852
0.0363 0.139083
0.0364 0.139413
0.0365 0.139761
0.0366 0.140069
0.0367 0.140473
0.0368 0.140896
0.0369 0.141096
0.037 0.141529
0.0371 0.141918
0.0372 0.142175
0.0373 0.142434
0.0374 0.142714
0.0375 0.142924
0.0376 0.143383
0.0377 0.143681
0.0378 0.14414
0.0379 0.144544
0.038 0.14489
0.0381 0.145235
0.0382 0.14541
0.0383 0.145722
0.0384 0.145917
0.0385 0.146296
0.0386 0.146585
0.0387 0.147183
0.0388 0.147491
0.0389 0.147789
0.039 0.148129
0.0391 0.148554
0.0392 0.148804
0.0393 0.149137
0.0394 0.149693
0.0395 0.150013
0.0396 0.15038
0.0397 0.150692
0.0398 0.151033
0.0399 0.151289
0.04 0.151679
0.0401 0.151968
0.0402 0.152321
0.0403 0.152597
0.0404 0.152984
0.0405 0.15335
0.0406 0.1537
0.0407 0.154054
0.0408 0.154536
0.0409 0.154785
0.041 0.155256
0.0411 0.155474
0.0412 0.155647
0.0413 0.155986
0.0414 0.156357
0.0415 0.156745
0.0416 0.157016
0.0417 0.157312
0.0418 0.157612
0.0419 0.158139
0.042 0.158484
0.0421 0.158812
0.0422 0.159196
0.0423 0.15976
0.0424 0.160261
0.0425 0.160652
0.0426 0.161012
0.0427 0.161174
0.0428 0.161748
0.0429 0.161991
0.043 0.16222
0.0431 0.16266
0.0432 0.163092
0.0433 0.163233
0.0434 0.163422
0.0435 0.163803
0.0436 0.16411
0.0437 0.164626
0.0438 0.165141
0.0439 0.165435
0.044 0.165685
0.0441 0.166114
0.0442 0.166451
0.0443 0.16702
0.0444 0.167243
0.0445 0.167747
0.0446 0.168164
0.0447 0.16838
0.0448 0.168624
0.0449 0.169035
0.045 0.169362
0.0451 0.169704
0.0452 0.169849
0.0453 0.170262
0.0454 0.170574
0.0455 0.170998
0.0456 0.171442
0.0457 0.171692
0.0458 0.171975
0.0459 0.1724
0.046 0.172743
0.0461 0.173109
0.0462 0.173435
0.0463 0.173752
0.0464 0.174188
0.0465 0.174823
0.0466 0.175143
0.0467 0.175654
0.0468 0.175899
0.0469 0.176136
0.047 0.176557
0.0471 0.176926
0.0472 0.177254
0.0473 0.177673
0.0474 0.178178
0.0475 0.178616
0.0476 0.178992
0.0477 0.179322
0.0478 0.179659
0.0479 0.180127
0.048 0.180372
0.0481 0.18067
0.0482 0.180936
0.0483 0.181205
0.0484 0.181585
0.0485 0.181822
0.0486 0.182168
0.0487 0.182586
0.0488 0.182906
0.0489 0.183077
0.049 0.183444
0.0491 0.183766
0.0492 0.184284
0.0493 0.184593
0.0494 0.185063
0.0495 0.185188
0.0496 0.185749
0.0497 0.186091
0.0498 0.186488
0.0499 0.186767
0.05 0.187117
0.0501 0.187563
0.0502 0.188117
0.0503 0.188311
0.0504 0.188485
0.0505 0.189016
0.0506 0.189465
0.0507 0.189622
0.0508 0.190093
0.0509 0.190488
0.051 0.190857
0.0511 0.191396
0.0512 0.191678
0.0513 0.192082
0.0514 0.192443
0.0515 0.192746
0.0516 0.193308
0.0517 0.193706
0.0518 0.194027
0.0519 0.194154
0.052 0.194592
0.0521 0.195024
0.0522 0.195382
0.0523 0.195866
0.0524 0.19625
0.0525 0.196496
0.0526 0.196601
0.0527 0.197027
0.0528 0.197439
0.0529 0.19789
0.053 0.198259
0.0531 0.198522
0.0532 0.198839
0.0533 0.199011
0.0534 0.199252
0.0535 0.199788
0.0536 0.199947
0.0537 0.200252
0.0538 0.200545
0.0539 0.200972
0.054 0.201139
0.0541 0.201422
0.0542 0.202099
0.0543 0.202355
0.0544 0.202804
0.0545 0.203274
0.0546 0.203587
0.0547 0.203904
0.0548 0.204294
0.0549 0.204608
0.055 0.204932
0.0551 0.205257
0.0552 0.205377
0.0553 0.205893
0.0554 0.206238
0.0555 0.20646
0.0556 0.207057
0.0557 0.207398
0.0558 0.208023
0.0559 0.208396
0.056 0.208718
0.0561 0.209036
0.0562 0.209389
0.0563 0.20959
0.0564 0.210115
0.0565 0.21042
0.0566 0.210743
0.0567 0.210767
0.0568 0.211102
0.0569 0.211663
0.057 0.212148
0.0571 0.212499
0.0572 0.212856
0.0573 0.213317
0.0574 0.213572
0.0575 0.214084
0.0576 0.214176
0.0577 0.214799
0.0578 0.215344
0.0579 0.215822
0.058 0.216121
0.0581 0.2166
0.0582 0.216965
0.0583 0.21741
0.0584 0.21777
0.0585 0.217977
0.0586 0.218255
0.0587 0.218409
0.0588 0.218648
0.0589 0.218891
0.059 0.219334
0.0591 0.219562
0.0592 0.219826
0.0593 0.22023
0.0594 0.22057
0.0595 0.220884
0.0596 0.221231
0.0597 0.221437
0.0598 0.221695
0.0599 0.22203
0.06 0.222416
0.0601 0.222753
0.0602 0.223042
0.0603 0.223648
0.0604 0.224015
0.0605 0.224551
0.0606 0.224884
0.0607 0.225108
0.0608 0.225324
0.0609 0.225669
0.061 0.226098
0.0611 0.226326
0.0612 0.22657
0.0613 0.226906
0.0614 0.227066
0.0615 0.22745
0.0616 0.227647
0.0617 0.228011
0.0618 0.228398
0.0619 0.228721
0.062 0.22911
0.0621 0.229462
0.0622 0.229703
0.0623 0.229993
0.0624 0.230206
0.0625 0.230602
0.0626 0.230965
0.0627 0.231479
0.0628 0.231695
0.0629 0.231901
0.063 0.232304
0.0631 0.232804
0.0632 0.232916
0.0633 0.233133
0.0634 0.233312
0.0635 0.233689
0.0636 0.234179
0.0637 0.234553
0.0638 0.234929
0.0639 0.235004
0.064 0.235343
0.0641 0.235551
0.0642 0.235722
0.0643 0.235836
0.0644 0.235883
0.0645 0.236272
0.0646 0.236532
0.0647 0.23709
0.0648 0.237357
0.0649 0.237521
0.065 0.237892
0.0651 0.238334
0.0652 0.238692
0.0653 0.239068
0.0654 0.239513
0.0655 0.240068
0.0656 0.240439
0.0657 0.240731
0.0658 0.241126
0.0659 0.241451
0.066 0.241904
0.0661 0.242244
0.0662 0.242406
0.0663 0.242791
0.0664 0.243295
0.0665 0.243686
0.0666 0.244028
0.0667 0.244364
0.0668 0.244968
0.0669 0.245298
0.067 0.245424
0.0671 0.245673
0.0672 0.245996
0.0673 0.246327
0.0674 0.246697
0.0675 0.247097
0.0676 0.247406
0.0677 0.247572
0.0678 0.247843
0.0679 0.248394
0.068 0.248579
0.0681 0.248873
0.0682 0.249175
0.0683 0.249498
0.0684 0.249836
0.0685 0.250297
0.0686 0.25062
0.0687 0.251019
0.0688 0.251303
0.0689 0.251796
0.069 0.252009
0.0691 0.252537
0.0692 0.253112
0.0693 0.253324
0.0694 0.253706
0.0695 0.253917
0.0696 0.254605
0.0697 0.254704
0.0698 0.255296
0.0699 0.255644
0.07 0.255988
0.0701 0.256326
0.0702 0.256671
0.0703 0.256945
0.0704 0.257256
0.0705 0.257409
0.0706 0.257454
0.0707 0.257697
0.0708 0.258082
0.0709 0.258662
0.071 0.258946
0.0711 0.25931
0.0712 0.259483
0.0713 0.259785
0.0714 0.259967
0.0715 0.260071
0.0716 0.260306
0.0717 0.260717
0.0718 0.260929
0.0719 0.261233
0.072 0.261594
0.0721 0.261742
0.0722 0.26206
0.0723 0.262426
0.0724 0.263004
0.0725 0.263299
0.0726 0.263577
0.0727 0.264099
0.0728 0.26432
0.0729 0.264716
0.073 0.265079
0.0731 0.265414
0.0732 0.265791
0.0733 0.266401
0.0734 0.266841
0.0735 0.267235
0.0736 0.267461
0.0737 0.26764
0.0738 0.267813
0.0739 0.268411
0.074 0.268792
0.0741 0.26916
0.0742 0.269417
0.0743 0.269744
0.0744 0.270024
0.0745 0.27034
0.0746 0.270814
0.0747 0.271277
0.0748 0.271625
0.0749 0.271787
0.075 0.271785
0.0751 0.272162
0.0752 0.272511
0.0753 0.272878
0.0754 0.273234
0.0755 0.273315
0.0756 0.27349
0.0757 0.273839
0.0758 0.274261
0.0759 0.27462
0.076 0.274871
0.0761 0.275413
0.0762 0.275794
0.0763 0.275959
0.0764 0.276182
0.0765 0.276514
0.0766 0.276751
0.0767 0.277259
0.0768 0.277533
0.0769 0.277866
0.077 0.278302
0.0771 0.278508
0.0772 0.278799
0.0773 0.279051
0.0774 0.279589
0.0775 0.279663
0.0776 0.279975
0.0777 0.280212
0.0778 0.280389
0.0779 0.280486
0.078 0.280881
0.0781 0.281055
0.0782 0.281249
0.0783 0.281398
0.0784 0.28187
0.0785 0.282139
0.0786 0.282468
0.0787 0.282842
0.0788 0.283147
0.0789 0.283618
0.079 0.283691
0.0791 0.284142
0.0792 0.284499
0.0793 0.28455
0.0794 0.284979
0.0795 0.285486
0.0796 0.285822
0.0797 0.28622
0.0798 0.286441
0.0799 0.286814
0.08 0.287316
0.0801 0.287522
0.0802 0.287858
0.0803 0.28831
0.0804 0.288431
0.0805 0.288919
0.0806 0.289145
0.0807 0.289536
0.0808 0.289998
0.0809 0.290255
0.081 0.290734
0.0811 0.291041
0.0812 0.291361
0.0813 0.291865
0.0814 0.292285
0.0815 0.292439
0.0816 0.292858
0.0817 0.293312
0.0818 0.293893
0.0819 0.293832
0.082 0.29418
0.0821 0.294178
0.0822 0.294354
0.0823 0.294708
0.0824 0.294797
0.0825 0.2951
0.0826 0.295304
0.0827 0.295677
0.0828 0.296173
0.0829 0.296467
0.083 0.296865
0.0831 0.297237
0.0832 0.297447
0.0833 0.297463
0.0834 0.297694
0.0835 0.298115
0.0836 0.298577
0.0837 0.298917
0.0838 0.299208
0.0839 0.299185
0.084 0.299745
0.0841 0.300085
0.0842 0.300541
0.0843 0.300935
0.0844 0.301063
0.0845 0.301553
0.0846 0.30173
0.0847 0.301881
0.0848 0.302124
0.0849 0.302551
0.085 0.30298
0.0851 0.303188
0.0852 0.303795
0.0853 0.303917
0.0854 0.303865
0.0855 0.304159
0.0856 0.304515
0.0857 0.304959
0.0858 0.305038
0.0859 0.305184
0.086 0.305359
0.0861 0.305657
0.0862 0.306136
0.0863 0.306454
0.0864 0.306732
0.0865 0.306559
0.0866 0.306793
0.0867 0.306835
0.0868 0.306868
0.0869 0.307207
0.087 0.307492
0.0871 0.307695
0.0872 0.307824
0.0873 0.308071
0.0874 0.30855
0.0875 0.308859
0.0876 0.309115
0.0877 0.309465
0.0878 0.309649
0.0879 0.30988
0.088 0.310469
0.0881 0.310767
0.0882 0.311015
0.0883 0.311523
0.0884 0.311962
0.0885 0.312148
0.0886 0.312381
0.0887 0.31274
0.0888 0.31275
0.0889 0.313158
0.089 0.313206
0.0891 0.31346
0.0892 0.313544
0.0893 0.314128
0.0894 0.314248
0.0895 0.31477
0.0896 0.315245
0.0897 0.31565
0.0898 0.315909
0.0899 0.316162
0.09 0.316347
0.0901 0.316517
0.0902 0.316728
0.0903 0.316771
0.0904 0.317121
0.0905 0.317376
0.0906 0.317555
0.0907 0.317743
0.0908 0.318115
0.0909 0.318473
0.091 0.319043
0.0911 0.319479
0.0912 0.319667
0.0913 0.31984
0.0914 0.319854
0.0915 0.320478
0.0916 0.320887
0.0917 0.321206
0.0918 0.321862
0.0919 0.322319
0.092 0.322794
0.0921 0.323195
0.0922 0.323445
0.0923 0.323393
0.0924 0.323742
0.0925 0.32411
0.0926 0.324404
0.0927 0.32457
0.0928 0.324857
0.0929 0.324963
0.093 0.325297
0.0931 0.325483
0.0932 0.326043
0.0933 0.326335
0.0934 0.32668
0.0935 0.326964
0.0936 0.327185
0.0937 0.327657
0.0938 0.327877
0.0939 0.328495
0.094 0.328769
0.0941 0.329041
0.0942 0.329463
0.0943 0.32975
0.0944 0.330164
0.0945 0.330402
0.0946 0.330683
0.0947 0.330956
0.0948 0.331061
0.0949 0.331228
0.095 0.331546
0.0951 0.331895
0.0952 0.332031
0.0953 0.332369
0.0954 0.332714
0.0955 0.333417
0.0956 0.333521
0.0957 0.333571
0.0958 0.334055
0.0959 0.334213
0.096 0.334456
0.0961 0.334693
0.0962 0.335073
0.0963 0.33505
0.0964 0.335186
0.0965 0.335706
0.0966 0.33608
0.0967 0.336474
0.0968 0.337015
0.0969 0.337646
0.097 0.338059
0.0971 0.338556
0.0972 0.338746
0.0973 0.339271
0.0974 0.339874
0.0975 0.339893
0.0976 0.340477
0.0977 0.340927
0.0978 0.341237
0.0979 0.341398
0.098 0.341573
0.0981 0.34198
0.0982 0.342464
0.0983 0.342918
0.0984 0.343043
0.0985 0.343403
0.0986 0.343833
0.0987 0.344024
0.0988 0.344097
0.0989 0.344357
0.099 0.344924
0.0991 0.345296
0.0992 0.345531
0.0993 0.345808
0.0994 0.346032
0.0995 0.346312
0.0996 0.346764
0.0997 0.347059
0.0998 0.347221
0.0999 0.347358
0.1 0.347671
0.1001 0.348212
0.1002 0.348832
0.1003 0.34939
0.1004 0.349695
0.1005 0.349894
0.1006 0.350245
0.1007 0.350881
0.1008 0.35118
0.1009 0.351549
0.101 0.351721
0.1011 0.351882
0.1012 0.352056
0.1013 0.352384
0.1014 0.352799
0.1015 0.353357
0.1016 0.353694
0.1017 0.354067
0.1018 0.354257
0.1019 0.354699
0.102 0.355149
0.1021 0.355479
0.1022 0.355743
0.1023 0.356127
0.1024 0.356976
0.1025 0.357582
0.1026 0.357935
0.1027 0.358265
0.1028 0.358604
0.1029 0.359059
0.103 0.359112
0.1031 0.359754
0.1032 0.360062
0.1033 0.360346
0.1034 0.360962
0.1035 0.361318
0.1036 0.361685
0.1037 0.362048
0.1038 0.362482
0.1039 0.362686
0.104 0.363037
0.1041 0.363307
0.1042 0.363654
0.1043 0.363963
0.1044 0.364094
0.1045 0.364488
0.1046 0.364738
0.1047 0.365179
0.1048 0.365627
0.1049 0.365692
0.105 0.366215
0.1051 0.366519
0.1052 0.367055
0.1053 0.36753
0.1054 0.367732
0.1055 0.367939
0.1056 0.368153
0.1057 0.368464
0.1058 0.368718
0.1059 0.369009
0.106 0.369071
0.1061 0.369465
0.1062 0.369564
0.1063 0.369817
0.1064 0.370003
0.1065 0.370201
0.1066 0.370518
0.1067 0.370597
0.1068 0.370485
0.1069 0.370513
0.107 0.370965
0.1071 0.371245
0.1072 0.371445
0.1073 0.372046
0.1074 0.372356
0.1075 0.372721
0.1076 0.373119
0.1077 0.373532
0.1078 0.374197
0.1079 0.374612
0.108 0.375304
0.1081 0.375727
0.1082 0.376038
0.1083 0.376127
0.1084 0.376334
0.1085 0.37686
0.1086 0.377101
0.1087 0.3775
0.1088 0.378095
0.1089 0.378489
0.109 0.378896
0.1091 0.379392
0.1092 0.379597
0.1093 0.379766
0.1094 0.380273
0.1095 0.380537
0.1096 0.380912
0.1097 0.381151
0.1098 0.381442
0.1099 0.382167
0.11 0.382225
0.1101 0.382201
0.1102 0.38258
0.1103 0.38281
0.1104 0.382984
0.1105 0.382923
0.1106 0.383413
0.1107 0.383491
0.1108 0.383703
0.1109 0.384226
0.111 0.384482
0.1111 0.384742
0.1112 0.385056
0.1113 0.385318
0.1114 0.385773
0.1115 0.38597
0.1116 0.386469
0.1117 0.386828
0.1118 0.387111
0.1119 0.387382
0.112 0.387841
0.1121 0.388055
0.1122 0.388382
0.1123 0.388784
0.1124 0.389044
0.1125 0.389477
0.1126 0.389799
0.1127 0.389898
0.1128 0.39021
0.1129 0.390662
0.113 0.39071
0.1131 0.39099
0.1132 0.391207
0.1133 0.391723
0.1134 0.392281
0.1135 0.392846
0.1136 0.393461
0.1137 0.39386
0.1138 0.394259
0.1139 0.394382
0.114 0.395078
0.1141 0.395438
0.1142 0.395617
0.1143 0.396146
0.1144 0.396677
0.1145 0.397071
0.1146 0.397086
0.1147 0.397486
0.1148 0.397875
0.1149 0.39833
0.115 0.398639
0.1151 0.398876
0.1152 0.39909
0.1153 0.399329
0.1154 0.399523
0.1155 0.39988
0.1156 0.400259
0.1157 0.400706
0.1158 0.401064
0.1159 0.401366
0.116 0.401656
0.1161 0.401851
0.1162 0.402415
0.1163 0.40258
0.1164 0.403
0.1165 0.403169
0.1166 0.403427
0.1167 0.403583
0.1168 0.40405
0.1169 0.404262
0.117 0.404524
0.1171 0.405204
0.1172 0.405372
0.1173 0.405674
0.1174 0.406116
0.1175 0.406331
0.1176 0.406333
0.1177 0.406571
0.1178 0.406915
0.1179 0.407083
0.118 0.407608
0.1181 0.407721
0.1182 0.40776
0.1183 0.408096
0.1184 0.408509
0.1185 0.408768
0.1186 0.409213
0.1187 0.409682
0.1188 0.4102
0.1189 0.410553
0.119 0.41097
0.1191 0.411036
0.1192 0.411525
0.1193 0.411796
0.1194 0.412228
0.1195 0.412603
0.1196 0.413089
0.1197 0.413412
0.1198 0.413662
0.1199 0.413901
0.12 0.414511
0.1201 0.414452
0.1202 0.414704
0.1203 0.415093
0.1204 0.415523
0.1205 0.415688
0.1206 0.415706
0.1207 0.415901
0.1208 0.416573
0.1209 0.416941
0.121 0.417217
0.1211 0.417772
0.1212 0.417963
0.1213 0.41853
0.1214 0.418987
0.1215 0.419248
0.1216 0.41974
0.1217 0.419996
0.1218 0.42042
0.1219 0.420553
0.122 0.420357
0.1221 0.42077
0.1222 0.42115
0.1223 0.421366
0.1224 0.421559
0.1225 0.42167
0.1226 0.421793
0.1227 0.422109
0.1228 0.422519
0.1229 0.422459
0.123 0.422785
0.1231 0.422733
0.1232 0.423147
0.1233 0.42368
0.1234 0.423704
0.1235 0.42395
0.1236 0.424321
0.1237 0.424828
0.1238 0.425111
0.1239 0.425594
0.124 0.42594
0.1241 0.426034
0.1242 0.426435
0.1243 0.42665
0.1244 0.42684
0.1245 0.427241
0.1246 0.427308
0.1247 0.427588
0.1248 0.427996
0.1249 0.428261
0.125 0.428509
0.1251 0.428617
0.1252 0.429133
0.1253 0.429583
0.1254 0.429483
0.1255 0.429909
0.1256 0.429972
0.1257 0.430238
0.1258 0.430639
0.1259 0.430931
0.126 0.431108
0.1261 0.431383
0.1262 0.431452
0.1263 0.432031
0.1264 0.432184
0.1265 0.432701
0.1266 0.432965
0.1267 0.433151
0.1268 0.43306
0.1269 0.433597
0.127 0.434185
0.1271 0.434427
0.1272 0.43506
0.1273 0.435407
0.1274 0.435697
0.1275 0.436036
0.1276 0.436528
0.1277 0.436865
0.1278 0.436927
0.1279 0.437447
0.128 0.43762
0.1281 0.437955
0.1282 0.438375
0.1283 0.438548
0.1284 0.438646
0.1285 0.438815
0.1286 0.43913
0.1287 0.439478
0.1288 0.439527
0.1289 0.440159
0.129 0.440422
0.1291 0.440804
0.1292 0.440841
0.1293 0.44127
0.1294 0.441547
0.1295 0.441877
0.1296 0.442033
0.1297 0.442082
0.1298 0.442313
0.1299 0.442679
0.13 0.442862
0.1301 0.443147
0.1302 0.44342
0.1303 0.443366
0.1304 0.443725
0.1305 0.444192
0.1306 0.444569
0.1307 0.444574
0.1308 0.444944
0.1309 0.445323
0.131 0.445734
0.1311 0.44628
0.1312 0.44674
0.1313 0.447068
0.1314 0.447559
0.1315 0.44756
0.1316 0.447794
0.1317 0.448352
0.1318 0.448466
0.1319 0.448702
0.132 0.448895
0.1321 0.449076
0.1322 0.449213
0.1323 0.449538
0.1324 0.449897
0.1325 0.450391
0.1326 0.450856
0.1327 0.450939
0.1328 0.451119
0.1329 0.451381
0.133 0.451792
0.1331 0.452272
0.1332 0.452573
0.1333 0.452597
0.1334 0.452767
0.1335 0.453326
0.1336 0.453901
0.1337 0.454235
0.1338 0.454538
0.1339 0.455029
0.134 0.455294
0.1341 0.455924
0.1342 0.456071
0.1343 0.456479
0.1344 0.456799
0.1345 0.457427
0.1346 0.457762
0.1347 0.458097
0.1348 0.458735
0.1349 0.459287
0.135 0.459418
0.1351 0.459755
0.1352 0.460213
0.1353 0.460638
0.1354 0.461164
0.1355 0.461404
0.1356 0.461964
0.1357 0.46205
0.1358 0.462849
0.1359 0.463087
0.136 0.463662
0.1361 0.464272
0.1362 0.464265
0.1363 0.464779
0.1364 0.465198
0.1365 0.465234
0.1366 0.465467
0.1367 0.465823
0.1368 0.466212
0.1369 0.466321
0.137 0.466475
0.1371 0.466976
0.1372 0.46755
0.1373 0.467851
0.1374 0.46814
0.1375 0.4684
0.1376 0.468574
0.1377 0.468908
0.1378 0.469129
0.1379 0.46968
0.138 0.470113
0.1381 0.470734
0.1382 0.471144
0.1383 0.471422
0.1384 0.471917
0.1385 0.472285
0.1386 0.47282
0.1387 0.473245
0.1388 0.473651
0.1389 0.473899
0.139 0.474131
0.1391 0.474617
0.1392 0.474737
0.1393 0.474977
0.1394 0.475612
0.1395 0.475717
0.1396 0.475827
0.1397 0.47607
0.1398 0.476415
0.1399 0.476545
0.14 0.476819
0.1401 0.477191
0.1402 0.477497
0.1403 0.477645
0.1404 0.47782
0.1405 0.47795
0.1406 0.478171
0.1407 0.478445
0.1408 0.478524
0.1409 0.478998
0.141 0.479144
0.1411 0.479391
0.1412 0.479528
0.1413 0.480016
0.1414 0.480432
0.1415 0.481122
0.1416 0.481301
0.1417 0.48172
0.1418 0.481989
0.1419 0.482304
0.142 0.483019
0.1421 0.483318
0.1422 0.483945
0.1423 0.484163
0.1424 0.484609
0.1425 0.484808
0.1426 0.485018
0.1427 0.485552
0.1428 0.485622
0.1429 0.485962
0.143 0.486441
0.1431 0.48652
0.1432 0.48699
0.1433 0.487449
0.1434 0.487726
0.1435 0.488022
0.1436 0.488303
0.1437 0.488723
0.1438 0.488946
0.1439 0.489394
0.144 0.489419
0.1441 0.489481
0.1442 0.489939
0.1443 0.490148
0.1444 0.490382
0.1445 0.490631
0.1446 0.490765
0.1447 0.491061
0.1448 0.491441
0.1449 0.49174
0.145 0.49222
0.1451 0.492736
0.1452 0.493037
0.1453 0.493458
0.1454 0.494059
0.1455 0.494229
0.1456 0.494495
0.1457 0.49463
0.1458 0.494556
0.1459 0.49464
0.146 0.495069
0.1461 0.495599
0.1462 0.495844
0.1463 0.49611
0.1464 0.496121
0.1465 0.496572
0.1466 0.496928
0.1467 0.497233
0.1468 0.497593
0.1469 0.497733
0.147 0.497931
0.1471 0.498293
0.1472 0.498595
0.1473 0.499023
0.1474 0.499272
0.1475 0.499156
0.1476 0.499445
0.1477 0.499995
0.1478 0.500505
0.1479 0.500904
0.148 0.501464
0.1481 0.502158
0.1482 0.502486
0.1483 0.503114
0.1484 0.503686
0.1485 0.503779
0.1486 0.504001
0.1487 0.504086
0.1488 0.504623
0.1489 0.505245
0.149 0.505599
0.1491 0.505752
0.1492 0.506283
0.1493 0.506816
0.1494 0.506971
0.1495 0.507271
0.1496 0.507846
0.1497 0.508146
0.1498 0.508649
0.1499 0.508543
0.15 0.50859
0.1501 0.508923
0.1502 0.509266
0.1503 0.509833
0.1504 0.510227
0.1505 0.510264
0.1506 0.510283
0.1507 0.51075
0.1508 0.511562
0.1509 0.51197
0.151 0.512411
0.1511 0.512817
0.1512 0.513178
0.1513 0.51324
0.1514 0.51324
0.1515 0.513954
0.1516 0.514035
0.1517 0.514183
0.1518 0.514385
0.1519 0.514984
0.152 0.515301
0.1521 0.515409
0.1522 0.515952
0.1523 0.516537
0.1524 0.517263
0.1525 0.51742
0.1526 0.517921
0.1527 0.51839
0.1528 0.518673
0.1529 0.519249
0.153 0.519446
0.1531 0.519553
0.1532 0.519893
0.1533 0.51995
0.1534 0.520591
0.1535 0.520944
0.1536 0.52139
0.1537 0.52166
0.1538 0.52188
0.1539 0.521979
0.154 0.522582
0.1541 0.522923
0.1542 0.523523
0.1543 0.523744
0.1544 0.524137
0.1545 0.524726
0.1546 0.52505
0.1547 0.525157
0.1548 0.525048
0.1549 0.52543
0.155 0.525846
0.1551 0.525939
0.1552 0.526216
0.1553 0.526548
0.1554 0.527133
0.1555 0.527467
0.1556 0.527799
0.1557 0.528089
0.1558 0.52812
0.1559 0.528122
0.156 0.528162
0.1561 0.528431
0.1562 0.528864
0.1563 0.528994
0.1564 0.529251
0.1565 0.529578
0.1566 0.529634
0.1567 0.530263
0.1568 0.530201
0.1569 0.530544
0.157 0.530536
0.1571 0.530672
0.1572 0.530966
0.1573 0.531365
0.1574 0.531762
0.1575 0.531954
0.1576 0.532188
0.1577 0.532199
0.1578 0.53232
0.1579 0.532707
0.158 0.533003
0.1581 0.53351
0.1582 0.533648
0.1583 0.534176
0.1584 0.534229
0.1585 0.534869
0.1586 0.535267
0.1587 0.535238
0.1588 0.535751
0.1589 0.536061
0.159 0.536491
0.1591 0.536853
0.1592 0.537368
0.1593 0.537779
0.1594 0.538163
0.1595 0.538379
0.1596 0.538711
0.1597 0.538813
0.1598 0.538867
0.1599 0.538972
0.16 0.539442
0.1601 0.539458
0.1602 0.539705
0.1603 0.540333
0.1604 0.540753
0.1605 0.54106
0.1606 0.541263
0.1607 0.541312
0.1608 0.541611
0.1609 0.541624
0.161 0.541858
0.1611 0.541947
0.1612 0.54208
0.1613 0.542227
0.1614 0.542575
0.1615 0.543236
0.1616 0.543323
0.1617 0.543949
0.1618 0.544373
0.1619 0.544793
0.162 0.545172
0.1621 0.54529
0.1622 0.545543
0.1623 0.545962
0.1624 0.546217
0.1625 0.546431
0.1626 0.546681
0.1627 0.546761
0.1628 0.547484
0.1629 0.547646
0.163 0.547686
0.1631 0.548097
0.1632 0.548104
0.1633 0.548212
0.1634 0.548339
0.1635 0.548506
0.1636 0.548986
0.1637 0.549173
0.1638 0.549481
0.1639 0.549743
0.164 0.550079
0.1641 0.550367
0.1642 0.550318
0.1643 0.550811
0.1644 0.551331
0.1645 0.551888
0.1646 0.55259
0.1647 0.552556
0.1648 0.553055
0.1649 0.553575
0.165 0.554016
0.1651 0.554251
0.1652 0.554962
0.1653 0.555441
0.1654 0.556181
0.1655 0.556527
0.1656 0.556703
0.1657 0.557065
0.1658 0.557311
0.1659 0.557302
0.166 0.557533
0.1661 0.55793
0.1662 0.558446
0.1663 0.559209
0.1664 0.559496
0.1665 0.559746
0.1666 0.560151
0.1667 0.560538
0.1668 0.561207
0.1669 0.56138
0.167 0.56119
0.1671 0.561325
0.1672 0.561454
0.1673 0.561937
0.1674 0.561771
0.1675 0.562273
0.1676 0.562487
0.1677 0.563121
0.1678 0.563749
0.1679 0.564101
0.168 0.564364
0.1681 0.564825
0.1682 0.565161
0.1683 0.565387
0.1684 0.565888
0.1685 0.566195
0.1686 0.566495
0.1687 0.566788
0.1688 0.567257
0.1689 0.567713
0.169 0.567954
0.1691 0.568174
0.1692 0.568228
0.1693 0.568678
0.1694 0.569069
0.1695 0.569224
0.1696 0.569695
0.1697 0.569856
0.1698 0.570114
0.1699 0.570685
0.17 0.571018
0.1701 0.571345
0.1702 0.571922
0.1703 0.5722
0.1704 0.572281
0.1705 0.572588
0.1706 0.572836
0.1707 0.573154
0.1708 0.573613
0.1709 0.574203
0.171 0.574198
0.1711 0.574409
0.1712 0.574851
0.1713 0.574981
0.1714 0.575413
0.1715 0.575593
0.1716 0.575933
0.1717 0.57608
0.1718 0.576585
0.1719 0.57719
0.172 0.577259
0.1721 0.577768
0.1722 0.578447
0.1723 0.578812
0.1724 0.579512
0.1725 0.579713
0.1726 0.579707
0.1727 0.57998
0.1728 0.58038
0.1729 0.580944
0.173 0.58146
0.1731 0.581789
0.1732 0.582322
0.1733 0.582686
0.1734 0.582794
0.1735 0.583217
0.1736 0.583585
0.1737 0.583944
0.1738 0.584441
0.1739 0.584566
0.174 0.584634
0.1741 0.585102
0.1742 0.585703
0.1743 0.586488
0.1744 0.586824
0.1745 0.586986
0.1746 0.587228
0.1747 0.587543
0.1748 0.58808
0.1749 0.588617
0.175 0.58872
0.1751 0.58899
0.1752 0.589096
0.1753 0.589628
0.1754 0.589454
0.1755 0.589407
0.1756 0.589655
0.1757 0.589889
0.1758 0.590078
0.1759 0.590131
0.176 0.590114
0.1761 0.590403
0.1762 0.590805
0.1763 0.591201
0.1764 0.591176
0.1765 0.591465
0.1766 0.59192
0.1767 0.592493
0.1768 0.592461
0.1769 0.593174
0.177 0.593166
0.1771 0.593163
0.1772 0.593395
0.1773 0.593588
0.1774 0.593991
0.1775 0.594435
0.1776 0.594377
0.1777 0.594876
0.1778 0.595123
0.1779 0.595568
0.178 0.595803
0.1781 0.595752
0.1782 0.596129
0.1783 0.596942
0.1784 0.597278
0.1785 0.597465
0.1786 0.597839
0.1787 0.59841
0.1788 0.598758
0.1789 0.598912
0.179 0.599265
0.1791 0.599722
0.1792 0.599847
0.1793 0.600222
0.1794 0.600341
0.1795 0.600238
0.1796 0.600663
0.1797 0.601286
0.1798 0.60167
0.1799 0.601925
0.18 0.60225
0.1801 0.602663
0.1802 0.602832
0.1803 0.602942
0.1804 0.602972
0.1805 0.603685
0.1806 0.603861
0.1807 0.604604
0.1808 0.605308
0.1809 0.605606
0.181 0.605843
0.1811 0.606255
0.1812 0.606829
0.1813 0.607041
0.1814 0.607147
0.1815 0.607757
0.1816 0.607777
0.1817 0.608434
0.1818 0.608762
0.1819 0.609057
0.182 0.609674
0.1821 0.609747
0.1822 0.609684
0.1823 0.609862
0.1824 0.610696
0.1825 0.610529
0.1826 0.6107
0.1827 0.610853
0.1828 0.611309
0.1829 0.611531
0.183 0.61173
0.1831 0.612113
0.1832 0.611988
0.1833 0.612425
0.1834 0.612768
0.1835 0.61253
0.1836 0.612997
0.1837 0.613583
0.1838 0.614325
0.1839 0.614145
0.184 0.614668
0.1841 0.615213
0.1842 0.615286
0.1843 0.614991
0.1844 0.615094
0.1845 0.615246
0.1846 0.615394
0.1847 0.615757
0.1848 0.615864
0.1849 0.616141
0.185 0.616388
0.1851 0.616656
0.1852 0.616866
0.1853 0.617177
0.1854 0.617554
0.1855 0.617756
0.1856 0.618086
0.1857 0.618688
0.1858 0.619062
0.1859 0.619547
0.186 0.620142
0.1861 0.620114
0.1862 0.620197
0.1863 0.62025
0.1864 0.620429
0.1865 0.621014
0.1866 0.621739
0.1867 0.622512
0.1868 0.622837
0.1869 0.623189
0.187 0.623402
0.1871 0.623262
0.1872 0.622833
0.1873 0.623247
0.1874 0.623572
0.1875 0.624116
0.1876 0.624226
0.1877 0.624047
0.1878 0.62457
0.1879 0.624911
0.188 0.624961
0.1881 0.624955
0.1882 0.625078
0.1883 0.625333
0.1884 0.625371
0.1885 0.625985
0.1886 0.625868
0.1887 0.62644
0.1888 0.627073
0.1889 0.627641
0.189 0.62809
0.1891 0.628364
0.1892 0.628631
0.1893 0.629134
0.1894 0.629545
0.1895 0.629575
0.1896 0.629643
0.1897 0.630023
0.1898 0.630725
0.1899 0.631101
0.19 0.631315
0.1901 0.631732
0.1902 0.63197
0.1903 0.632069
0.1904 0.632427
0.1905 0.632947
0.1906 0.633214
0.1907 0.633367
0.1908 0.633542
0.1909 0.633802
0.191 0.63401
0.1911 0.634262
0.1912 0.634534
0.1913 0.635009
0.1914 0.635277
0.1915 0.63569
0.1916 0.636152
0.1917 0.636321
0.1918 0.636576
0.1919 0.637062
0.192 0.637151
0.1921 0.637337
0.1922 0.637737
0.1923 0.637921
0.1924 0.637739
0.1925 0.638291
0.1926 0.63861
0.1927 0.639134
0.1928 0.639185
0.1929 0.639299
0.193 0.63967
0.1931 0.640283
0.1932 0.640572
0.1933 0.641145
0.1934 0.641858
0.1935 0.642298
0.1936 0.64269
0.1937 0.642845
0.1938 0.642943
0.1939 0.643636
0.194 0.643887
0.1941 0.644205
0.1942 0.644048
0.1943 0.644466
0.1944 0.644278
0.1945 0.644547
0.1946 0.644535
0.1947 0.644892
0.1948 0.645255
0.1949 0.645491
0.195 0.645779
0.1951 0.646365
0.1952 0.646617
0.1953 0.647275
0.1954 0.647654
0.1955 0.647848
0.1956 0.648359
0.1957 0.64871
0.1958 0.648287
0.1959 0.648453
0.196 0.648628
0.1961 0.64888
0.1962 0.64879
0.1963 0.648554
0.1964 0.649037
0.1965 0.64949
0.1966 0.649577
0.1967 0.649918
0.1968 0.650128
0.1969 0.650564
0.197 0.651344
0.1971 0.651842
0.1972 0.652072
0.1973 0.652756
0.1974 0.652875
0.1975 0.652768
0.1976 0.653031
0.1977 0.653557
0.1978 0.653601
0.1979 0.653416
0.198 0.653593
0.1981 0.653967
0.1982 0.654141
0.1983 0.654017
0.1984 0.654259
0.1985 0.654485
0.1986 0.655077
0.1987 0.655527
0.1988 0.655772
0.1989 0.655916
0.199 0.656174
0.1991 0.65647
0.1992 0.657154
0.1993 0.657475
0.1994 0.657647
0.1995 0.658178
0.1996 0.658636
0.1997 0.658973
0.1998 0.659106
0.1999 0.659231
0.2 0.659214
0.2001 0.659911
0.2002 0.660043
0.2003 0.66031
0.2004 0.660554
0.2005 0.660496
0.2006 0.660877
0.2007 0.66108
0.2008 0.661262
0.2009 0.661289
0.201 0.661548
0.2011 0.662197
0.2012 0.662176
0.2013 0.662397
0.2014 0.662531
0.2015 0.662909
0.2016 0.663183
0.2017 0.663183
0.2018 0.663339
0.2019 0.663432
0.202 0.663517
0.2021 0.663649
0.2022 0.664232
0.2023 0.664231
0.2024 0.664546
0.2025 0.665048
0.2026 0.665642
0.2027 0.666045
0.2028 0.665979
0.2029 0.666429
0.203 0.66672
0.2031 0.666886
0.2032 0.66722
0.2033 0.667804
0.2034 0.667991
0.2035 0.668076
0.2036 0.668484
0.2037 0.668691
0.2038 0.669155
0.2039 0.669682
0.204 0.669769
0.2041 0.670095
0.2042 0.670049
0.2043 0.670628
0.2044 0.670416
0.2045 0.670722
0.2046 0.670582
0.2047 0.671001
0.2048 0.671645
0.2049 0.671821
0.205 0.672316
0.2051 0.672342
0.2052 0.672419
0.2053 0.672971
0.2054 0.673148
0.2055 0.67323
0.2056 0.673273
0.2057 0.673204
0.2058 0.673967
0.2059 0.674182
0.206 0.67467
0.2061 0.674633
0.2062 0.675061
0.2063 0.675584
