0 0
0.0001 0.000409218
0.0002 0.000808301
0.0003 0.00121743
0.0004 0.00161017
0.0005 0.00199318
0.0006 0.00240021
0.0007 0.00282592
0.0008 0.0032378
0.0009 0.00365562
0.001 0.00404443
0.0011 0.00442345
0.0012 0.00479885
0.0013 0.00520209
0.0014 0.005628
0.0015 0.00601502
0.0016 0.00641529
0.0017 0.00680452
0.0018 0.00721333
0.0019 0.00757977
0.002 0.00805028
0.0021 0.00844914
0.0022 0.00887261
0.0023 0.00927252
0.0024 0.00963734
0.0025 0.0100314
0.0026 0.0104647
0.0027 0.0108266
0.0028 0.0112714
0.0029 0.0117084
0.003 0.0120388
0.0031 0.0124419
0.0032 0.012812
0.0033 0.0132464
0.0034 0.0136519
0.0035 0.0140966
0.0036 0.0145198
0.0037 0.0149198
0.0038 0.0153548
0.0039 0.0157604
0.004 0.0161082
0.0041 0.0165141
0.0042 0.0169176
0.0043 0.0173578
0.0044 0.0177428
0.0045 0.0180773
0.0046 0.0184763
0.0047 0.0188221
0.0048 0.0191748
0.0049 0.0195333
0.005 0.0199097
0.0051 0.0202958
0.0052 0.0206774
0.0053 0.0211135
0.0054 0.0214452
0.0055 0.0218601
0.0056 0.0222342
0.0057 0.0225995
0.0058 0.0229698
0.0059 0.0234306
0.006 0.0237468
0.0061 0.02415
0.0062 0.0245205
0.0063 0.0249514
0.0064 0.0253346
0.0065 0.0257488
0.0066 0.0261495
0.0067 0.0265093
0.0068 0.026862
0.0069 0.0272912
0.007 0.0276646
0.0071 0.0280769
0.0072 0.0285261
0.0073 0.0288665
0.0074 0.0292513
0.0075 0.029705
0.0076 0.0300825
0.0077 0.0304482
0.0078 0.0308605
0.0079 0.0312307
0.008 0.0316995
0.0081 0.0321214
0.0082 0.0325146
0.0083 0.0328637
0.0084 0.0332094
0.0085 0.0335965
0.0086 0.0340095
0.0087 0.034401
0.0088 0.0348282
0.0089 0.0352529
0.009 0.0357037
0.0091 0.0360537
0.0092 0.0365489
0.0093 0.0370051
0.0094 0.0374163
0.0095 0.0379865
0.0096 0.0383873
0.0097 0.0387945
0.0098 0.0392382
0.0099 0.0397098
0.01 0.0401844
0.0101 0.0405923
0.0102 0.0409688
0.0103 0.0412909
0.0104 0.0417866
0.0105 0.0421269
0.0106 0.0425869
0.0107 0.0430624
0.0108 0.0434012
0.0109 0.0437853
0.011 0.0441604
0.0111 0.0445839
0.0112 0.0450265
0.0113 0.0455168
0.0114 0.045907
0.0115 0.0463348
0.0116 0.0465443
0.0117 0.0468646
0.0118 0.047287
0.0119 0.0476767
0.012 0.0480037
0.0121 0.0483873
0.0122 0.0486898
0.0123 0.0490286
0.0124 0.0494558
0.0125 0.0498247
0.0126 0.0502691
0.0127 0.0507136
0.0128 0.0511548
0.0129 0.0514187
0.013 0.0517728
0.0131 0.0522891
0.0132 0.0526994
0.0133 0.0531116
0.0134 0.0535181
0.0135 0.0539234
0.0136 0.0543048
0.0137 0.0546867
0.0138 0.0549166
0.0139 0.0553167
0.014 0.0556348
0.0141 0.0559898
0.0142 0.0565423
0.0143 0.0569547
0.0144 0.0574164
0.0145 0.0577779
0.0146 0.0581922
0.0147 0.0586687
0.0148 0.0591482
0.0149 0.0594765
0.015 0.0597522
0.0151 0.0601487
0.0152 0.0604848
0.0153 0.0608768
0.0154 0.0612977
0.0155 0.0616381
0.0156 0.062081
0.0157 0.062568
0.0158 0.0631078
0.0159 0.06348
0.016 0.0639355
0.0161 0.0644592
0.0162 0.0648893
0.0163 0.0653091
0.0164 0.0656677
0.0165 0.0660185
0.0166 0.0662993
0.0167 0.0665702
0.0168 0.0670017
0.0169 0.0675514
0.017 0.0679608
0.0171 0.0683146
0.0172 0.0687624
0.0173 0.0690385
0.0174 0.0694719
0.0175 0.0699053
0.0176 0.0703833
0.0177 0.0708453
0.0178 0.0712099
0.0179 0.0716377
0.018 0.071967
0.0181 0.0724106
0.0182 0.0727962
0.0183 0.0731033
0.0184 0.0735846
0.0185 0.0740356
0.0186 0.0744551
0.0187 0.0746073
0.0188 0.0749038
0.0189 0.075202
0.019 0.0755518
0.0191 0.0759777
0.0192 0.0762437
0.0193 0.0766627
0.0194 0.0769633
0.0195 0.0775236
0.0196 0.0778262
0.0197 0.0781511
0.0198 0.0784919
0.0199 0.0789936
0.02 0.0793876
0.0201 0.079548
0.0202 0.0800223
0.0203 0.0803273
0.0204 0.0807319
0.0205 0.0810863
0.0206 0.0815689
0.0207 0.0820444
0.0208 0.0823802
0.0209 0.0827935
0.021 0.0832607
0.0211 0.0837287
0.0212 0.0842207
0.0213 0.0845556
0.0214 0.0848751
0.0215 0.0853964
0.0216 0.0858717
0.0217 0.0862393
0.0218 0.0866261
0.0219 0.0869934
0.022 0.0874404
0.0221 0.0877294
0.0222 0.0881696
0.0223 0.0885753
0.0224 0.0891118
0.0225 0.0894604
0.0226 0.089836
0.0227 0.0901233
0.0228 0.0905479
0.0229 0.0909008
0.023 0.0912065
0.0231 0.0916859
0.0232 0.0919836
0.0233 0.0924472
0.0234 0.0928176
0.0235 0.0931582
0.0236 0.0936832
0.0237 0.0940927
0.0238 0.0943812
0.0239 0.0947806
0.024 0.0951218
0.0241 0.0954401
0.0242 0.0956471
0.0243 0.0960898
0.0244 0.0965502
0.0245 0.0969873
0.0246 0.0972998
0.0247 0.0974208
0.0248 0.0975941
0.0249 0.0979416
0.025 0.098274
0.0251 0.0985686
0.0252 0.0989468
0.0253 0.0993292
0.0254 0.0995799
0.0255 0.0999934
0.0256 0.100373
0.0257 0.100769
0.0258 0.101202
0.0259 0.101735
0.026 0.102047
0.0261 0.102363
0.0262 0.102605
0.0263 0.102976
0.0264 0.103314
0.0265 0.103657
0.0266 0.104047
0.0267 0.1044
0.0268 0.104777
0.0269 0.105161
0.027 0.105405
0.0271 0.105853
0.0272 0.106182
0.0273 0.1066
0.0274 0.107055
0.0275 0.107322
0.0276 0.107604
0.0277 0.107882
0.0278 0.108307
0.0279 0.108602
0.028 0.108965
0.0281 0.10949
0.0282 0.109841
0.0283 0.110153
0.0284 0.110474
0.0285 0.110709
0.0286 0.111208
0.0287 0.111605
0.0288 0.112066
0.0289 0.112449
0.029 0.112867
0.0291 0.113293
0.0292 0.113678
0.0293 0.113934
0.0294 0.114202
0.0295 0.114682
0.0296 0.114977
0.0297 0.115302
0.0298 0.115661
0.0299 0.116148
0.03 0.116557
0.0301 0.117022
0.0302 0.117448
0.0303 0.117804
0.0304 0.117978
0.0305 0.11835
0.0306 0.118509
0.0307 0.118952
0.0308 0.119318
0.0309 0.119782
0.031 0.120268
0.0311 0.120613
0.0312 0.120893
0.0313 0.121216
0.0314 0.121498
0.0315 0.121893
0.0316 0.122441
0.0317 0.122876
0.0318 0.123093
0.0319 0.123436
0.032 0.12364
0.0321 0.123996
0.0322 0.124375
0.0323 0.124619
0.0324 0.125151
0.0325 0.125502
0.0326 0.125841
0.0327 0.126159
0.0328 0.126527
0.0329 0.126679
0.033 0.127029
0.0331 0.127284
0.0332 0.127824
0.0333 0.128073
0.0334 0.128406
0.0335 0.128883
0.0336 0.129278
0.0337 0.129557
0.0338 0.129893
0.0339 0.13016
0.034 0.130448
0.0341 0.130785
0.0342 0.131147
0.0343 0.131407
0.0344 0.131591
0.0345 0.131971
0.0346 0.132424
0.0347 0.132906
0.0348 0.133381
0.0349 0.133753
0.035 0.134237
0.0351 0.134397
0.0352 0.134599
0.0353 0.13488
0.0354 0.135092
0.0355 0.13532
0.0356 0.135731
0.0357 0.136097
0.0358 0.136481
0.0359 0.136901
0.036 0.137202
0.0361 0.137486
0.0362 0.137838
0.0363 0.138294
0.0364 0.138755
0.0365 0.139139
0.0366 0.139396
0.0367 0.139639
0.0368 0.139968
0.0369 0.140285
0.037 0.140522
0.0371 0.140647
0.0372 0.141051
0.0373 0.141566
0.0374 0.142022
0.0375 0.142507
0.0376 0.142956
0.0377 0.143277
0.0378 0.143707
0.0379 0.144073
0.038 0.144507
0.0381 0.144781
0.0382 0.145079
0.0383 0.145552
0.0384 0.145787
0.0385 0.146221
0.0386 0.146317
0.0387 0.146582
0.0388 0.147001
0.0389 0.147529
0.039 0.147679
0.0391 0.148131
0.0392 0.14847
0.0393 0.14887
0.0394 0.149197
0.0395 0.149567
0.0396 0.149714
0.0397 0.150006
0.0398 0.150361
0.0399 0.150662
0.04 0.151017
0.0401 0.151312
0.0402 0.151618
0.0403 0.151923
0.0404 0.152231
0.0405 0.152537
0.0406 0.152908
0.0407 0.153263
0.0408 0.153701
0.0409 0.154039
0.041 0.154372
0.0411 0.154708
0.0412 0.155091
0.0413 0.155454
0.0414 0.155686
0.0415 0.156251
0.0416 0.156707
0.0417 0.156939
0.0418 0.157221
0.0419 0.157528
0.042 0.157772
0.0421 0.158029
0.0422 0.158288
0.0423 0.158755
0.0424 0.158997
0.0425 0.159188
0.0426 0.159519
0.0427 0.159969
0.0428 0.160418
0.0429 0.160947
0.043 0.161482
0.0431 0.16182
0.0432 0.162205
0.0433 0.16237
0.0434 0.162729
0.0435 0.162949
0.0436 0.163302
0.0437 0.163919
0.0438 0.164494
0.0439 0.164938
0.044 0.165373
0.0441 0.165732
0.0442 0.166158
0.0443 0.166709
0.0444 0.167151
0.0445 0.167473
0.0446 0.167848
0.0447 0.168284
0.0448 0.168685
0.0449 0.169036
0.045 0.169397
0.0451 0.169757
0.0452 0.170188
0.0453 0.170411
0.0454 0.170569
0.0455 0.170887
0.0456 0.171143
0.0457 0.171723
0.0458 0.172219
0.0459 0.172499
0.046 0.172762
0.0461 0.173082
0.0462 0.173537
0.0463 0.173969
0.0464 0.17422
0.0465 0.174484
0.0466 0.175099
0.0467 0.17556
0.0468 0.176101
0.0469 0.176425
0.047 0.176618
0.0471 0.176835
0.0472 0.177084
0.0473 0.177219
0.0474 0.177429
0.0475 0.177878
0.0476 0.178412
0.0477 0.178785
0.0478 0.178926
0.0479 0.179583
0.048 0.179778
0.0481 0.180082
0.0482 0.180425
0.0483 0.180824
0.0484 0.181257
0.0485 0.181683
0.0486 0.182302
0.0487 0.182615
0.0488 0.183019
0.0489 0.18335
0.049 0.183646
0.0491 0.183959
0.0492 0.184329
0.0493 0.184745
0.0494 0.184905
0.0495 0.185319
0.0496 0.185659
0.0497 0.186057
0.0498 0.186314
0.0499 0.186579
0.05 0.186874
0.0501 0.187129
0.0502 0.187566
0.0503 0.187887
0.0504 0.18828
0.0505 0.188368
0.0506 0.188803
0.0507 0.189136
0.0508 0.189387
0.0509 0.18978
0.051 0.190205
0.0511 0.190865
0.0512 0.19119
0.0513 0.191503
0.0514 0.191764
0.0515 0.192107
0.0516 0.19254
0.0517 0.192989
0.0518 0.193305
0.0519 0.193793
0.052 0.193879
0.0521 0.194304
0.0522 0.194602
0.0523 0.194935
0.0524 0.195326
0.0525 0.195596
0.0526 0.195795
0.0527 0.196283
0.0528 0.196691
0.0529 0.197143
0.053 0.197386
0.0531 0.197527
0.0532 0.19785
0.0533 0.198049
0.0534 0.198601
0.0535 0.198931
0.0536 0.19926
0.0537 0.19967
0.0538 0.200041
0.0539 0.200353
0.054 0.200598
0.0541 0.201069
0.0542 0.201498
0.0543 0.201635
0.0544 0.202081
0.0545 0.202421
0.0546 0.202573
0.0547 0.202853
0.0548 0.203161
0.0549 0.203583
0.055 0.203777
0.0551 0.204035
0.0552 0.204505
0.0553 0.204819
0.0554 0.205044
0.0555 0.205322
0.0556 0.205776
0.0557 0.206072
0.0558 0.206261
0.0559 0.206663
0.056 0.206938
0.0561 0.207211
0.0562 0.207515
0.0563 0.207911
0.0564 0.208503
0.0565 0.208924
0.0566 0.209294
0.0567 0.209767
0.0568 0.210001
0.0569 0.210429
0.057 0.210678
0.0571 0.211042
0.0572 0.211665
0.0573 0.212226
0.0574 0.21255
0.0575 0.213094
0.0576 0.213385
0.0577 0.213625
0.0578 0.214162
0.0579 0.214458
0.058 0.214534
0.0581 0.215142
0.0582 0.215476
0.0583 0.215732
0.0584 0.21593
0.0585 0.216223
0.0586 0.216641
0.0587 0.217019
0.0588 0.21756
0.0589 0.217765
0.059 0.218102
0.0591 0.21841
0.0592 0.218843
0.0593 0.219288
0.0594 0.219656
0.0595 0.219912
0.0596 0.22023
0.0597 0.220629
0.0598 0.220798
0.0599 0.220965
0.06 0.221268
0.0601 0.221932
0.0602 0.222127
0.0603 0.222388
0.0604 0.222671
0.0605 0.222961
0.0606 0.22321
0.0607 0.223619
0.0608 0.223976
0.0609 0.224247
0.061 0.224489
0.0611 0.224846
0.0612 0.22528
0.0613 0.225352
0.0614 0.22559
0.0615 0.225956
0.0616 0.226321
0.0617 0.226667
0.0618 0.226633
0.0619 0.226862
0.062 0.227195
0.0621 0.227498
0.0622 0.227736
0.0623 0.227956
0.0624 0.228396
0.0625 0.228777
0.0626 0.228875
0.0627 0.229353
0.0628 0.229707
0.0629 0.230093
0.063 0.230349
0.0631 0.230706
0.0632 0.230933
0.0633 0.231307
0.0634 0.231406
0.0635 0.231771
0.0636 0.232233
0.0637 0.232604
0.0638 0.232788
0.0639 0.233115
0.064 0.233558
0.0641 0.234144
0.0642 0.23439
0.0643 0.234919
0.0644 0.235345
0.0645 0.235758
0.0646 0.235939
0.0647 0.236116
0.0648 0.23636
0.0649 0.236698
0.065 0.237071
0.0651 0.23753
0.0652 0.237922
0.0653 0.238206
0.0654 0.238409
0.0655 0.238851
0.0656 0.239198
0.0657 0.239349
0.0658 0.239636
0.0659 0.239922
0.066 0.240294
0.0661 0.240778
0.0662 0.241069
0.0663 0.241363
0.0664 0.241635
0.0665 0.241898
0.0666 0.242163
0.0667 0.242469
0.0668 0.243087
0.0669 0.243649
0.067 0.243987
0.0671 0.244409
0.0672 0.244907
0.0673 0.245403
0.0674 0.245595
0.0675 0.245714
0.0676 0.245855
0.0677 0.24637
0.0678 0.246784
0.0679 0.2472
0.068 0.24762
0.0681 0.248065
0.0682 0.248166
0.0683 0.248513
0.0684 0.248751
0.0685 0.248986
0.0686 0.2494
0.0687 0.249631
0.0688 0.250265
0.0689 0.250638
0.069 0.251289
0.0691 0.251287
0.0692 0.251756
0.0693 0.251956
0.0694 0.252251
0.0695 0.252427
0.0696 0.252414
0.0697 0.252886
0.0698 0.253111
0.0699 0.253597
0.07 0.253977
0.0701 0.254155
0.0702 0.254458
0.0703 0.254857
0.0704 0.255214
0.0705 0.255456
0.0706 0.255947
0.0707 0.256259
0.0708 0.256668
0.0709 0.256997
0.071 0.257481
0.0711 0.257769
0.0712 0.258005
0.0713 0.258215
0.0714 0.258419
0.0715 0.258963
0.0716 0.259358
0.0717 0.259632
0.0718 0.259915
0.0719 0.26024
0.072 0.26061
0.0721 0.260915
0.0722 0.261396
0.0723 0.26171
0.0724 0.261926
0.0725 0.262297
0.0726 0.262599
0.0727 0.26302
0.0728 0.263565
0.0729 0.26387
0.073 0.264128
0.0731 0.264185
0.0732 0.264632
0.0733 0.264816
0.0734 0.265231
0.0735 0.265686
0.0736 0.266227
0.0737 0.266615
0.0738 0.266874
0.0739 0.267019
0.074 0.267307
0.0741 0.267478
0.0742 0.267815
0.0743 0.268206
0.0744 0.268715
0.0745 0.268939
0.0746 0.269194
0.0747 0.269283
0.0748 0.269541
0.0749 0.270046
0.075 0.270401
0.0751 0.270415
0.0752 0.270783
0.0753 0.271103
0.0754 0.271459
0.0755 0.271931
0.0756 0.271895
0.0757 0.272065
0.0758 0.272404
0.0759 0.272811
0.076 0.273198
0.0761 0.273484
0.0762 0.273733
0.0763 0.273937
0.0764 0.274308
0.0765 0.274731
0.0766 0.275111
0.0767 0.275482
0.0768 0.275813
0.0769 0.27613
0.077 0.276428
0.0771 0.27683
0.0772 0.277186
0.0773 0.277294
0.0774 0.277738
0.0775 0.277978
0.0776 0.278292
0.0777 0.278457
0.0778 0.278767
0.0779 0.278992
0.078 0.279475
0.0781 0.279704
0.0782 0.279944
0.0783 0.280271
0.0784 0.280873
0.0785 0.281235
0.0786 0.28157
0.0787 0.281856
0.0788 0.28217
0.0789 0.282497
0.079 0.282806
0.0791 0.283007
0.0792 0.28357
0.0793 0.283942
0.0794 0.284184
0.0795 0.284619
0.0796 0.284847
0.0797 0.284912
0.0798 0.28529
0.0799 0.285746
0.08 0.286207
0.0801 0.286715
0.0802 0.287158
0.0803 0.287696
0.0804 0.287853
0.0805 0.287949
0.0806 0.288334
0.0807 0.288747
0.0808 0.289047
0.0809 0.289275
0.081 0.289632
0.0811 0.289995
0.0812 0.290185
0.0813 0.290411
0.0814 0.290825
0.0815 0.291097
0.0816 0.291414
0.0817 0.291567
0.0818 0.291841
0.0819 0.292505
0.082 0.292776
0.0821 0.293006
0.0822 0.293416
0.0823 0.293611
0.0824 0.293591
0.0825 0.293818
0.0826 0.294186
0.0827 0.294404
0.0828 0.294835
0.0829 0.2951
0.083 0.29529
0.0831 0.295471
0.0832 0.295615
0.0833 0.295998
0.0834 0.296503
0.0835 0.296828
0.0836 0.29754
0.0837 0.29814
0.0838 0.298468
0.0839 0.298773
0.084 0.298783
0.0841 0.298815
0.0842 0.299179
0.0843 0.299528
0.0844 0.299779
0.0845 0.299848
0.0846 0.300028
0.0847 0.300547
0.0848 0.300709
0.0849 0.301002
0.085 0.301198
0.0851 0.301966
0.0852 0.30215
0.0853 0.302609
0.0854 0.302727
0.0855 0.30307
0.0856 0.303635
0.0857 0.303792
0.0858 0.304133
0.0859 0.304596
0.086 0.304877
0.0861 0.305261
0.0862 0.305456
0.0863 0.305864
0.0864 0.306152
0.0865 0.306778
0.0866 0.307185
0.0867 0.307539
0.0868 0.308101
0.0869 0.308654
0.087 0.308959
0.0871 0.309214
0.0872 0.30952
0.0873 0.309704
0.0874 0.310019
0.0875 0.310485
0.0876 0.310863
0.0877 0.311266
0.0878 0.311529
0.0879 0.312017
0.088 0.312235
0.0881 0.312687
0.0882 0.313167
0.0883 0.313387
0.0884 0.313368
0.0885 0.313582
0.0886 0.313663
0.0887 0.313975
0.0888 0.314259
0.0889 0.314644
0.089 0.314991
0.0891 0.315217
0.0892 0.315407
0.0893 0.315764
0.0894 0.31633
0.0895 0.316813
0.0896 0.316971
0.0897 0.317346
0.0898 0.317818
0.0899 0.318137
0.09 0.318423
0.0901 0.318641
0.0902 0.319097
0.0903 0.319358
0.0904 0.319944
0.0905 0.3205
0.0906 0.320693
0.0907 0.321159
0.0908 0.321294
0.0909 0.322003
0.091 0.3224
0.0911 0.322606
0.0912 0.323094
0.0913 0.32331
0.0914 0.323569
0.0915 0.323793
0.0916 0.324225
0.0917 0.324307
0.0918 0.324481
0.0919 0.324835
0.092 0.325007
0.0921 0.325084
0.0922 0.325291
0.0923 0.325714
0.0924 0.325837
0.0925 0.326114
0.0926 0.326333
0.0927 0.32641
0.0928 0.3269
0.0929 0.326993
0.093 0.326794
0.0931 0.327453
0.0932 0.327662
0.0933 0.327758
0.0934 0.328207
0.0935 0.328321
0.0936 0.32853
0.0937 0.328893
0.0938 0.329322
0.0939 0.329661
0.094 0.330024
0.0941 0.330274
0.0942 0.33071
0.0943 0.33066
0.0944 0.331147
0.0945 0.331571
0.0946 0.331907
0.0947 0.332127
0.0948 0.332292
0.0949 0.332561
0.095 0.332979
0.0951 0.33349
0.0952 0.333781
0.0953 0.334108
0.0954 0.334534
0.0955 0.334689
0.0956 0.335226
0.0957 0.335411
0.0958 0.335754
0.0959 0.335798
0.096 0.336184
0.0961 0.336606
0.0962 0.337014
0.0963 0.337225
0.0964 0.337372
0.0965 0.337536
0.0966 0.337702
0.0967 0.337978
0.0968 0.338364
0.0969 0.338971
0.097 0.339535
0.0971 0.339712
0.0972 0.340287
0.0973 0.340762
0.0974 0.341147
0.0975 0.341358
0.0976 0.341848
0.0977 0.342258
0.0978 0.342526
0.0979 0.342745
0.098 0.343041
0.0981 0.343122
0.0982 0.343482
0.0983 0.343881
0.0984 0.344117
0.0985 0.344372
0.0986 0.344893
0.0987 0.345021
0.0988 0.345404
0.0989 0.345625
0.099 0.345942
0.0991 0.34639
0.0992 0.346712
0.0993 0.347209
0.0994 0.347063
0.0995 0.347311
0.0996 0.347586
0.0997 0.347978
0.0998 0.348201
0.0999 0.348583
0.1 0.348901
0.1001 0.349255
0.1002 0.349657
0.1003 0.349845
0.1004 0.350365
0.1005 0.351017
0.1006 0.351308
0.1007 0.351585
0.1008 0.35193
0.1009 0.352445
0.101 0.352773
0.1011 0.35311
0.1012 0.353509
0.1013 0.353992
0.1014 0.354065
0.1015 0.354718
0.1016 0.354898
0.1017 0.355523
0.1018 0.355565
0.1019 0.355792
0.102 0.356065
0.1021 0.356486
0.1022 0.356882
0.1023 0.357071
0.1024 0.357568
0.1025 0.357652
0.1026 0.357863
0.1027 0.358265
0.1028 0.35854
0.1029 0.358812
0.103 0.358894
0.1031 0.359344
0.1032 0.359666
0.1033 0.360086
0.1034 0.360681
0.1035 0.361203
0.1036 0.361695
0.1037 0.361594
0.1038 0.361662
0.1039 0.361969
0.104 0.362293
0.1041 0.362845
0.1042 0.36318
0.1043 0.363506
0.1044 0.364048
0.1045 0.36434
0.1046 0.364614
0.1047 0.364638
0.1048 0.365211
0.1049 0.365212
0.105 0.365384
0.1051 0.365728
0.1052 0.365913
0.1053 0.366275
0.1054 0.366853
0.1055 0.367296
0.1056 0.36786
0.1057 0.368206
0.1058 0.368586
0.1059 0.368574
0.106 0.368633
0.1061 0.368836
0.1062 0.369105
0.1063 0.369124
0.1064 0.36968
0.1065 0.370214
0.1066 0.370677
0.1067 0.371107
0.1068 0.371746
0.1069 0.372192
0.107 0.372387
0.1071 0.372856
0.1072 0.373056
0.1073 0.373218
0.1074 0.373384
0.1075 0.373605
0.1076 0.373967
0.1077 0.374127
0.1078 0.374513
0.1079 0.375054
0.108 0.375423
0.1081 0.375558
0.1082 0.375709
0.1083 0.375701
0.1084 0.376314
0.1085 0.376842
0.1086 0.377047
0.1087 0.377384
0.1088 0.377608
0.1089 0.378011
0.109 0.378312
0.1091 0.37839
0.1092 0.378852
0.1093 0.379224
0.1094 0.379335
0.1095 0.379181
0.1096 0.379663
0.1097 0.380003
0.1098 0.38019
0.1099 0.380489
0.11 0.38069
0.1101 0.381021
0.1102 0.381195
0.1103 0.381577
0.1104 0.381897
0.1105 0.382172
0.1106 0.382344
0.1107 0.382809
0.1108 0.383301
0.1109 0.383809
0.111 0.384259
0.1111 0.384727
0.1112 0.385044
0.1113 0.385349
0.1114 0.385392
0.1115 0.385605
0.1116 0.385768
0.1117 0.385789
0.1118 0.385937
0.1119 0.386179
0.112 0.386612
0.1121 0.386768
0.1122 0.386988
0.1123 0.387325
0.1124 0.387534
0.1125 0.387828
0.1126 0.388118
0.1127 0.388658
0.1128 0.388956
0.1129 0.38911
0.113 0.38942
0.1131 0.389869
0.1132 0.390329
0.1133 0.39058
0.1134 0.391231
0.1135 0.391439
0.1136 0.391867
0.1137 0.392221
0.1138 0.392599
0.1139 0.393366
0.114 0.393505
0.1141 0.39371
0.1142 0.393898
0.1143 0.394334
0.1144 0.394728
0.1145 0.394887
0.1146 0.394982
0.1147 0.395379
0.1148 0.39567
0.1149 0.396066
0.115 0.396317
0.1151 0.396735
0.1152 0.397031
0.1153 0.397307
0.1154 0.397468
0.1155 0.39801
0.1156 0.398444
0.1157 0.398759
0.1158 0.399162
0.1159 0.399511
0.116 0.399968
0.1161 0.400263
0.1162 0.400553
0.1163 0.400799
0.1164 0.401217
0.1165 0.401413
0.1166 0.401859
0.1167 0.402063
0.1168 0.402105
0.1169 0.40246
0.117 0.402757
0.1171 0.40308
0.1172 0.403261
0.1173 0.403578
0.1174 0.403897
0.1175 0.404337
0.1176 0.40449
0.1177 0.404978
0.1178 0.405422
0.1179 0.405755
0.118 0.406171
0.1181 0.406522
0.1182 0.406745
0.1183 0.407031
0.1184 0.407186
0.1185 0.407809
0.1186 0.407802
0.1187 0.408095
0.1188 0.408567
0.1189 0.409006
0.119 0.409399
0.1191 0.409782
0.1192 0.410183
0.1193 0.41028
0.1194 0.410881
0.1195 0.410869
0.1196 0.411244
0.1197 0.411602
0.1198 0.411603
0.1199 0.411808
0.12 0.412273
0.1201 0.412599
0.1202 0.412768
0.1203 0.413769
0.1204 0.41424
0.1205 0.41452
0.1206 0.41489
0.1207 0.415238
0.1208 0.415672
0.1209 0.415879
0.121 0.416193
0.1211 0.416588
0.1212 0.416753
0.1213 0.416971
0.1214 0.417333
0.1215 0.417366
0.1216 0.417284
0.1217 0.417462
0.1218 0.417655
0.1219 0.417652
0.122 0.417885
0.1221 0.41822
0.1222 0.418479
0.1223 0.418882
0.1224 0.419282
0.1225 0.419608
0.1226 0.419961
0.1227 0.420345
0.1228 0.420571
0.1229 0.421064
0.123 0.421429
0.1231 0.421681
0.1232 0.421942
0.1233 0.422321
0.1234 0.422682
0.1235 0.422965
0.1236 0.423112
0.1237 0.423409
0.1238 0.423681
0.1239 0.4242
0.124 0.424328
0.1241 0.424461
0.1242 0.42459
0.1243 0.424977
0.1244 0.425279
0.1245 0.425746
0.1246 0.426151
0.1247 0.426557
0.1248 0.427029
0.1249 0.427187
0.125 0.42778
0.1251 0.428145
0.1252 0.428724
0.1253 0.429119
0.1254 0.429755
0.1255 0.430093
0.1256 0.430203
0.1257 0.430842
0.1258 0.431121
0.1259 0.431268
0.126 0.431676
0.1261 0.431895
0.1262 0.43233
0.1263 0.432845
0.1264 0.43315
0.1265 0.433596
0.1266 0.433552
0.1267 0.433658
0.1268 0.433419
0.1269 0.434076
0.127 0.434607
0.1271 0.435035
0.1272 0.435558
0.1273 0.436042
0.1274 0.436687
0.1275 0.437241
0.1276 0.437625
0.1277 0.437971
0.1278 0.438537
0.1279 0.439059
0.128 0.439122
0.1281 0.439449
0.1282 0.439717
0.1283 0.440298
0.1284 0.440847
0.1285 0.441402
0.1286 0.44193
0.1287 0.441991
0.1288 0.442111
0.1289 0.442722
0.129 0.443002
0.1291 0.443474
0.1292 0.4441
0.1293 0.444402
0.1294 0.444489
0.1295 0.444635
0.1296 0.444822
0.1297 0.444996
0.1298 0.445789
0.1299 0.446217
0.13 0.44652
0.1301 0.446835
0.1302 0.446962
0.1303 0.447432
0.1304 0.447816
0.1305 0.448091
0.1306 0.44851
0.1307 0.449145
0.1308 0.449335
0.1309 0.44954
0.131 0.4498
0.1311 0.450005
0.1312 0.450369
0.1313 0.450621
0.1314 0.450982
0.1315 0.451666
0.1316 0.452111
0.1317 0.452796
0.1318 0.453284
0.1319 0.453592
0.132 0.453824
0.1321 0.454161
0.1322 0.454595
0.1323 0.454875
0.1324 0.454986
0.1325 0.455318
0.1326 0.455775
0.1327 0.456192
0.1328 0.456715
0.1329 0.457006
0.133 0.457193
0.1331 0.457397
0.1332 0.457803
0.1333 0.458004
0.1334 0.458355
0.1335 0.458855
0.1336 0.458882
0.1337 0.459096
0.1338 0.459283
0.1339 0.459487
0.134 0.459714
0.1341 0.460091
0.1342 0.460185
0.1343 0.460735
0.1344 0.461044
0.1345 0.46169
0.1346 0.461712
0.1347 0.462119
0.1348 0.462734
0.1349 0.463301
0.135 0.46391
0.1351 0.464397
0.1352 0.464585
0.1353 0.464728
0.1354 0.465455
0.1355 0.465352
0.1356 0.465609
0.1357 0.46605
0.1358 0.46646
0.1359 0.467029
0.136 0.467354
0.1361 0.467775
0.1362 0.467918
0.1363 0.468312
0.1364 0.468313
0.1365 0.468713
0.1366 0.468956
0.1367 0.468758
0.1368 0.469055
0.1369 0.469323
0.137 0.469753
0.1371 0.470139
0.1372 0.470597
0.1373 0.471005
0.1374 0.471342
0.1375 0.471648
0.1376 0.472101
0.1377 0.472181
0.1378 0.472503
0.1379 0.472801
0.138 0.473038
0.1381 0.473182
0.1382 0.473352
0.1383 0.473496
0.1384 0.47387
0.1385 0.474264
0.1386 0.474746
0.1387 0.475259
0.1388 0.475564
0.1389 0.475619
0.139 0.47585
0.1391 0.475845
0.1392 0.475911
0.1393 0.47628
0.1394 0.476477
0.1395 0.476867
0.1396 0.477031
0.1397 0.477342
0.1398 0.47729
0.1399 0.477642
0.14 0.47796
0.1401 0.478295
0.1402 0.478356
0.1403 0.478795
0.1404 0.479264
0.1405 0.479532
0.1406 0.479752
0.1407 0.480369
0.1408 0.480472
0.1409 0.481024
0.141 0.481532
0.1411 0.482204
0.1412 0.482667
0.1413 0.482818
0.1414 0.482895
0.1415 0.483319
0.1416 0.483469
0.1417 0.483976
0.1418 0.484001
0.1419 0.484343
0.142 0.484268
0.1421 0.484622
0.1422 0.485019
0.1423 0.485442
0.1424 0.485879
0.1425 0.486465
0.1426 0.486872
0.1427 0.48743
0.1428 0.48791
0.1429 0.488355
0.143 0.488668
0.1431 0.488866
0.1432 0.489237
0.1433 0.489598
0.1434 0.490021
0.1435 0.490572
0.1436 0.491326
0.1437 0.491442
0.1438 0.491769
0.1439 0.492413
0.144 0.492551
0.1441 0.492988
0.1442 0.493421
0.1443 0.493604
0.1444 0.494102
0.1445 0.49425
0.1446 0.494642
0.1447 0.49542
0.1448 0.495475
0.1449 0.495855
0.145 0.496089
0.1451 0.496316
0.1452 0.496239
0.1453 0.496616
0.1454 0.497362
0.1455 0.49812
0.1456 0.498525
0.1457 0.4993
0.1458 0.499613
0.1459 0.500206
0.146 0.500165
0.1461 0.500538
0.1462 0.500813
0.1463 0.500922
0.1464 0.501112
0.1465 0.5014
0.1466 0.501708
0.1467 0.50153
0.1468 0.501775
0.1469 0.501885
0.147 0.502279
0.1471 0.502804
0.1472 0.502606
0.1473 0.502851
0.1474 0.503075
0.1475 0.503033
0.1476 0.503252
0.1477 0.503789
0.1478 0.504288
0.1479 0.504632
0.148 0.504865
0.1481 0.505284
0.1482 0.505697
0.1483 0.506157
0.1484 0.506313
0.1485 0.506772
0.1486 0.506954
0.1487 0.507025
0.1488 0.507227
0.1489 0.507135
0.149 0.507405
0.1491 0.507906
0.1492 0.508084
0.1493 0.508173
0.1494 0.508774
0.1495 0.509367
0.1496 0.510176
0.1497 0.51038
0.1498 0.510616
0.1499 0.510938
0.15 0.510621
0.1501 0.510951
0.1502 0.511043
0.1503 0.511428
0.1504 0.511744
0.1505 0.512206
0.1506 0.51239
0.1507 0.512424
0.1508 0.512919
0.1509 0.512955
0.151 0.513413
0.1511 0.513886
0.1512 0.514042
0.1513 0.514288
0.1514 0.514738
0.1515 0.515098
0.1516 0.515454
0.1517 0.515389
0.1518 0.515579
0.1519 0.515739
0.152 0.516211
0.1521 0.516768
0.1522 0.51707
0.1523 0.517065
0.1524 0.517244
0.1525 0.51745
0.1526 0.517766
0.1527 0.518209
0.1528 0.518374
0.1529 0.518672
0.153 0.518883
0.1531 0.519292
0.1532 0.51965
0.1533 0.52015
0.1534 0.52056
0.1535 0.520892
0.1536 0.521155
0.1537 0.521765
0.1538 0.52208
0.1539 0.522186
0.154 0.522565
0.1541 0.522726
0.1542 0.523309
0.1543 0.523696
0.1544 0.524153
0.1545 0.524451
0.1546 0.524608
0.1547 0.524965
0.1548 0.525473
0.1549 0.525957
0.155 0.526071
0.1551 0.526228
0.1552 0.526634
0.1553 0.526591
0.1554 0.526823
0.1555 0.526566
0.1556 0.527215
0.1557 0.527491
0.1558 0.527671
0.1559 0.528105
0.156 0.528684
0.1561 0.528926
0.1562 0.529441
0.1563 0.530016
0.1564 0.530399
0.1565 0.530422
0.1566 0.530574
0.1567 0.530773
0.1568 0.531043
0.1569 0.531321
0.157 0.531384
0.1571 0.53157
0.1572 0.53143
0.1573 0.531723
0.1574 0.532058
0.1575 0.531995
0.1576 0.532407
0.1577 0.532805
0.1578 0.533021
0.1579 0.533435
0.158 0.533563
0.1581 0.534041
0.1582 0.534137
0.1583 0.534466
0.1584 0.534961
0.1585 0.535142
0.1586 0.535694
0.1587 0.536326
0.1588 0.536607
0.1589 0.536706
0.159 0.537202
0.1591 0.537396
0.1592 0.537593
0.1593 0.538014
0.1594 0.53835
0.1595 0.538596
0.1596 0.538902
0.1597 0.538783
0.1598 0.539171
0.1599 0.539491
0.16 0.539758
0.1601 0.540357
0.1602 0.540579
0.1603 0.541081
0.1604 0.541422
0.1605 0.541822
0.1606 0.542292
0.1607 0.542467
0.1608 0.542749
0.1609 0.542651
0.161 0.543063
0.1611 0.543866
0.1612 0.544064
0.1613 0.54445
0.1614 0.544851
0.1615 0.544809
0.1616 0.545321
0.1617 0.545921
0.1618 0.546671
0.1619 0.546976
0.162 0.547413
0.1621 0.547845
0.1622 0.548156
0.1623 0.54798
0.1624 0.548305
0.1625 0.548614
0.1626 0.54908
0.1627 0.549579
0.1628 0.549643
0.1629 0.549696
0.163 0.549858
0.1631 0.549999
0.1632 0.550494
0.1633 0.55101
0.1634 0.55125
0.1635 0.551744
0.1636 0.55205
0.1637 0.552151
0.1638 0.552191
0.1639 0.552562
0.164 0.552993
0.1641 0.553488
0.1642 0.553659
0.1643 0.554237
0.1644 0.553931
0.1645 0.554756
0.1646 0.555295
0.1647 0.555584
0.1648 0.555964
0.1649 0.556535
0.165 0.556771
0.1651 0.557081
0.1652 0.557542
0.1653 0.55784
0.1654 0.557843
0.1655 0.558189
0.1656 0.55879
0.1657 0.559003
0.1658 0.559467
0.1659 0.560096
0.166 0.560585
0.1661 0.560558
0.1662 0.560648
0.1663 0.560982
0.1664 0.561582
0.1665 0.5618
0.1666 0.562105
0.1667 0.562631
0.1668 0.562868
0.1669 0.562879
0.167 0.563351
0.1671 0.563663
0.1672 0.564055
0.1673 0.5644
0.1674 0.564576
0.1675 0.565162
0.1676 0.565334
0.1677 0.565754
0.1678 0.565914
0.1679 0.566
0.168 0.565937
0.1681 0.566066
0.1682 0.56641
0.1683 0.566458
0.1684 0.566825
0.1685 0.567153
0.1686 0.567351
0.1687 0.567024
0.1688 0.567159
0.1689 0.567512
0.169 0.567908
0.1691 0.568752
0.1692 0.568887
0.1693 0.569328
0.1694 0.569464
0.1695 0.569499
0.1696 0.570131
0.1697 0.570416
0.1698 0.570807
0.1699 0.571234
0.17 0.571411
0.1701 0.571868
0.1702 0.572024
0.1703 0.572203
0.1704 0.572928
0.1705 0.573203
0.1706 0.573359
0.1707 0.5739
0.1708 0.574219
0.1709 0.574638
0.171 0.574768
0.1711 0.57544
0.1712 0.575704
0.1713 0.575711
0.1714 0.575808
0.1715 0.57602
0.1716 0.576737
0.1717 0.576906
0.1718 0.57742
0.1719 0.577454
0.172 0.577816
0.1721 0.578055
0.1722 0.578167
0.1723 0.578445
0.1724 0.578766
0.1725 0.579219
0.1726 0.579466
0.1727 0.580097
0.1728 0.58033
0.1729 0.58054
0.173 0.58099
0.1731 0.581246
0.1732 0.581405
0.1733 0.581783
0.1734 0.582108
0.1735 0.582481
0.1736 0.582766
0.1737 0.58289
0.1738 0.58348
0.1739 0.58364
0.174 0.583858
0.1741 0.583939
0.1742 0.584228
0.1743 0.584337
0.1744 0.58492
0.1745 0.585524
0.1746 0.585485
0.1747 0.585566
0.1748 0.585678
0.1749 0.585557
0.175 0.586189
0.1751 0.586097
0.1752 0.586473
0.1753 0.586772
0.1754 0.586752
0.1755 0.58715
0.1756 0.587318
0.1757 0.587623
0.1758 0.58793
0.1759 0.58828
0.176 0.588599
0.1761 0.588953
0.1762 0.589234
0.1763 0.589419
0.1764 0.589778
0.1765 0.590017
0.1766 0.590264
0.1767 0.590288
0.1768 0.590646
0.1769 0.591256
0.177 0.591762
0.1771 0.591892
0.1772 0.592106
0.1773 0.592767
0.1774 0.593292
0.1775 0.593422
0.1776 0.594036
0.1777 0.594103
0.1778 0.59448
0.1779 0.594584
0.178 0.594708
0.1781 0.594755
0.1782 0.594717
0.1783 0.594979
0.1784 0.595224
0.1785 0.595731
0.1786 0.596342
0.1787 0.596655
0.1788 0.596799
0.1789 0.597409
0.179 0.597743
0.1791 0.597702
0.1792 0.59804
0.1793 0.598187
0.1794 0.598383
0.1795 0.598743
0.1796 0.598879
0.1797 0.598905
0.1798 0.599465
0.1799 0.599824
0.18 0.600088
0.1801 0.6009
0.1802 0.601394
0.1803 0.601659
0.1804 0.602287
0.1805 0.602665
0.1806 0.602973
0.1807 0.603133
0.1808 0.603754
0.1809 0.603692
0.181 0.603881
0.1811 0.604286
0.1812 0.604334
0.1813 0.604665
0.1814 0.605001
0.1815 0.605314
0.1816 0.605928
0.1817 0.606392
0.1818 0.607054
0.1819 0.607518
0.182 0.607868
0.1821 0.608238
0.1822 0.60866
0.1823 0.609147
0.1824 0.609474
0.1825 0.609307
0.1826 0.609988
0.1827 0.610187
0.1828 0.610442
0.1829 0.610413
0.183 0.61125
0.1831 0.611407
0.1832 0.611723
0.1833 0.612115
0.1834 0.61231
0.1835 0.613088
0.1836 0.613395
0.1837 0.61326
0.1838 0.613482
0.1839 0.613506
0.184 0.613965
0.1841 0.614425
0.1842 0.615037
0.1843 0.615434
0.1844 0.615987
0.1845 0.616232
0.1846 0.616393
0.1847 0.61681
0.1848 0.617116
0.1849 0.617658
0.185 0.617991
0.1851 0.617982
0.1852 0.618115
0.1853 0.618294
0.1854 0.618675
0.1855 0.619158
0.1856 0.619525
0.1857 0.619804
0.1858 0.61994
0.1859 0.620444
0.186 0.620584
0.1861 0.620862
0.1862 0.620805
0.1863 0.620983
0.1864 0.620856
0.1865 0.621275
0.1866 0.621929
0.1867 0.622294
0.1868 0.622754
0.1869 0.622867
0.187 0.623393
0.1871 0.623616
0.1872 0.624396
0.1873 0.624351
0.1874 0.624364
0.1875 0.624454
0.1876 0.624661
0.1877 0.624597
0.1878 0.625009
0.1879 0.625671
0.188 0.626123
0.1881 0.626574
0.1882 0.6266
0.1883 0.626954
0.1884 0.627152
0.1885 0.627245
0.1886 0.627344
0.1887 0.62778
0.1888 0.628259
0.1889 0.628717
0.189 0.629217
0.1891 0.629493
0.1892 0.629935
0.1893 0.630138
0.1894 0.630617
0.1895 0.630682
0.1896 0.630992
0.1897 0.631379
0.1898 0.632206
0.1899 0.632434
0.19 0.632837
0.1901 0.633041
0.1902 0.633658
0.1903 0.634239
0.1904 0.634902
0.1905 0.635131
0.1906 0.63527
0.1907 0.635614
0.1908 0.636035
0.1909 0.636312
0.191 0.63659
0.1911 0.636885
0.1912 0.636974
0.1913 0.637455
0.1914 0.637918
0.1915 0.638163
0.1916 0.638635
0.1917 0.63849
0.1918 0.638903
0.1919 0.639494
0.192 0.639895
0.1921 0.640419
0.1922 0.640613
0.1923 0.640932
0.1924 0.641111
0.1925 0.641702
0.1926 0.641976
0.1927 0.642174
0.1928 0.642229
0.1929 0.642884
0.193 0.642989
0.1931 0.643206
0.1932 0.64296
0.1933 0.642892
0.1934 0.643376
0.1935 0.643245
0.1936 0.643831
0.1937 0.644009
0.1938 0.644321
0.1939 0.644686
0.194 0.645511
0.1941 0.646254
0.1942 0.646826
0.1943 0.647142
0.1944 0.647367
0.1945 0.647854
0.1946 0.648262
0.1947 0.649001
0.1948 0.649168
0.1949 0.649439
0.195 0.649745
0.1951 0.65011
0.1952 0.650659
0.1953 0.650891
0.1954 0.65137
0.1955 0.651646
0.1956 0.652231
0.1957 0.652589
0.1958 0.653182
0.1959 0.65344
0.196 0.653551
0.1961 0.654126
0.1962 0.654195
0.1963 0.654779
0.1964 0.655011
0.1965 0.655286
0.1966 0.655776
0.1967 0.656109
0.1968 0.656009
0.1969 0.656062
0.197 0.65654
0.1971 0.656634
0.1972 0.657102
0.1973 0.657634
0.1974 0.657859
0.1975 0.65836
0.1976 0.659442
0.1977 0.659912
0.1978 0.660048
0.1979 0.660464
0.198 0.660764
0.1981 0.661169
0.1982 0.661339
0.1983 0.661514
0.1984 0.661591
0.1985 0.662015
0.1986 0.662295
0.1987 0.662803
0.1988 0.663292
0.1989 0.663651
0.199 0.664178
0.1991 0.664566
0.1992 0.664638
0.1993 0.665021
0.1994 0.665719
0.1995 0.66596
0.1996 0.666352
0.1997 0.666295
0.1998 0.666633
0.1999 0.666945
0.2 0.66653
0.2001 0.666586
0.2002 0.666328
0.2003 0.666771
0.2004 0.666728
0.2005 0.667117
0.2006 0.666998
0.2007 0.667387
0.2008 0.667275
0.2009 0.667698
0.201 0.66808
0.2011 0.668044
0.2012 0.66805
0.2013 0.668214
0.2014 0.668234
0.2015 0.668767
0.2016 0.668877
0.2017 0.668945
0.2018 0.669467
0.2019 0.669445
0.202 0.669678
0.2021 0.669813
0.2022 0.670198
0.2023 0.670585
0.2024 0.671037
0.2025 0.671536
0.2026 0.671879
0.2027 0.671966
0.2028 0.672263
0.2029 0.672831
0.203 0.672817
0.2031 0.673276
0.2032 0.673771
0.2033 0.673618
0.2034 0.67402
0.2035 0.675037
0.2036 0.675411
0.2037 0.675746
0.2038 0.675991
0.2039 0.675873
0.204 0.676505
0.2041 0.677133
0.2042 0.677123
0.2043 0.677342
0.2044 0.677359
0.2045 0.677191
0.2046 0.677413
0.2047 0.67795
0.2048 0.678382
0.2049 0.678537
0.205 0.678835
0.2051 0.679072
0.2052 0.679475
0.2053 0.679739
0.2054 0.680338
0.2055 0.680482
0.2056 0.680749
0.2057 0.680701
0.2058 0.680775
0.2059 0.681128
0.206 0.681422
0.2061 0.681966
0.2062 0.682171
0.2063 0.682426
