0 0
0.0001 0.000390574
0.0002 0.000800651
0.0003 0.00118981
0.0004 0.00158442
0.0005 0.0019792
0.0006 0.00236029
0.0007 0.0027589
0.0008 0.00316035
0.0009 0.00357381
0.001 0.00396826
0.0011 0.00437892
0.0012 0.00479154
0.0013 0.00517628
0.0014 0.00558215
0.0015 0.00601205
0.0016 0.00639487
0.0017 0.00676862
0.0018 0.00712964
0.0019 0.00754909
0.002 0.00791219
0.0021 0.00833331
0.0022 0.00870199
0.0023 0.0090826
0.0024 0.00948658
0.0025 0.0099015
0.0026 0.0103517
0.0027 0.0107826
0.0028 0.0112093
0.0029 0.0116013
0.003 0.0120353
0.0031 0.0124289
0.0032 0.0128193
0.0033 0.0131699
0.0034 0.013561
0.0035 0.0139604
0.0036 0.0143288
0.0037 0.0146827
0.0038 0.0151163
0.0039 0.0155535
0.004 0.0159446
0.0041 0.0163618
0.0042 0.0167376
0.0043 0.0170918
0.0044 0.0175079
0.0045 0.0178965
0.0046 0.0183439
0.0047 0.018689
0.0048 0.0190814
0.0049 0.0194801
0.005 0.0198786
0.0051 0.0203112
0.0052 0.0207232
0.0053 0.0211724
0.0054 0.0215067
0.0055 0.0219141
0.0056 0.022285
0.0057 0.0226104
0.0058 0.0230482
0.0059 0.0234702
0.006 0.0239107
0.0061 0.0243394
0.0062 0.0248346
0.0063 0.025169
0.0064 0.025543
0.0065 0.0259018
0.0066 0.0263218
0.0067 0.0267953
0.0068 0.0272666
0.0069 0.0277236
0.007 0.0281041
0.0071 0.0284321
0.0072 0.0287579
0.0073 0.0292383
0.0074 0.0296303
0.0075 0.0300338
0.0076 0.0304474
0.0077 0.0308602
0.0078 0.0312654
0.0079 0.0316717
0.008 0.0320345
0.0081 0.032477
0.0082 0.03283
0.0083 0.0331786
0.0084 0.0336326
0.0085 0.0339916
0.0086 0.0344295
0.0087 0.0347672
0.0088 0.0351774
0.0089 0.0356716
0.009 0.036143
0.0091 0.0365154
0.0092 0.0369238
0.0093 0.037306
0.0094 0.0376902
0.0095 0.0380578
0.0096 0.0384857
0.0097 0.0389526
0.0098 0.0393583
0.0099 0.0397625
0.01 0.0401723
0.0101 0.0405879
0.0102 0.040945
0.0103 0.0412662
0.0104 0.041621
0.0105 0.0420185
0.0106 0.0423684
0.0107 0.0427898
0.0108 0.0431635
0.0109 0.0434271
0.011 0.0438686
0.0111 0.0441719
0.0112 0.0445485
0.0113 0.0449396
0.0114 0.0453203
0.0115 0.0457798
0.0116 0.0462082
0.0117 0.0466064
0.0118 0.0470719
0.0119 0.0473737
0.012 0.0476837
0.0121 0.0480433
0.0122 0.0482965
0.0123 0.0487693
0.0124 0.0491004
0.0125 0.0495058
0.0126 0.0499948
0.0127 0.050465
0.0128 0.050853
0.0129 0.0512061
0.013 0.0515564
0.0131 0.051871
0.0132 0.0523054
0.0133 0.0526078
0.0134 0.0529884
0.0135 0.0534457
0.0136 0.0538784
0.0137 0.0542107
0.0138 0.054414
0.0139 0.054894
0.014 0.055285
0.0141 0.0557131
0.0142 0.0560955
0.0143 0.0564067
0.0144 0.0567459
0.0145 0.0571246
0.0146 0.057529
0.0147 0.0579926
0.0148 0.058348
0.0149 0.0585958
0.015 0.058933
0.0151 0.0593021
0.0152 0.0597081
0.0153 0.0600226
0.0154 0.0604736
0.0155 0.0608209
0.0156 0.0610512
0.0157 0.0613992
0.0158 0.0617638
0.0159 0.0621347
0.016 0.0624751
0.0161 0.0627937
0.0162 0.0632431
0.0163 0.0637162
0.0164 0.0640059
0.0165 0.0643247
0.0166 0.0646367
0.0167 0.0649163
0.0168 0.0652946
0.0169 0.0657889
0.017 0.0661579
0.0171 0.0665478
0.0172 0.0668564
0.0173 0.0672924
0.0174 0.0677953
0.0175 0.0683973
0.0176 0.06882
0.0177 0.0692046
0.0178 0.0696053
0.0179 0.0700851
0.018 0.0704013
0.0181 0.0707748
0.0182 0.0712125
0.0183 0.0717378
0.0184 0.0721576
0.0185 0.0725516
0.0186 0.072989
0.0187 0.0735389
0.0188 0.0740369
0.0189 0.0746238
0.019 0.0749437
0.0191 0.0754045
0.0192 0.0757841
0.0193 0.0761025
0.0194 0.0765209
0.0195 0.0769442
0.0196 0.0772683
0.0197 0.0777665
0.0198 0.0781272
0.0199 0.078525
0.02 0.0788524
0.0201 0.0792583
0.0202 0.0797557
0.0203 0.0801821
0.0204 0.0805611
0.0205 0.0809566
0.0206 0.0814603
0.0207 0.0817591
0.0208 0.0821909
0.0209 0.0825203
0.021 0.0829144
0.0211 0.0834356
0.0212 0.0837354
0.0213 0.0840416
0.0214 0.0844295
0.0215 0.0847204
0.0216 0.0850337
0.0217 0.0854509
0.0218 0.085932
0.0219 0.0861903
0.022 0.086635
0.0221 0.0869806
0.0222 0.0872089
0.0223 0.0877364
0.0224 0.0880515
0.0225 0.088483
0.0226 0.088912
0.0227 0.0892119
0.0228 0.0894887
0.0229 0.0900173
0.023 0.0903353
0.0231 0.090697
0.0232 0.0911935
0.0233 0.0915752
0.0234 0.0920999
0.0235 0.092362
0.0236 0.0928004
0.0237 0.0932308
0.0238 0.093519
0.0239 0.0939869
0.024 0.094336
0.0241 0.0945865
0.0242 0.094987
0.0243 0.0954225
0.0244 0.0958829
0.0245 0.0961508
0.0246 0.0964434
0.0247 0.0968829
0.0248 0.0974335
0.0249 0.0977405
0.025 0.0981122
0.0251 0.0984684
0.0252 0.0988105
0.0253 0.0992073
0.0254 0.0995597
0.0255 0.0999501
0.0256 0.100313
0.0257 0.100737
0.0258 0.101018
0.0259 0.101464
0.026 0.10185
0.0261 0.102238
0.0262 0.102613
0.0263 0.102926
0.0264 0.103163
0.0265 0.103365
0.0266 0.103789
0.0267 0.104453
0.0268 0.104767
0.0269 0.105053
0.027 0.105456
0.0271 0.105798
0.0272 0.106323
0.0273 0.106753
0.0274 0.10707
0.0275 0.10751
0.0276 0.107802
0.0277 0.108094
0.0278 0.10844
0.0279 0.108737
0.028 0.10906
0.0281 0.109349
0.0282 0.109794
0.0283 0.11004
0.0284 0.110378
0.0285 0.110696
0.0286 0.111051
0.0287 0.11144
0.0288 0.111849
0.0289 0.112074
0.029 0.112616
0.0291 0.11305
0.0292 0.113369
0.0293 0.113823
0.0294 0.114089
0.0295 0.11456
0.0296 0.115104
0.0297 0.115581
0.0298 0.115947
0.0299 0.116362
0.03 0.116666
0.0301 0.116957
0.0302 0.117405
0.0303 0.117768
0.0304 0.118031
0.0305 0.118274
0.0306 0.11861
0.0307 0.119092
0.0308 0.119501
0.0309 0.119709
0.031 0.120041
0.0311 0.120249
0.0312 0.120662
0.0313 0.121058
0.0314 0.121344
0.0315 0.121637
0.0316 0.122082
0.0317 0.122363
0.0318 0.122831
0.0319 0.123198
0.032 0.123552
0.0321 0.124019
0.0322 0.124452
0.0323 0.124772
0.0324 0.125254
0.0325 0.125636
0.0326 0.126084
0.0327 0.126554
0.0328 0.126933
0.0329 0.127422
0.033 0.127796
0.0331 0.128015
0.0332 0.12834
0.0333 0.128737
0.0334 0.12903
0.0335 0.129293
0.0336 0.12965
0.0337 0.13
0.0338 0.130276
0.0339 0.130466
0.034 0.130899
0.0341 0.131247
0.0342 0.131504
0.0343 0.131788
0.0344 0.132136
0.0345 0.132384
0.0346 0.132744
0.0347 0.13307
0.0348 0.133311
0.0349 0.133654
0.035 0.133946
0.0351 0.13427
0.0352 0.134503
0.0353 0.134799
0.0354 0.135172
0.0355 0.135541
0.0356 0.135852
0.0357 0.136221
0.0358 0.136782
0.0359 0.137186
0.036 0.137582
0.0361 0.137932
0.0362 0.138171
0.0363 0.138508
0.0364 0.139008
0.0365 0.139418
0.0366 0.139792
0.0367 0.140178
0.0368 0.140538
0.0369 0.140994
0.037 0.141323
0.0371 0.141641
0.0372 0.141999
0.0373 0.142497
0.0374 0.142777
0.0375 0.143077
0.0376 0.143436
0.0377 0.143902
0.0378 0.144307
0.0379 0.144797
0.038 0.145156
0.0381 0.145478
0.0382 0.145739
0.0383 0.146063
0.0384 0.146487
0.0385 0.146888
0.0386 0.147292
0.0387 0.147642
0.0388 0.147853
0.0389 0.148455
0.039 0.148776
0.0391 0.149302
0.0392 0.149737
0.0393 0.149967
0.0394 0.150238
0.0395 0.150736
0.0396 0.151252
0.0397 0.151446
0.0398 0.151894
0.0399 0.152159
0.04 0.152561
0.0401 0.152983
0.0402 0.153326
0.0403 0.153844
0.0404 0.153998
0.0405 0.15443
0.0406 0.154762
0.0407 0.154966
0.0408 0.155253
0.0409 0.155479
0.041 0.155929
0.0411 0.156342
0.0412 0.156752
0.0413 0.156969
0.0414 0.157369
0.0415 0.157918
0.0416 0.158352
0.0417 0.158613
0.0418 0.159032
0.0419 0.159319
0.042 0.159659
0.0421 0.159736
0.0422 0.160111
0.0423 0.1605
0.0424 0.160863
0.0425 0.161211
0.0426 0.161663
0.0427 0.162024
0.0428 0.162426
0.0429 0.162744
0.043 0.162888
0.0431 0.162881
0.0432 0.163237
0.0433 0.163546
0.0434 0.164
0.0435 0.164316
0.0436 0.16439
0.0437 0.164587
0.0438 0.165107
0.0439 0.165593
0.044 0.165994
0.0441 0.166384
0.0442 0.16668
0.0443 0.167123
0.0444 0.167539
0.0445 0.167884
0.0446 0.168066
0.0447 0.168301
0.0448 0.168727
0.0449 0.169108
0.045 0.169569
0.0451 0.170054
0.0452 0.170421
0.0453 0.170714
0.0454 0.170936
0.0455 0.171206
0.0456 0.171472
0.0457 0.171761
0.0458 0.172158
0.0459 0.17264
0.046 0.172958
0.0461 0.17301
0.0462 0.173283
0.0463 0.173703
0.0464 0.174112
0.0465 0.174357
0.0466 0.174545
0.0467 0.17505
0.0468 0.175309
0.0469 0.175432
0.047 0.175883
0.0471 0.1763
0.0472 0.176632
0.0473 0.17687
0.0474 0.177332
0.0475 0.177747
0.0476 0.177951
0.0477 0.178335
0.0478 0.178796
0.0479 0.179105
0.048 0.179465
0.0481 0.179747
0.0482 0.179794
0.0483 0.180092
0.0484 0.180512
0.0485 0.180658
0.0486 0.181051
0.0487 0.181197
0.0488 0.181566
0.0489 0.182061
0.049 0.182426
0.0491 0.182993
0.0492 0.183367
0.0493 0.183631
0.0494 0.183993
0.0495 0.184446
0.0496 0.184983
0.0497 0.185247
0.0498 0.18566
0.0499 0.185961
0.05 0.186156
0.0501 0.186486
0.0502 0.186864
0.0503 0.187101
0.0504 0.187485
0.0505 0.187857
0.0506 0.188416
0.0507 0.188796
0.0508 0.189079
0.0509 0.189402
0.051 0.189777
0.0511 0.190122
0.0512 0.190398
0.0513 0.190925
0.0514 0.191128
0.0515 0.191363
0.0516 0.191989
0.0517 0.192375
0.0518 0.192887
0.0519 0.193128
0.052 0.19341
0.0521 0.193823
0.0522 0.194335
0.0523 0.194628
0.0524 0.194874
0.0525 0.195117
0.0526 0.195518
0.0527 0.195813
0.0528 0.196213
0.0529 0.196545
0.053 0.196779
0.0531 0.197159
0.0532 0.197344
0.0533 0.197576
0.0534 0.198009
0.0535 0.198596
0.0536 0.198979
0.0537 0.199549
0.0538 0.199902
0.0539 0.200217
0.054 0.200602
0.0541 0.201029
0.0542 0.201408
0.0543 0.201624
0.0544 0.202328
0.0545 0.20249
0.0546 0.202783
0.0547 0.202968
0.0548 0.203337
0.0549 0.203625
0.055 0.203634
0.0551 0.204147
0.0552 0.20436
0.0553 0.204481
0.0554 0.204704
0.0555 0.205318
0.0556 0.205514
0.0557 0.20583
0.0558 0.206291
0.0559 0.206597
0.056 0.207008
0.0561 0.207318
0.0562 0.207545
0.0563 0.207921
0.0564 0.208322
0.0565 0.208675
0.0566 0.209068
0.0567 0.209198
0.0568 0.20957
0.0569 0.210061
0.057 0.210348
0.0571 0.210594
0.0572 0.211197
0.0573 0.211747
0.0574 0.212203
0.0575 0.212448
0.0576 0.212733
0.0577 0.213086
0.0578 0.213655
0.0579 0.213831
0.058 0.214429
0.0581 0.214694
0.0582 0.215088
0.0583 0.215427
0.0584 0.215772
0.0585 0.215996
0.0586 0.216328
0.0587 0.216561
0.0588 0.216837
0.0589 0.217188
0.059 0.217543
0.0591 0.217932
0.0592 0.218324
0.0593 0.218577
0.0594 0.218947
0.0595 0.219186
0.0596 0.219547
0.0597 0.219895
0.0598 0.220263
0.0599 0.220653
0.06 0.221132
0.0601 0.221543
0.0602 0.22178
0.0603 0.222171
0.0604 0.222477
0.0605 0.22295
0.0606 0.223489
0.0607 0.223932
0.0608 0.22446
0.0609 0.224647
0.061 0.22526
0.0611 0.225676
0.0612 0.22616
0.0613 0.226413
0.0614 0.226945
0.0615 0.227317
0.0616 0.22759
0.0617 0.228074
0.0618 0.228338
0.0619 0.2289
0.062 0.229388
0.0621 0.229707
0.0622 0.229927
0.0623 0.23024
0.0624 0.230604
0.0625 0.23103
0.0626 0.231384
0.0627 0.231854
0.0628 0.232231
0.0629 0.232661
0.063 0.233222
0.0631 0.233501
0.0632 0.23351
0.0633 0.234094
0.0634 0.234428
0.0635 0.234813
0.0636 0.235143
0.0637 0.235522
0.0638 0.23619
0.0639 0.236466
0.064 0.236542
0.0641 0.236686
0.0642 0.23703
0.0643 0.237401
0.0644 0.237545
0.0645 0.237609
0.0646 0.237862
0.0647 0.23837
0.0648 0.238751
0.0649 0.239048
0.065 0.239237
0.0651 0.239376
0.0652 0.240049
0.0653 0.240174
0.0654 0.240313
0.0655 0.240464
0.0656 0.240737
0.0657 0.24121
0.0658 0.241554
0.0659 0.242094
0.066 0.242634
0.0661 0.243139
0.0662 0.243509
0.0663 0.243814
0.0664 0.244022
0.0665 0.244268
0.0666 0.24464
0.0667 0.244722
0.0668 0.245014
0.0669 0.245022
0.067 0.245431
0.0671 0.245733
0.0672 0.246204
0.0673 0.246385
0.0674 0.246841
0.0675 0.246682
0.0676 0.246989
0.0677 0.247031
0.0678 0.247129
0.0679 0.24737
0.068 0.247857
0.0681 0.248466
0.0682 0.248748
0.0683 0.24885
0.0684 0.249054
0.0685 0.24919
0.0686 0.249517
0.0687 0.249918
0.0688 0.250106
0.0689 0.250398
0.069 0.250656
0.0691 0.250898
0.0692 0.251389
0.0693 0.251462
0.0694 0.251278
0.0695 0.251645
0.0696 0.251773
0.0697 0.252087
0.0698 0.252369
0.0699 0.252651
0.07 0.252851
0.0701 0.2533
0.0702 0.253637
0.0703 0.253814
0.0704 0.254314
0.0705 0.254686
0.0706 0.255204
0.0707 0.255532
0.0708 0.255931
0.0709 0.2558
0.071 0.256288
0.0711 0.256401
0.0712 0.256598
0.0713 0.257182
0.0714 0.257485
0.0715 0.257693
0.0716 0.257995
0.0717 0.258564
0.0718 0.258928
0.0719 0.259392
0.072 0.259614
0.0721 0.259532
0.0722 0.259779
0.0723 0.260351
0.0724 0.26064
0.0725 0.26079
0.0726 0.261059
0.0727 0.261622
0.0728 0.261954
0.0729 0.2622
0.073 0.262571
0.0731 0.263252
0.0732 0.263708
0.0733 0.26395
0.0734 0.264205
0.0735 0.264511
0.0736 0.26495
0.0737 0.265234
0.0738 0.265385
0.0739 0.265629
0.074 0.265959
0.0741 0.266464
0.0742 0.267002
0.0743 0.267271
0.0744 0.267552
0.0745 0.267882
0.0746 0.267942
0.0747 0.267956
0.0748 0.26805
0.0749 0.268198
0.075 0.268375
0.0751 0.268621
0.0752 0.268796
0.0753 0.26909
0.0754 0.269569
0.0755 0.269439
0.0756 0.270024
0.0757 0.270089
0.0758 0.270589
0.0759 0.27096
0.076 0.271293
0.0761 0.271451
0.0762 0.271915
0.0763 0.27209
0.0764 0.272427
0.0765 0.272767
0.0766 0.273291
0.0767 0.273556
0.0768 0.274014
0.0769 0.274007
0.077 0.274274
0.0771 0.274554
0.0772 0.274972
0.0773 0.275119
0.0774 0.275358
0.0775 0.275717
0.0776 0.276084
0.0777 0.276213
0.0778 0.276566
0.0779 0.276714
0.078 0.277136
0.0781 0.277588
0.0782 0.27793
0.0783 0.278259
0.0784 0.278578
0.0785 0.27892
0.0786 0.279215
0.0787 0.279598
0.0788 0.279832
0.0789 0.280072
0.079 0.280044
0.0791 0.28066
0.0792 0.280961
0.0793 0.281579
0.0794 0.281816
0.0795 0.282188
0.0796 0.282703
0.0797 0.283031
0.0798 0.283202
0.0799 0.283316
0.08 0.283635
0.0801 0.2839
0.0802 0.284078
0.0803 0.284741
0.0804 0.285325
0.0805 0.286069
0.0806 0.286386
0.0807 0.286762
0.0808 0.286808
0.0809 0.287036
0.081 0.287362
0.0811 0.287625
0.0812 0.287868
0.0813 0.288427
0.0814 0.288658
0.0815 0.289042
0.0816 0.289439
0.0817 0.289957
0.0818 0.290578
0.0819 0.290719
0.082 0.291289
0.0821 0.291609
0.0822 0.292224
0.0823 0.292717
0.0824 0.292973
0.0825 0.29325
0.0826 0.293435
0.0827 0.293903
0.0828 0.294282
0.0829 0.294755
0.083 0.294929
0.0831 0.295496
0.0832 0.295817
0.0833 0.296064
0.0834 0.296181
0.0835 0.296474
0.0836 0.29682
0.0837 0.297155
0.0838 0.297384
0.0839 0.297586
0.084 0.297959
0.0841 0.298582
0.0842 0.298832
0.0843 0.299077
0.0844 0.299303
0.0845 0.299468
0.0846 0.299725
0.0847 0.299961
0.0848 0.3001
0.0849 0.300511
0.085 0.300499
0.0851 0.300732
0.0852 0.301262
0.0853 0.30174
0.0854 0.302193
0.0855 0.302315
0.0856 0.302426
0.0857 0.302915
0.0858 0.303403
0.0859 0.303579
0.086 0.303751
0.0861 0.304022
0.0862 0.304427
0.0863 0.304597
0.0864 0.304819
0.0865 0.30515
0.0866 0.305464
0.0867 0.30568
0.0868 0.306159
0.0869 0.306515
0.087 0.306669
0.0871 0.307033
0.0872 0.307309
0.0873 0.307467
0.0874 0.307575
0.0875 0.307738
0.0876 0.308184
0.0877 0.308685
0.0878 0.308905
0.0879 0.309376
0.088 0.309645
0.0881 0.310029
0.0882 0.310269
0.0883 0.310808
0.0884 0.311058
0.0885 0.311565
0.0886 0.311948
0.0887 0.312123
0.0888 0.312577
0.0889 0.312825
0.089 0.313366
0.0891 0.313621
0.0892 0.313972
0.0893 0.314449
0.0894 0.314764
0.0895 0.315081
0.0896 0.315372
0.0897 0.315846
0.0898 0.316146
0.0899 0.316635
0.09 0.316992
0.0901 0.317421
0.0902 0.317819
0.0903 0.318295
0.0904 0.318655
0.0905 0.318883
0.0906 0.318971
0.0907 0.319183
0.0908 0.319518
0.0909 0.319594
0.091 0.319609
0.0911 0.319952
0.0912 0.320407
0.0913 0.320533
0.0914 0.320841
0.0915 0.32096
0.0916 0.321303
0.0917 0.321438
0.0918 0.321875
0.0919 0.32208
0.092 0.322535
0.0921 0.322939
0.0922 0.323287
0.0923 0.323735
0.0924 0.323972
0.0925 0.324203
0.0926 0.32469
0.0927 0.325038
0.0928 0.325209
0.0929 0.325252
0.093 0.325436
0.0931 0.325734
0.0932 0.326079
0.0933 0.326349
0.0934 0.326682
0.0935 0.32712
0.0936 0.327559
0.0937 0.327789
0.0938 0.328371
0.0939 0.328851
0.094 0.329141
0.0941 0.329537
0.0942 0.329908
0.0943 0.330226
0.0944 0.330499
0.0945 0.33063
0.0946 0.3307
0.0947 0.330988
0.0948 0.331036
0.0949 0.331329
0.095 0.331536
0.0951 0.33186
0.0952 0.332354
0.0953 0.33262
0.0954 0.332664
0.0955 0.332757
0.0956 0.332884
0.0957 0.333383
0.0958 0.333705
0.0959 0.33406
0.096 0.334468
0.0961 0.33464
0.0962 0.33482
0.0963 0.334971
0.0964 0.335355
0.0965 0.335947
0.0966 0.336221
0.0967 0.336587
0.0968 0.336809
0.0969 0.337145
0.097 0.337427
0.0971 0.337748
0.0972 0.337993
0.0973 0.33837
0.0974 0.338755
0.0975 0.339285
0.0976 0.339791
0.0977 0.340106
0.0978 0.340436
0.0979 0.340984
0.098 0.341171
0.0981 0.341871
0.0982 0.342252
0.0983 0.342719
0.0984 0.342979
0.0985 0.343332
0.0986 0.343725
0.0987 0.344166
0.0988 0.344522
0.0989 0.344776
0.099 0.345097
0.0991 0.345398
0.0992 0.345793
0.0993 0.346005
0.0994 0.346056
0.0995 0.346448
0.0996 0.346734
0.0997 0.346962
0.0998 0.347349
0.0999 0.347667
0.1 0.347869
0.1001 0.348603
0.1002 0.349075
0.1003 0.349583
0.1004 0.349828
0.1005 0.350217
0.1006 0.350666
0.1007 0.351041
0.1008 0.351154
0.1009 0.351638
0.101 0.351752
0.1011 0.352154
0.1012 0.352537
0.1013 0.352874
0.1014 0.353197
0.1015 0.353668
0.1016 0.354173
0.1017 0.354529
0.1018 0.354935
0.1019 0.355338
0.102 0.355569
0.1021 0.355832
0.1022 0.356349
0.1023 0.35683
0.1024 0.357446
0.1025 0.357783
0.1026 0.358298
0.1027 0.358921
0.1028 0.35922
0.1029 0.359558
0.103 0.359551
0.1031 0.359511
0.1032 0.359919
0.1033 0.360715
0.1034 0.360727
0.1035 0.36121
0.1036 0.361413
0.1037 0.361624
0.1038 0.361762
0.1039 0.362242
0.104 0.362586
0.1041 0.362925
0.1042 0.36314
0.1043 0.363205
0.1044 0.363414
0.1045 0.363459
0.1046 0.364112
0.1047 0.364442
0.1048 0.365126
0.1049 0.365379
0.105 0.365881
0.1051 0.36608
0.1052 0.366441
0.1053 0.367138
0.1054 0.367438
0.1055 0.367604
0.1056 0.367997
0.1057 0.368091
0.1058 0.368406
0.1059 0.368824
0.106 0.369105
0.1061 0.369481
0.1062 0.369884
0.1063 0.370275
0.1064 0.370591
0.1065 0.37112
0.1066 0.371376
0.1067 0.371625
0.1068 0.37159
0.1069 0.371999
0.107 0.372438
0.1071 0.37262
0.1072 0.372994
0.1073 0.373088
0.1074 0.373293
0.1075 0.373687
0.1076 0.373895
0.1077 0.374284
0.1078 0.374697
0.1079 0.374952
0.108 0.37524
0.1081 0.375532
0.1082 0.37544
0.1083 0.375618
0.1084 0.37605
0.1085 0.376601
0.1086 0.376978
0.1087 0.377261
0.1088 0.37767
0.1089 0.378443
0.109 0.378854
0.1091 0.379204
0.1092 0.37965
0.1093 0.37987
0.1094 0.38014
0.1095 0.380412
0.1096 0.380884
0.1097 0.381125
0.1098 0.381475
0.1099 0.382006
0.11 0.382546
0.1101 0.382685
0.1102 0.383276
0.1103 0.383734
0.1104 0.383669
0.1105 0.384056
0.1106 0.384218
0.1107 0.384888
0.1108 0.385001
0.1109 0.38514
0.111 0.385582
0.1111 0.386228
0.1112 0.386414
0.1113 0.387149
0.1114 0.387532
0.1115 0.387889
0.1116 0.388086
0.1117 0.388327
0.1118 0.388398
0.1119 0.388418
0.112 0.388545
0.1121 0.389097
0.1122 0.389711
0.1123 0.389977
0.1124 0.390147
0.1125 0.390538
0.1126 0.390666
0.1127 0.390837
0.1128 0.390739
0.1129 0.391296
0.113 0.39149
0.1131 0.392162
0.1132 0.392211
0.1133 0.392331
0.1134 0.392598
0.1135 0.392843
0.1136 0.393218
0.1137 0.393459
0.1138 0.393804
0.1139 0.394234
0.114 0.394448
0.1141 0.39486
0.1142 0.394878
0.1143 0.395146
0.1144 0.39542
0.1145 0.395825
0.1146 0.396025
0.1147 0.396129
0.1148 0.396191
0.1149 0.396456
0.115 0.396857
0.1151 0.397009
0.1152 0.397045
0.1153 0.397458
0.1154 0.397538
0.1155 0.397978
0.1156 0.39824
0.1157 0.398978
0.1158 0.399393
0.1159 0.399665
0.116 0.399967
0.1161 0.400274
0.1162 0.400506
0.1163 0.400782
0.1164 0.40125
0.1165 0.401704
0.1166 0.401927
0.1167 0.402106
0.1168 0.402657
0.1169 0.402889
0.117 0.403163
0.1171 0.403479
0.1172 0.403493
0.1173 0.404062
0.1174 0.404681
0.1175 0.405052
0.1176 0.405694
0.1177 0.406137
0.1178 0.406034
0.1179 0.40648
0.118 0.406539
0.1181 0.407049
0.1182 0.407445
0.1183 0.407733
0.1184 0.407894
0.1185 0.408339
0.1186 0.408868
0.1187 0.409152
0.1188 0.409407
0.1189 0.409922
0.119 0.409803
0.1191 0.409938
0.1192 0.41071
0.1193 0.410891
0.1194 0.411245
0.1195 0.411436
0.1196 0.411953
0.1197 0.412161
0.1198 0.412613
0.1199 0.412836
0.12 0.41309
0.1201 0.413538
0.1202 0.414218
0.1203 0.414555
0.1204 0.41446
0.1205 0.414726
0.1206 0.415113
0.1207 0.415644
0.1208 0.415979
0.1209 0.416336
0.121 0.41647
0.1211 0.416866
0.1212 0.417175
0.1213 0.417567
0.1214 0.417777
0.1215 0.418404
0.1216 0.418488
0.1217 0.418901
0.1218 0.419169
0.1219 0.419541
0.122 0.420012
0.1221 0.420126
0.1222 0.420618
0.1223 0.420875
0.1224 0.420874
0.1225 0.421136
0.1226 0.421338
0.1227 0.421456
0.1228 0.421608
0.1229 0.421705
0.123 0.42241
0.1231 0.422552
0.1232 0.423197
0.1233 0.423394
0.1234 0.423652
0.1235 0.423908
0.1236 0.424017
0.1237 0.424168
0.1238 0.424451
0.1239 0.424628
0.124 0.424721
0.1241 0.42546
0.1242 0.425605
0.1243 0.425835
0.1244 0.426023
0.1245 0.426301
0.1246 0.426692
0.1247 0.426787
0.1248 0.42707
0.1249 0.427443
0.125 0.427549
0.1251 0.428063
0.1252 0.428371
0.1253 0.428712
0.1254 0.429038
0.1255 0.429222
0.1256 0.429415
0.1257 0.429845
0.1258 0.430153
0.1259 0.430468
0.126 0.431087
0.1261 0.431687
0.1262 0.431868
0.1263 0.432109
0.1264 0.432323
0.1265 0.432519
0.1266 0.432664
0.1267 0.433044
0.1268 0.433318
0.1269 0.433592
0.127 0.433936
0.1271 0.434209
0.1272 0.434695
0.1273 0.434914
0.1274 0.435346
0.1275 0.43578
0.1276 0.436466
0.1277 0.436929
0.1278 0.437455
0.1279 0.437535
0.128 0.437714
0.1281 0.437866
0.1282 0.437981
0.1283 0.438163
0.1284 0.438357
0.1285 0.438931
0.1286 0.439194
0.1287 0.439517
0.1288 0.440172
0.1289 0.440634
0.129 0.440677
0.1291 0.44095
0.1292 0.4411
0.1293 0.441622
0.1294 0.441596
0.1295 0.441779
0.1296 0.442356
0.1297 0.44251
0.1298 0.4429
0.1299 0.442982
0.13 0.4434
0.1301 0.443741
0.1302 0.444163
0.1303 0.444581
0.1304 0.444792
0.1305 0.444983
0.1306 0.445348
0.1307 0.445428
0.1308 0.445766
0.1309 0.446324
0.131 0.446632
0.1311 0.446918
0.1312 0.447202
0.1313 0.447471
0.1314 0.447795
0.1315 0.448018
0.1316 0.448458
0.1317 0.448815
0.1318 0.449253
0.1319 0.449561
0.132 0.449834
0.1321 0.450163
0.1322 0.450726
0.1323 0.451294
0.1324 0.451728
0.1325 0.451933
0.1326 0.452091
0.1327 0.452256
0.1328 0.452562
0.1329 0.452851
0.133 0.453115
0.1331 0.453552
0.1332 0.453666
0.1333 0.454253
0.1334 0.454776
0.1335 0.454735
0.1336 0.45529
0.1337 0.455295
0.1338 0.455763
0.1339 0.456159
0.134 0.456274
0.1341 0.456916
0.1342 0.457231
0.1343 0.457288
0.1344 0.457751
0.1345 0.458208
0.1346 0.45831
0.1347 0.458554
0.1348 0.458544
0.1349 0.458818
0.135 0.459273
0.1351 0.459753
0.1352 0.460274
0.1353 0.460769
0.1354 0.461413
0.1355 0.461465
0.1356 0.462096
0.1357 0.462768
0.1358 0.463156
0.1359 0.463488
0.136 0.463684
0.1361 0.463891
0.1362 0.464059
0.1363 0.464348
0.1364 0.464393
0.1365 0.464486
0.1366 0.464633
0.1367 0.464803
0.1368 0.464919
0.1369 0.465243
0.137 0.465478
0.1371 0.465554
0.1372 0.466204
0.1373 0.46653
0.1374 0.466845
0.1375 0.467046
0.1376 0.467331
0.1377 0.467401
0.1378 0.467576
0.1379 0.467728
0.138 0.468028
0.1381 0.468234
0.1382 0.468415
0.1383 0.468505
0.1384 0.468604
0.1385 0.468899
0.1386 0.469322
0.1387 0.469564
0.1388 0.469479
0.1389 0.469885
0.139 0.470306
0.1391 0.470686
0.1392 0.470796
0.1393 0.471
0.1394 0.471143
0.1395 0.471487
0.1396 0.471905
0.1397 0.472147
0.1398 0.472816
0.1399 0.473322
0.14 0.473262
0.1401 0.473506
0.1402 0.473652
0.1403 0.474042
0.1404 0.474089
0.1405 0.474598
0.1406 0.4749
0.1407 0.47529
0.1408 0.475663
0.1409 0.475725
0.141 0.476037
0.1411 0.476195
0.1412 0.476592
0.1413 0.476924
0.1414 0.476982
0.1415 0.477177
0.1416 0.477362
0.1417 0.477258
0.1418 0.477887
0.1419 0.478354
0.142 0.478647
0.1421 0.478612
0.1422 0.478608
0.1423 0.478921
0.1424 0.479364
0.1425 0.479544
0.1426 0.479808
0.1427 0.4799
0.1428 0.479999
0.1429 0.480253
0.143 0.480823
0.1431 0.481289
0.1432 0.481798
0.1433 0.481928
0.1434 0.482509
0.1435 0.482697
0.1436 0.482768
0.1437 0.483486
0.1438 0.48379
0.1439 0.483869
0.144 0.484135
0.1441 0.48445
0.1442 0.484682
0.1443 0.485109
0.1444 0.485862
0.1445 0.485942
0.1446 0.486317
0.1447 0.486491
0.1448 0.486715
0.1449 0.487268
0.145 0.487339
0.1451 0.487584
0.1452 0.488052
0.1453 0.488219
0.1454 0.488712
0.1455 0.489206
0.1456 0.489439
0.1457 0.489679
0.1458 0.490258
0.1459 0.490202
0.146 0.490253
0.1461 0.490551
0.1462 0.491059
0.1463 0.491183
0.1464 0.491573
0.1465 0.491783
0.1466 0.492117
0.1467 0.492423
0.1468 0.492701
0.1469 0.493
0.147 0.493452
0.1471 0.494011
0.1472 0.494501
0.1473 0.495007
0.1474 0.495426
0.1475 0.495475
0.1476 0.495677
0.1477 0.496152
0.1478 0.496554
0.1479 0.496723
0.148 0.497028
0.1481 0.497555
0.1482 0.498135
0.1483 0.498555
0.1484 0.498638
0.1485 0.499296
0.1486 0.499405
0.1487 0.49978
0.1488 0.499796
0.1489 0.500379
0.149 0.500412
0.1491 0.500382
0.1492 0.500574
0.1493 0.500852
0.1494 0.501212
0.1495 0.501742
0.1496 0.501786
0.1497 0.501769
0.1498 0.501962
0.1499 0.502482
0.15 0.50246
0.1501 0.502789
0.1502 0.503281
0.1503 0.503582
0.1504 0.503895
0.1505 0.504083
0.1506 0.503993
0.1507 0.504788
0.1508 0.505393
0.1509 0.50549
0.151 0.505806
0.1511 0.506217
0.1512 0.506334
0.1513 0.506822
0.1514 0.507198
0.1515 0.507601
0.1516 0.507416
0.1517 0.507709
0.1518 0.507967
0.1519 0.508285
0.152 0.508815
0.1521 0.509068
0.1522 0.509047
0.1523 0.509044
0.1524 0.509376
0.1525 0.5097
0.1526 0.510121
0.1527 0.510615
0.1528 0.511234
0.1529 0.511341
0.153 0.511889
0.1531 0.512362
0.1532 0.512774
0.1533 0.51272
0.1534 0.512837
0.1535 0.513415
0.1536 0.513649
0.1537 0.514323
0.1538 0.514695
0.1539 0.51491
0.154 0.514996
0.1541 0.515121
0.1542 0.515268
0.1543 0.515722
0.1544 0.516281
0.1545 0.516391
0.1546 0.516548
0.1547 0.5168
0.1548 0.517124
0.1549 0.517414
0.155 0.517683
0.1551 0.518234
0.1552 0.518621
0.1553 0.519177
0.1554 0.519734
0.1555 0.51988
0.1556 0.520261
0.1557 0.520583
0.1558 0.520834
0.1559 0.521065
0.156 0.52123
0.1561 0.5216
0.1562 0.521929
0.1563 0.522074
0.1564 0.522576
0.1565 0.523264
0.1566 0.523543
0.1567 0.524261
0.1568 0.524337
0.1569 0.524579
0.157 0.524958
0.1571 0.525407
0.1572 0.525563
0.1573 0.526239
0.1574 0.52682
0.1575 0.527219
0.1576 0.527439
0.1577 0.528064
0.1578 0.528209
0.1579 0.528792
0.158 0.529029
0.1581 0.529753
0.1582 0.529813
0.1583 0.529855
0.1584 0.530465
0.1585 0.530557
0.1586 0.530874
0.1587 0.530913
0.1588 0.531455
0.1589 0.531502
0.159 0.53205
0.1591 0.532498
0.1592 0.532787
0.1593 0.533079
0.1594 0.533294
0.1595 0.533409
0.1596 0.533738
0.1597 0.53427
0.1598 0.534785
0.1599 0.535246
0.16 0.535623
0.1601 0.536055
0.1602 0.536114
0.1603 0.536192
0.1604 0.536592
0.1605 0.537
0.1606 0.537467
0.1607 0.537948
0.1608 0.538178
0.1609 0.538113
0.161 0.538721
0.1611 0.538904
0.1612 0.539379
0.1613 0.539665
0.1614 0.540051
0.1615 0.540178
0.1616 0.540559
0.1617 0.541003
0.1618 0.541589
0.1619 0.541894
0.162 0.542361
0.1621 0.542789
0.1622 0.543058
0.1623 0.542976
0.1624 0.543344
0.1625 0.543806
0.1626 0.544012
0.1627 0.544392
0.1628 0.544493
0.1629 0.544525
0.163 0.544683
0.1631 0.545228
0.1632 0.545327
0.1633 0.545545
0.1634 0.545871
0.1635 0.546198
0.1636 0.546302
0.1637 0.546495
0.1638 0.547004
0.1639 0.547457
0.164 0.547522
0.1641 0.54784
0.1642 0.547825
0.1643 0.548059
0.1644 0.548459
0.1645 0.548871
0.1646 0.549032
0.1647 0.549335
0.1648 0.549751
0.1649 0.550125
0.165 0.550254
0.1651 0.550746
0.1652 0.551176
0.1653 0.551351
0.1654 0.551654
0.1655 0.55188
0.1656 0.552048
0.1657 0.552607
0.1658 0.552896
0.1659 0.553288
0.166 0.553705
0.1661 0.55405
0.1662 0.554295
0.1663 0.554243
0.1664 0.554615
0.1665 0.555131
0.1666 0.555416
0.1667 0.555577
0.1668 0.556061
0.1669 0.556339
0.167 0.55689
0.1671 0.557195
0.1672 0.557354
0.1673 0.558142
0.1674 0.558286
0.1675 0.558682
0.1676 0.559411
0.1677 0.559929
0.1678 0.559961
0.1679 0.560756
0.168 0.561131
0.1681 0.561736
0.1682 0.562262
0.1683 0.562678
0.1684 0.562785
0.1685 0.563354
0.1686 0.56339
0.1687 0.563316
0.1688 0.5636
0.1689 0.56397
0.169 0.564838
0.1691 0.565154
0.1692 0.565656
0.1693 0.565961
0.1694 0.566445
0.1695 0.566717
0.1696 0.56708
0.1697 0.567466
0.1698 0.567902
0.1699 0.567899
0.17 0.568271
0.1701 0.569009
0.1702 0.569443
0.1703 0.569647
0.1704 0.570271
0.1705 0.570515
0.1706 0.570624
0.1707 0.570928
0.1708 0.570978
0.1709 0.570804
0.171 0.571006
0.1711 0.571178
0.1712 0.571532
0.1713 0.572107
0.1714 0.572708
0.1715 0.572688
0.1716 0.57343
0.1717 0.573738
0.1718 0.574113
0.1719 0.574779
0.172 0.575229
0.1721 0.575577
0.1722 0.576031
0.1723 0.57647
0.1724 0.576343
0.1725 0.576737
0.1726 0.577139
0.1727 0.577306
0.1728 0.577683
0.1729 0.577974
0.173 0.578125
0.1731 0.578268
0.1732 0.578296
0.1733 0.578809
0.1734 0.579171
0.1735 0.579429
0.1736 0.580014
0.1737 0.580165
0.1738 0.580998
0.1739 0.581511
0.174 0.581912
0.1741 0.582631
0.1742 0.582863
0.1743 0.582991
0.1744 0.583198
0.1745 0.583374
0.1746 0.583984
0.1747 0.584239
0.1748 0.584628
0.1749 0.584905
0.175 0.585297
0.1751 0.585648
0.1752 0.585774
0.1753 0.586165
0.1754 0.58687
0.1755 0.587156
0.1756 0.587402
0.1757 0.587845
0.1758 0.587718
0.1759 0.587807
0.176 0.588334
0.1761 0.588934
0.1762 0.589203
0.1763 0.589795
0.1764 0.590264
0.1765 0.59068
0.1766 0.590953
0.1767 0.591373
0.1768 0.591448
0.1769 0.592083
0.177 0.592272
0.1771 0.592414
0.1772 0.592729
0.1773 0.592889
0.1774 0.59341
0.1775 0.594138
0.1776 0.594786
0.1777 0.595064
0.1778 0.595763
0.1779 0.596029
0.178 0.596421
0.1781 0.596718
0.1782 0.597016
0.1783 0.597108
0.1784 0.597385
0.1785 0.597809
0.1786 0.598101
0.1787 0.598354
0.1788 0.598595
0.1789 0.599168
0.179 0.59896
0.1791 0.599205
0.1792 0.599229
0.1793 0.599762
0.1794 0.60018
0.1795 0.59993
0.1796 0.600062
0.1797 0.600341
0.1798 0.600706
0.1799 0.601138
0.18 0.601019
0.1801 0.601217
0.1802 0.601296
0.1803 0.60164
0.1804 0.602145
0.1805 0.602264
0.1806 0.602528
0.1807 0.603064
0.1808 0.603588
0.1809 0.603539
0.181 0.603713
0.1811 0.60414
0.1812 0.604638
0.1813 0.605137
0.1814 0.605421
0.1815 0.605565
0.1816 0.605727
0.1817 0.606259
0.1818 0.606964
0.1819 0.607079
0.182 0.60761
0.1821 0.608347
0.1822 0.608989
0.1823 0.609366
0.1824 0.609593
0.1825 0.610022
0.1826 0.610347
0.1827 0.611164
0.1828 0.611232
0.1829 0.611898
0.183 0.611989
0.1831 0.61249
0.1832 0.613077
0.1833 0.613473
0.1834 0.61353
0.1835 0.613775
0.1836 0.614214
0.1837 0.614227
0.1838 0.614141
0.1839 0.614315
0.184 0.614697
0.1841 0.614872
0.1842 0.615031
0.1843 0.615338
0.1844 0.615333
0.1845 0.615678
0.1846 0.616146
0.1847 0.616756
0.1848 0.617048
0.1849 0.617306
0.185 0.618037
0.1851 0.618304
0.1852 0.618691
0.1853 0.619323
0.1854 0.619598
0.1855 0.619815
0.1856 0.62027
0.1857 0.620494
0.1858 0.62083
0.1859 0.621026
0.186 0.62149
0.1861 0.622012
0.1862 0.622068
0.1863 0.622152
0.1864 0.622546
0.1865 0.622892
0.1866 0.623036
0.1867 0.623656
0.1868 0.624098
0.1869 0.6246
0.187 0.625054
0.1871 0.625179
0.1872 0.625198
0.1873 0.625026
0.1874 0.625556
0.1875 0.625943
0.1876 0.626248
0.1877 0.626574
0.1878 0.626587
0.1879 0.626982
0.188 0.626813
0.1881 0.626908
0.1882 0.627328
0.1883 0.628148
0.1884 0.628196
0.1885 0.628869
0.1886 0.628811
0.1887 0.629253
0.1888 0.629524
0.1889 0.630329
0.189 0.630362
0.1891 0.630826
0.1892 0.631301
0.1893 0.631767
0.1894 0.631744
0.1895 0.631665
0.1896 0.632323
0.1897 0.632501
0.1898 0.632855
0.1899 0.633033
0.19 0.633248
0.1901 0.633754
0.1902 0.634006
0.1903 0.634364
0.1904 0.634855
0.1905 0.63533
0.1906 0.635812
0.1907 0.636159
0.1908 0.636405
0.1909 0.636644
0.191 0.636771
0.1911 0.637037
0.1912 0.637449
0.1913 0.637994
0.1914 0.638235
0.1915 0.638387
0.1916 0.638834
0.1917 0.639212
0.1918 0.639135
0.1919 0.639657
0.192 0.639784
0.1921 0.639971
0.1922 0.640271
0.1923 0.640452
0.1924 0.640832
0.1925 0.641397
0.1926 0.641507
0.1927 0.641947
0.1928 0.642067
0.1929 0.642152
0.193 0.642242
0.1931 0.642619
0.1932 0.642692
0.1933 0.643028
0.1934 0.64314
0.1935 0.643275
0.1936 0.643745
0.1937 0.643871
0.1938 0.644378
0.1939 0.644587
0.194 0.644877
0.1941 0.645532
0.1942 0.645987
0.1943 0.646553
0.1944 0.646828
0.1945 0.647113
0.1946 0.647613
0.1947 0.648449
0.1948 0.648428
0.1949 0.648754
0.195 0.648897
0.1951 0.649434
0.1952 0.649211
0.1953 0.649717
0.1954 0.649888
0.1955 0.650218
0.1956 0.650635
0.1957 0.651088
0.1958 0.651097
0.1959 0.65131
0.196 0.651669
0.1961 0.652144
0.1962 0.652311
0.1963 0.652657
0.1964 0.652608
0.1965 0.65297
0.1966 0.653628
0.1967 0.653937
0.1968 0.654016
0.1969 0.654028
0.197 0.654377
0.1971 0.653937
0.1972 0.654574
0.1973 0.654648
0.1974 0.655045
0.1975 0.655171
0.1976 0.655524
0.1977 0.655795
0.1978 0.656047
0.1979 0.656099
0.198 0.656365
0.1981 0.656916
0.1982 0.656886
0.1983 0.657235
0.1984 0.657583
0.1985 0.657743
0.1986 0.657985
0.1987 0.658061
0.1988 0.658275
0.1989 0.658405
0.199 0.658403
0.1991 0.659123
0.1992 0.659305
0.1993 0.659674
0.1994 0.659565
0.1995 0.659861
0.1996 0.660449
0.1997 0.66034
0.1998 0.66056
0.1999 0.660918
0.2 0.661117
0.2001 0.661632
0.2002 0.661688
0.2003 0.662037
0.2004 0.6622
0.2005 0.662366
0.2006 0.662792
0.2007 0.663165
0.2008 0.663554
0.2009 0.663808
0.201 0.664173
0.2011 0.664213
0.2012 0.664728
0.2013 0.665026
0.2014 0.665316
0.2015 0.665803
0.2016 0.666118
0.2017 0.6664
0.2018 0.666972
0.2019 0.667163
0.202 0.667635
0.2021 0.667619
0.2022 0.667637
0.2023 0.668178
0.2024 0.668546
0.2025 0.668837
0.2026 0.669084
0.2027 0.669541
0.2028 0.669909
0.2029 0.67073
0.203 0.670899
0.2031 0.671175
0.2032 0.67132
0.2033 0.671571
0.2034 0.671766
0.2035 0.672079
0.2036 0.672397
0.2037 0.672523
0.2038 0.672819
0.2039 0.673142
0.204 0.673693
0.2041 0.67393
0.2042 0.674388
0.2043 0.674486
0.2044 0.674293
0.2045 0.674508
0.2046 0.674214
0.2047 0.67475
0.2048 0.6751
0.2049 0.675253
0.205 0.675363
0.2051 0.675574
0.2052 0.675729
0.2053 0.67588
0.2054 0.675693
0.2055 0.675936
0.2056 0.676072
0.2057 0.676255
0.2058 0.67665
0.2059 0.677033
0.206 0.67713
0.2061 0.677127
0.2062 0.677427
0.2063 0.677608
