0 0
0.0001 0.000395172
0.0002 0.000807946
0.0003 0.00119745
0.0004 0.00159514
0.0005 0.00198802
0.0006 0.00240358
0.0007 0.00279774
0.0008 0.00320763
0.0009 0.00360043
0.001 0.0040145
0.0011 0.00437822
0.0012 0.00475136
0.0013 0.00515861
0.0014 0.00557587
0.0015 0.00597248
0.0016 0.00638996
0.0017 0.00679629
0.0018 0.00724719
0.0019 0.00759509
0.002 0.00797831
0.0021 0.00837031
0.0022 0.00876759
0.0023 0.00915715
0.0024 0.00955861
0.0025 0.00995441
0.0026 0.0103761
0.0027 0.0107792
0.0028 0.0111847
0.0029 0.0115672
0.003 0.0119717
0.0031 0.0123852
0.0032 0.0127678
0.0033 0.0131558
0.0034 0.013546
0.0035 0.0139073
0.0036 0.0142864
0.0037 0.0147353
0.0038 0.0151476
0.0039 0.0155077
0.004 0.0158848
0.0041 0.0163183
0.0042 0.0166882
0.0043 0.0171284
0.0044 0.0175836
0.0045 0.0179975
0.0046 0.0183991
0.0047 0.0188239
0.0048 0.0191539
0.0049 0.0195318
0.005 0.0199254
0.0051 0.0203319
0.0052 0.0207381
0.0053 0.0211571
0.0054 0.0215482
0.0055 0.0219282
0.0056 0.0222827
0.0057 0.0226528
0.0058 0.0230302
0.0059 0.0234148
0.006 0.0238666
0.0061 0.0242615
0.0062 0.0246844
0.0063 0.0250849
0.0064 0.0255598
0.0065 0.0259502
0.0066 0.0263855
0.0067 0.0267419
0.0068 0.0271586
0.0069 0.0275419
0.007 0.0279324
0.0071 0.0282266
0.0072 0.0286232
0.0073 0.0290804
0.0074 0.0293804
0.0075 0.029714
0.0076 0.0300495
0.0077 0.0304388
0.0078 0.0308743
0.0079 0.0312225
0.008 0.0316593
0.0081 0.0320189
0.0082 0.0324491
0.0083 0.0328261
0.0084 0.0331639
0.0085 0.033579
0.0086 0.0339926
0.0087 0.0343123
0.0088 0.0346981
0.0089 0.0351523
0.009 0.0354873
0.0091 0.0359039
0.0092 0.0363221
0.0093 0.0367806
0.0094 0.0371767
0.0095 0.0375938
0.0096 0.0379624
0.0097 0.0383356
0.0098 0.038652
0.0099 0.0390827
0.01 0.0394435
0.0101 0.0399047
0.0102 0.0403923
0.0103 0.0407756
0.0104 0.0411646
0.0105 0.0415399
0.0106 0.0419816
0.0107 0.0423544
0.0108 0.0427359
0.0109 0.0431368
0.011 0.0435095
0.0111 0.0439927
0.0112 0.0443991
0.0113 0.0447064
0.0114 0.0450909
0.0115 0.0454424
0.0116 0.0458252
0.0117 0.0462583
0.0118 0.0466581
0.0119 0.0470511
0.012 0.0473907
0.0121 0.0478231
0.0122 0.0482129
0.0123 0.0486171
0.0124 0.0489875
0.0125 0.0494802
0.0126 0.0499654
0.0127 0.0502997
0.0128 0.050819
0.0129 0.0513639
0.013 0.0518307
0.0131 0.0522329
0.0132 0.0527155
0.0133 0.0530395
0.0134 0.0534684
0.0135 0.0538991
0.0136 0.0542524
0.0137 0.0546162
0.0138 0.0550562
0.0139 0.0554427
0.014 0.0557716
0.0141 0.0562351
0.0142 0.0565968
0.0143 0.0570292
0.0144 0.0574379
0.0145 0.0579393
0.0146 0.0583467
0.0147 0.0587198
0.0148 0.0591604
0.0149 0.0595
0.015 0.0598574
0.0151 0.0602548
0.0152 0.0607435
0.0153 0.0611089
0.0154 0.0614082
0.0155 0.0618399
0.0156 0.0623348
0.0157 0.0625945
0.0158 0.063047
0.0159 0.0636551
0.016 0.0640688
0.0161 0.0644091
0.0162 0.064822
0.0163 0.0653246
0.0164 0.0655853
0.0165 0.0659864
0.0166 0.066338
0.0167 0.0668409
0.0168 0.067158
0.0169 0.0674244
0.017 0.0678335
0.0171 0.0681288
0.0172 0.0685699
0.0173 0.0689341
0.0174 0.069292
0.0175 0.069626
0.0176 0.0699491
0.0177 0.0703248
0.0178 0.0707346
0.0179 0.0711737
0.018 0.071695
0.0181 0.0718716
0.0182 0.0723333
0.0183 0.0727478
0.0184 0.0730927
0.0185 0.0734734
0.0186 0.0739346
0.0187 0.0743805
0.0188 0.0747332
0.0189 0.0751556
0.019 0.0754124
0.0191 0.0758109
0.0192 0.0762638
0.0193 0.0765868
0.0194 0.0769541
0.0195 0.0773518
0.0196 0.0777688
0.0197 0.0780597
0.0198 0.0785323
0.0199 0.0790634
0.02 0.079476
0.0201 0.0798456
0.0202 0.0802673
0.0203 0.0806625
0.0204 0.0809708
0.0205 0.081379
0.0206 0.0816916
0.0207 0.0822663
0.0208 0.0825277
0.0209 0.0828874
0.021 0.0831546
0.0211 0.0835272
0.0212 0.0839896
0.0213 0.0843268
0.0214 0.0846142
0.0215 0.0850897
0.0216 0.0854025
0.0217 0.0856612
0.0218 0.0860569
0.0219 0.0866148
0.022 0.0871332
0.0221 0.0875013
0.0222 0.0880754
0.0223 0.0886844
0.0224 0.0890745
0.0225 0.0895087
0.0226 0.0898476
0.0227 0.0902003
0.0228 0.0905916
0.0229 0.0909733
0.023 0.0915457
0.0231 0.0920337
0.0232 0.0924398
0.0233 0.0928771
0.0234 0.0932825
0.0235 0.0937315
0.0236 0.0940584
0.0237 0.0943648
0.0238 0.0948114
0.0239 0.0952662
0.024 0.0956313
0.0241 0.0960243
0.0242 0.0961472
0.0243 0.0967751
0.0244 0.0971161
0.0245 0.0974571
0.0246 0.0978831
0.0247 0.0981364
0.0248 0.0985332
0.0249 0.0988839
0.025 0.0991412
0.0251 0.0994298
0.0252 0.099852
0.0253 0.100082
0.0254 0.100532
0.0255 0.100832
0.0256 0.101126
0.0257 0.101539
0.0258 0.101806
0.0259 0.102169
0.026 0.102352
0.0261 0.102768
0.0262 0.103232
0.0263 0.103712
0.0264 0.104055
0.0265 0.104343
0.0266 0.104734
0.0267 0.105106
0.0268 0.105602
0.0269 0.105913
0.027 0.106206
0.0271 0.106574
0.0272 0.107037
0.0273 0.107462
0.0274 0.10785
0.0275 0.108067
0.0276 0.108481
0.0277 0.108783
0.0278 0.109042
0.0279 0.109291
0.028 0.109561
0.0281 0.109922
0.0282 0.110228
0.0283 0.110549
0.0284 0.110884
0.0285 0.111211
0.0286 0.111532
0.0287 0.111803
0.0288 0.11207
0.0289 0.112403
0.029 0.112568
0.0291 0.113021
0.0292 0.113264
0.0293 0.113663
0.0294 0.113936
0.0295 0.114491
0.0296 0.114807
0.0297 0.115199
0.0298 0.115428
0.0299 0.115568
0.03 0.11596
0.0301 0.116354
0.0302 0.116652
0.0303 0.116931
0.0304 0.117205
0.0305 0.117666
0.0306 0.117987
0.0307 0.118323
0.0308 0.11882
0.0309 0.119295
0.031 0.119742
0.0311 0.120225
0.0312 0.120521
0.0313 0.120964
0.0314 0.121267
0.0315 0.121778
0.0316 0.122213
0.0317 0.122534
0.0318 0.122773
0.0319 0.123162
0.032 0.123461
0.0321 0.123805
0.0322 0.124173
0.0323 0.124384
0.0324 0.124748
0.0325 0.125101
0.0326 0.125449
0.0327 0.125807
0.0328 0.126272
0.0329 0.126546
0.033 0.126821
0.0331 0.127264
0.0332 0.127577
0.0333 0.127867
0.0334 0.128247
0.0335 0.128567
0.0336 0.128846
0.0337 0.129052
0.0338 0.129461
0.0339 0.129741
0.034 0.130045
0.0341 0.130322
0.0342 0.130502
0.0343 0.130895
0.0344 0.131052
0.0345 0.131317
0.0346 0.131921
0.0347 0.132262
0.0348 0.132571
0.0349 0.133005
0.035 0.133229
0.0351 0.13365
0.0352 0.133978
0.0353 0.134401
0.0354 0.134628
0.0355 0.134965
0.0356 0.135355
0.0357 0.135878
0.0358 0.136449
0.0359 0.13681
0.036 0.137232
0.0361 0.137608
0.0362 0.137929
0.0363 0.13817
0.0364 0.1384
0.0365 0.138703
0.0366 0.139046
0.0367 0.13938
0.0368 0.13958
0.0369 0.140014
0.037 0.140315
0.0371 0.140776
0.0372 0.141223
0.0373 0.141448
0.0374 0.141849
0.0375 0.142046
0.0376 0.142168
0.0377 0.142446
0.0378 0.14279
0.0379 0.143147
0.038 0.143483
0.0381 0.143904
0.0382 0.144151
0.0383 0.144641
0.0384 0.144891
0.0385 0.145166
0.0386 0.145628
0.0387 0.145759
0.0388 0.145825
0.0389 0.146281
0.039 0.146556
0.0391 0.146738
0.0392 0.147222
0.0393 0.14748
0.0394 0.147972
0.0395 0.148402
0.0396 0.148658
0.0397 0.149012
0.0398 0.149214
0.0399 0.14954
0.04 0.150009
0.0401 0.150511
0.0402 0.150969
0.0403 0.151442
0.0404 0.151772
0.0405 0.151925
0.0406 0.152516
0.0407 0.152864
0.0408 0.153068
0.0409 0.153469
0.041 0.153835
0.0411 0.154227
0.0412 0.154678
0.0413 0.154976
0.0414 0.155281
0.0415 0.155658
0.0416 0.155878
0.0417 0.156219
0.0418 0.156496
0.0419 0.156648
0.042 0.157007
0.0421 0.157304
0.0422 0.157396
0.0423 0.157694
0.0424 0.157865
0.0425 0.158194
0.0426 0.158623
0.0427 0.15911
0.0428 0.159536
0.0429 0.159758
0.043 0.160036
0.0431 0.160461
0.0432 0.160766
0.0433 0.160993
0.0434 0.16138
0.0435 0.1618
0.0436 0.162081
0.0437 0.162334
0.0438 0.162752
0.0439 0.163245
0.044 0.163402
0.0441 0.163686
0.0442 0.164029
0.0443 0.164446
0.0444 0.164613
0.0445 0.164996
0.0446 0.165403
0.0447 0.165731
0.0448 0.166059
0.0449 0.166238
0.045 0.166499
0.0451 0.166862
0.0452 0.167203
0.0453 0.16766
0.0454 0.167944
0.0455 0.168229
0.0456 0.16866
0.0457 0.169239
0.0458 0.169487
0.0459 0.169903
0.046 0.170388
0.0461 0.170722
0.0462 0.171236
0.0463 0.171408
0.0464 0.171795
0.0465 0.172248
0.0466 0.172732
0.0467 0.172957
0.0468 0.173224
0.0469 0.173265
0.047 0.173632
0.0471 0.173918
0.0472 0.17434
0.0473 0.174774
0.0474 0.175197
0.0475 0.175543
0.0476 0.175995
0.0477 0.17644
0.0478 0.177013
0.0479 0.177245
0.048 0.177558
0.0481 0.177797
0.0482 0.178206
0.0483 0.178373
0.0484 0.178596
0.0485 0.178879
0.0486 0.179187
0.0487 0.179378
0.0488 0.179927
0.0489 0.180492
0.049 0.180763
0.0491 0.181139
0.0492 0.181601
0.0493 0.181683
0.0494 0.182432
0.0495 0.18288
0.0496 0.183194
0.0497 0.183457
0.0498 0.183651
0.0499 0.184183
0.05 0.184552
0.0501 0.184954
0.0502 0.185408
0.0503 0.185977
0.0504 0.186407
0.0505 0.186697
0.0506 0.186998
0.0507 0.187589
0.0508 0.188017
0.0509 0.188465
0.051 0.188844
0.0511 0.189103
0.0512 0.189573
0.0513 0.189687
0.0514 0.189873
0.0515 0.190314
0.0516 0.190635
0.0517 0.190997
0.0518 0.191425
0.0519 0.191689
0.052 0.19212
0.0521 0.192737
0.0522 0.193121
0.0523 0.193241
0.0524 0.193704
0.0525 0.194058
0.0526 0.194543
0.0527 0.194913
0.0528 0.195266
0.0529 0.195557
0.053 0.195819
0.0531 0.196279
0.0532 0.196493
0.0533 0.196777
0.0534 0.197025
0.0535 0.197408
0.0536 0.19771
0.0537 0.198222
0.0538 0.19871
0.0539 0.199123
0.054 0.199574
0.0541 0.199987
0.0542 0.200291
0.0543 0.200705
0.0544 0.201096
0.0545 0.201572
0.0546 0.201802
0.0547 0.202006
0.0548 0.202385
0.0549 0.202711
0.055 0.203186
0.0551 0.203298
0.0552 0.203894
0.0553 0.204348
0.0554 0.204411
0.0555 0.204643
0.0556 0.204916
0.0557 0.205312
0.0558 0.205697
0.0559 0.20593
0.056 0.206343
0.0561 0.206727
0.0562 0.207277
0.0563 0.207635
0.0564 0.207904
0.0565 0.208432
0.0566 0.208782
0.0567 0.209122
0.0568 0.209649
0.0569 0.210238
0.057 0.21088
0.0571 0.211196
0.0572 0.211474
0.0573 0.212337
0.0574 0.212716
0.0575 0.213272
0.0576 0.213591
0.0577 0.214108
0.0578 0.214571
0.0579 0.214766
0.058 0.215116
0.0581 0.215226
0.0582 0.215188
0.0583 0.215747
0.0584 0.216096
0.0585 0.216415
0.0586 0.216751
0.0587 0.217057
0.0588 0.217448
0.0589 0.217831
0.059 0.218484
0.0591 0.218699
0.0592 0.219014
0.0593 0.219326
0.0594 0.219709
0.0595 0.219969
0.0596 0.220342
0.0597 0.220334
0.0598 0.220438
0.0599 0.220767
0.06 0.221043
0.0601 0.221408
0.0602 0.221835
0.0603 0.222142
0.0604 0.222447
0.0605 0.222623
0.0606 0.223062
0.0607 0.223546
0.0608 0.223787
0.0609 0.224185
0.061 0.224496
0.0611 0.224838
0.0612 0.225205
0.0613 0.225541
0.0614 0.225696
0.0615 0.225967
0.0616 0.226028
0.0617 0.226126
0.0618 0.226261
0.0619 0.226486
0.062 0.226819
0.0621 0.227211
0.0622 0.227278
0.0623 0.227488
0.0624 0.227753
0.0625 0.228032
0.0626 0.22816
0.0627 0.228529
0.0628 0.229014
0.0629 0.229315
0.063 0.229928
0.0631 0.230095
0.0632 0.23061
0.0633 0.230923
0.0634 0.231289
0.0635 0.231943
0.0636 0.232295
0.0637 0.232769
0.0638 0.233138
0.0639 0.233468
0.064 0.23356
0.0641 0.233935
0.0642 0.234371
0.0643 0.234524
0.0644 0.234953
0.0645 0.234971
0.0646 0.235482
0.0647 0.235616
0.0648 0.236082
0.0649 0.236479
0.065 0.236513
0.0651 0.236753
0.0652 0.237023
0.0653 0.237414
0.0654 0.23775
0.0655 0.23819
0.0656 0.238521
0.0657 0.239004
0.0658 0.239281
0.0659 0.239642
0.066 0.239585
0.0661 0.239883
0.0662 0.240322
0.0663 0.240541
0.0664 0.240782
0.0665 0.241114
0.0666 0.241324
0.0667 0.241889
0.0668 0.242199
0.0669 0.242397
0.067 0.242771
0.0671 0.243019
0.0672 0.243554
0.0673 0.244037
0.0674 0.244387
0.0675 0.244749
0.0676 0.244912
0.0677 0.245257
0.0678 0.245901
0.0679 0.246258
0.068 0.24659
0.0681 0.246736
0.0682 0.247192
0.0683 0.247652
0.0684 0.247947
0.0685 0.248146
0.0686 0.248635
0.0687 0.248768
0.0688 0.249113
0.0689 0.249636
0.069 0.25021
0.0691 0.25052
0.0692 0.25091
0.0693 0.250873
0.0694 0.251332
0.0695 0.251762
0.0696 0.252368
0.0697 0.252732
0.0698 0.252946
0.0699 0.253029
0.07 0.253192
0.0701 0.25341
0.0702 0.253589
0.0703 0.253805
0.0704 0.253946
0.0705 0.25411
0.0706 0.254342
0.0707 0.254505
0.0708 0.254845
0.0709 0.255185
0.071 0.255463
0.0711 0.255628
0.0712 0.25592
0.0713 0.25598
0.0714 0.256323
0.0715 0.256545
0.0716 0.256732
0.0717 0.257117
0.0718 0.25737
0.0719 0.257484
0.072 0.257759
0.0721 0.257974
0.0722 0.258284
0.0723 0.258671
0.0724 0.258954
0.0725 0.259434
0.0726 0.259804
0.0727 0.26017
0.0728 0.260431
0.0729 0.26084
0.073 0.261224
0.0731 0.261715
0.0732 0.26203
0.0733 0.262336
0.0734 0.262218
0.0735 0.26262
0.0736 0.26293
0.0737 0.263262
0.0738 0.263616
0.0739 0.264055
0.074 0.264354
0.0741 0.264746
0.0742 0.265294
0.0743 0.265643
0.0744 0.266144
0.0745 0.266326
0.0746 0.266706
0.0747 0.266885
0.0748 0.267258
0.0749 0.267432
0.075 0.267905
0.0751 0.268294
0.0752 0.268671
0.0753 0.268944
0.0754 0.269212
0.0755 0.26929
0.0756 0.269631
0.0757 0.269951
0.0758 0.270188
0.0759 0.270408
0.076 0.270791
0.0761 0.271163
0.0762 0.271352
0.0763 0.271778
0.0764 0.272125
0.0765 0.272505
0.0766 0.27279
0.0767 0.273077
0.0768 0.273471
0.0769 0.273803
0.077 0.274047
0.0771 0.274473
0.0772 0.274996
0.0773 0.275469
0.0774 0.27579
0.0775 0.275909
0.0776 0.276198
0.0777 0.27641
0.0778 0.276707
0.0779 0.277077
0.078 0.277598
0.0781 0.277973
0.0782 0.278046
0.0783 0.278537
0.0784 0.279072
0.0785 0.279463
0.0786 0.279964
0.0787 0.280321
0.0788 0.28053
0.0789 0.280877
0.079 0.281058
0.0791 0.28133
0.0792 0.281481
0.0793 0.281779
0.0794 0.28226
0.0795 0.282708
0.0796 0.28295
0.0797 0.283035
0.0798 0.283289
0.0799 0.283501
0.08 0.283631
0.0801 0.283811
0.0802 0.28403
0.0803 0.284398
0.0804 0.284649
0.0805 0.285028
0.0806 0.285254
0.0807 0.285415
0.0808 0.285731
0.0809 0.286135
0.081 0.286765
0.0811 0.287348
0.0812 0.28763
0.0813 0.287935
0.0814 0.288331
0.0815 0.288472
0.0816 0.288937
0.0817 0.289049
0.0818 0.289411
0.0819 0.2897
0.082 0.290193
0.0821 0.290481
0.0822 0.290885
0.0823 0.291199
0.0824 0.291815
0.0825 0.292121
0.0826 0.29252
0.0827 0.292571
0.0828 0.293057
0.0829 0.29338
0.083 0.293738
0.0831 0.294048
0.0832 0.294405
0.0833 0.29473
0.0834 0.295012
0.0835 0.295154
0.0836 0.295361
0.0837 0.295834
0.0838 0.296135
0.0839 0.296517
0.084 0.29673
0.0841 0.296828
0.0842 0.296767
0.0843 0.2972
0.0844 0.297523
0.0845 0.297666
0.0846 0.298012
0.0847 0.298143
0.0848 0.298362
0.0849 0.298545
0.085 0.298947
0.0851 0.299235
0.0852 0.299524
0.0853 0.299805
0.0854 0.300021
0.0855 0.300002
0.0856 0.300538
0.0857 0.300772
0.0858 0.301102
0.0859 0.301457
0.086 0.301893
0.0861 0.302314
0.0862 0.302643
0.0863 0.303118
0.0864 0.303244
0.0865 0.303676
0.0866 0.304215
0.0867 0.30442
0.0868 0.304974
0.0869 0.305385
0.087 0.305521
0.0871 0.305811
0.0872 0.306045
0.0873 0.305991
0.0874 0.306145
0.0875 0.3063
0.0876 0.306712
0.0877 0.306955
0.0878 0.307215
0.0879 0.307704
0.088 0.308029
0.0881 0.308451
0.0882 0.308629
0.0883 0.309106
0.0884 0.309176
0.0885 0.309559
0.0886 0.309564
0.0887 0.309782
0.0888 0.310026
0.0889 0.31015
0.089 0.310508
0.0891 0.310784
0.0892 0.311441
0.0893 0.311525
0.0894 0.311629
0.0895 0.312301
0.0896 0.312494
0.0897 0.312854
0.0898 0.313111
0.0899 0.313394
0.09 0.313153
0.0901 0.313529
0.0902 0.314119
0.0903 0.314698
0.0904 0.315074
0.0905 0.315672
0.0906 0.315889
0.0907 0.316416
0.0908 0.316795
0.0909 0.317353
0.091 0.317462
0.0911 0.317637
0.0912 0.317807
0.0913 0.318054
0.0914 0.318493
0.0915 0.318572
0.0916 0.318752
0.0917 0.318967
0.0918 0.319195
0.0919 0.319192
0.092 0.319419
0.0921 0.319885
0.0922 0.32058
0.0923 0.320919
0.0924 0.321098
0.0925 0.321368
0.0926 0.32159
0.0927 0.321759
0.0928 0.321885
0.0929 0.322255
0.093 0.322401
0.0931 0.322474
0.0932 0.323106
0.0933 0.323396
0.0934 0.32368
0.0935 0.32411
0.0936 0.32465
0.0937 0.325036
0.0938 0.325091
0.0939 0.325358
0.094 0.325671
0.0941 0.326182
0.0942 0.326497
0.0943 0.326848
0.0944 0.32714
0.0945 0.327326
0.0946 0.327868
0.0947 0.328169
0.0948 0.32864
0.0949 0.329306
0.095 0.329604
0.0951 0.330079
0.0952 0.330191
0.0953 0.330252
0.0954 0.330792
0.0955 0.330716
0.0956 0.330927
0.0957 0.331271
0.0958 0.33157
0.0959 0.331885
0.096 0.332106
0.0961 0.332468
0.0962 0.332639
0.0963 0.332973
0.0964 0.333186
0.0965 0.333653
0.0966 0.333884
0.0967 0.334369
0.0968 0.334838
0.0969 0.335475
0.097 0.335714
0.0971 0.336149
0.0972 0.336511
0.0973 0.33674
0.0974 0.337288
0.0975 0.337491
0.0976 0.337792
0.0977 0.338066
0.0978 0.338067
0.0979 0.338625
0.098 0.339161
0.0981 0.339591
0.0982 0.339929
0.0983 0.340325
0.0984 0.34065
0.0985 0.341113
0.0986 0.341599
0.0987 0.342085
0.0988 0.342454
0.0989 0.342516
0.099 0.342849
0.0991 0.343119
0.0992 0.343255
0.0993 0.343844
0.0994 0.344278
0.0995 0.344632
0.0996 0.345029
0.0997 0.345612
0.0998 0.345794
0.0999 0.346005
0.1 0.346344
0.1001 0.346884
0.1002 0.346979
0.1003 0.347362
0.1004 0.347552
0.1005 0.347797
0.1006 0.348081
0.1007 0.348538
0.1008 0.348856
0.1009 0.349019
0.101 0.34978
0.1011 0.349989
0.1012 0.350284
0.1013 0.350539
0.1014 0.350524
0.1015 0.350877
0.1016 0.351064
0.1017 0.351691
0.1018 0.351844
0.1019 0.352371
0.102 0.352756
0.1021 0.353071
0.1022 0.353462
0.1023 0.353848
0.1024 0.354144
0.1025 0.354302
0.1026 0.355133
0.1027 0.355756
0.1028 0.356126
0.1029 0.356686
0.103 0.357118
0.1031 0.357435
0.1032 0.357707
0.1033 0.358072
0.1034 0.358545
0.1035 0.35894
0.1036 0.358917
0.1037 0.359184
0.1038 0.359688
0.1039 0.360049
0.104 0.36041
0.1041 0.360823
0.1042 0.361027
0.1043 0.361288
0.1044 0.361769
0.1045 0.362211
0.1046 0.362344
0.1047 0.362839
0.1048 0.362992
0.1049 0.363241
0.105 0.363665
0.1051 0.363715
0.1052 0.363941
0.1053 0.36417
0.1054 0.364183
0.1055 0.364435
0.1056 0.364583
0.1057 0.364797
0.1058 0.365043
0.1059 0.365458
0.106 0.365627
0.1061 0.365713
0.1062 0.365829
0.1063 0.366192
0.1064 0.366368
0.1065 0.366847
0.1066 0.366865
0.1067 0.367205
0.1068 0.367454
0.1069 0.367518
0.107 0.367749
0.1071 0.368249
0.1072 0.368666
0.1073 0.369089
0.1074 0.369663
0.1075 0.370091
0.1076 0.370258
0.1077 0.370544
0.1078 0.371017
0.1079 0.371499
0.108 0.372306
0.1081 0.372541
0.1082 0.372693
0.1083 0.373178
0.1084 0.373454
0.1085 0.373879
0.1086 0.374202
0.1087 0.374438
0.1088 0.37461
0.1089 0.375203
0.109 0.375533
0.1091 0.375951
0.1092 0.37607
0.1093 0.376341
0.1094 0.376646
0.1095 0.376859
0.1096 0.377458
0.1097 0.377956
0.1098 0.378428
0.1099 0.378682
0.11 0.378664
0.1101 0.378806
0.1102 0.379034
0.1103 0.379155
0.1104 0.379348
0.1105 0.380041
0.1106 0.380807
0.1107 0.381025
0.1108 0.381371
0.1109 0.381804
0.111 0.38224
0.1111 0.382752
0.1112 0.382611
0.1113 0.383181
0.1114 0.383287
0.1115 0.38343
0.1116 0.384034
0.1117 0.384227
0.1118 0.38493
0.1119 0.385185
0.112 0.385213
0.1121 0.385592
0.1122 0.385969
0.1123 0.386223
0.1124 0.386488
0.1125 0.386662
0.1126 0.387027
0.1127 0.387197
0.1128 0.387648
0.1129 0.388255
0.113 0.388692
0.1131 0.389144
0.1132 0.389557
0.1133 0.389689
0.1134 0.390276
0.1135 0.39046
0.1136 0.390573
0.1137 0.391014
0.1138 0.391476
0.1139 0.391488
0.114 0.391955
0.1141 0.392329
0.1142 0.392651
0.1143 0.392907
0.1144 0.393152
0.1145 0.393478
0.1146 0.393968
0.1147 0.394349
0.1148 0.394682
0.1149 0.394931
0.115 0.395218
0.1151 0.395645
0.1152 0.396002
0.1153 0.39618
0.1154 0.39661
0.1155 0.396803
0.1156 0.397013
0.1157 0.397282
0.1158 0.3973
0.1159 0.397717
0.116 0.398098
0.1161 0.398632
0.1162 0.398738
0.1163 0.39905
0.1164 0.399458
0.1165 0.399994
0.1166 0.400662
0.1167 0.401438
0.1168 0.40217
0.1169 0.402657
0.117 0.403021
0.1171 0.403698
0.1172 0.403994
0.1173 0.404301
0.1174 0.404532
0.1175 0.404874
0.1176 0.405247
0.1177 0.405584
0.1178 0.405991
0.1179 0.406366
0.118 0.406555
0.1181 0.406605
0.1182 0.406777
0.1183 0.406888
0.1184 0.407421
0.1185 0.407863
0.1186 0.408592
0.1187 0.408754
0.1188 0.409312
0.1189 0.409966
0.119 0.410855
0.1191 0.411266
0.1192 0.411664
0.1193 0.412111
0.1194 0.41278
0.1195 0.413204
0.1196 0.413535
0.1197 0.414001
0.1198 0.414604
0.1199 0.415422
0.12 0.415888
0.1201 0.416121
0.1202 0.416773
0.1203 0.417243
0.1204 0.417827
0.1205 0.418396
0.1206 0.418588
0.1207 0.419008
0.1208 0.419226
0.1209 0.419866
0.121 0.420116
0.1211 0.420507
0.1212 0.420598
0.1213 0.421238
0.1214 0.421507
0.1215 0.421606
0.1216 0.422246
0.1217 0.422457
0.1218 0.422871
0.1219 0.423402
0.122 0.42372
0.1221 0.423836
0.1222 0.424034
0.1223 0.424281
0.1224 0.42468
0.1225 0.42514
0.1226 0.425541
0.1227 0.425943
0.1228 0.426599
0.1229 0.427042
0.123 0.427158
0.1231 0.427459
0.1232 0.427651
0.1233 0.428129
0.1234 0.428378
0.1235 0.428727
0.1236 0.429079
0.1237 0.429278
0.1238 0.429106
0.1239 0.429237
0.124 0.429293
0.1241 0.42942
0.1242 0.42989
0.1243 0.429862
0.1244 0.429868
0.1245 0.43017
0.1246 0.430539
0.1247 0.430677
0.1248 0.431075
0.1249 0.431374
0.125 0.431789
0.1251 0.431992
0.1252 0.432158
0.1253 0.432642
0.1254 0.433072
0.1255 0.433389
0.1256 0.43364
0.1257 0.433852
0.1258 0.434266
0.1259 0.434882
0.126 0.435227
0.1261 0.435504
0.1262 0.435881
0.1263 0.436234
0.1264 0.436692
0.1265 0.437135
0.1266 0.437747
0.1267 0.438182
0.1268 0.438755
0.1269 0.438935
0.127 0.439167
0.1271 0.439222
0.1272 0.439358
0.1273 0.439733
0.1274 0.440427
0.1275 0.440653
0.1276 0.441297
0.1277 0.441773
0.1278 0.442402
0.1279 0.442574
0.128 0.442741
0.1281 0.443115
0.1282 0.443646
0.1283 0.444104
0.1284 0.444856
0.1285 0.445143
0.1286 0.445851
0.1287 0.446065
0.1288 0.446345
0.1289 0.446512
0.129 0.446576
0.1291 0.447089
0.1292 0.447191
0.1293 0.447655
0.1294 0.447962
0.1295 0.448229
0.1296 0.448106
0.1297 0.448631
0.1298 0.448584
0.1299 0.449011
0.13 0.449518
0.1301 0.449694
0.1302 0.450009
0.1303 0.450111
0.1304 0.450339
0.1305 0.45028
0.1306 0.450292
0.1307 0.450727
0.1308 0.450964
0.1309 0.451143
0.131 0.451563
0.1311 0.4521
0.1312 0.452419
0.1313 0.452454
0.1314 0.452907
0.1315 0.453009
0.1316 0.453047
0.1317 0.453591
0.1318 0.454183
0.1319 0.454467
0.132 0.454941
0.1321 0.454905
0.1322 0.455216
0.1323 0.455551
0.1324 0.455945
0.1325 0.456112
0.1326 0.456223
0.1327 0.456634
0.1328 0.457343
0.1329 0.457617
0.133 0.458243
0.1331 0.458278
0.1332 0.459065
0.1333 0.459365
0.1334 0.459358
0.1335 0.459777
0.1336 0.460326
0.1337 0.46046
0.1338 0.460926
0.1339 0.461378
0.134 0.461578
0.1341 0.461379
0.1342 0.461917
0.1343 0.46213
0.1344 0.462649
0.1345 0.462785
0.1346 0.463069
0.1347 0.463324
0.1348 0.463778
0.1349 0.464361
0.135 0.464428
0.1351 0.464515
0.1352 0.464883
0.1353 0.465012
0.1354 0.46546
0.1355 0.466192
0.1356 0.466772
0.1357 0.467274
0.1358 0.467458
0.1359 0.467684
0.136 0.467624
0.1361 0.467997
0.1362 0.468262
0.1363 0.468574
0.1364 0.469054
0.1365 0.469482
0.1366 0.469896
0.1367 0.470199
0.1368 0.470652
0.1369 0.471051
0.137 0.471276
0.1371 0.47134
0.1372 0.471983
0.1373 0.472212
0.1374 0.472165
0.1375 0.472394
0.1376 0.47276
0.1377 0.473175
0.1378 0.473602
0.1379 0.474148
0.138 0.474461
0.1381 0.474162
0.1382 0.474483
0.1383 0.475126
0.1384 0.475361
0.1385 0.475744
0.1386 0.476331
0.1387 0.476675
0.1388 0.476854
0.1389 0.477258
0.139 0.477757
0.1391 0.478003
0.1392 0.478375
0.1393 0.478523
0.1394 0.479028
0.1395 0.479168
0.1396 0.479146
0.1397 0.479758
0.1398 0.480022
0.1399 0.480023
0.14 0.480505
0.1401 0.480802
0.1402 0.481503
0.1403 0.481796
0.1404 0.481974
0.1405 0.482381
0.1406 0.482841
0.1407 0.483226
0.1408 0.483575
0.1409 0.483978
0.141 0.484017
0.1411 0.484295
0.1412 0.484658
0.1413 0.484654
0.1414 0.485225
0.1415 0.485333
0.1416 0.485807
0.1417 0.486309
0.1418 0.486733
0.1419 0.487457
0.142 0.487947
0.1421 0.487916
0.1422 0.488194
0.1423 0.488465
0.1424 0.488608
0.1425 0.489108
0.1426 0.489252
0.1427 0.489557
0.1428 0.489948
0.1429 0.489962
0.143 0.490195
0.1431 0.490781
0.1432 0.491056
0.1433 0.491251
0.1434 0.491548
0.1435 0.491955
0.1436 0.492291
0.1437 0.492379
0.1438 0.492653
0.1439 0.492969
0.144 0.493523
0.1441 0.493728
0.1442 0.494223
0.1443 0.494561
0.1444 0.495043
0.1445 0.495352
0.1446 0.495566
0.1447 0.496023
0.1448 0.496069
0.1449 0.49639
0.145 0.496756
0.1451 0.49704
0.1452 0.497333
0.1453 0.497626
0.1454 0.497722
0.1455 0.497919
0.1456 0.498427
0.1457 0.498576
0.1458 0.499
0.1459 0.499275
0.146 0.499829
0.1461 0.500069
0.1462 0.50059
0.1463 0.501048
0.1464 0.501125
0.1465 0.501308
0.1466 0.501375
0.1467 0.501697
0.1468 0.501809
0.1469 0.502093
0.147 0.502376
0.1471 0.50232
0.1472 0.502582
0.1473 0.502841
0.1474 0.503363
0.1475 0.503723
0.1476 0.503952
0.1477 0.504496
0.1478 0.504998
0.1479 0.505332
0.148 0.505526
0.1481 0.505761
0.1482 0.506325
0.1483 0.506679
0.1484 0.507119
0.1485 0.507216
0.1486 0.507407
0.1487 0.507646
0.1488 0.507856
0.1489 0.508356
0.149 0.508645
0.1491 0.509039
0.1492 0.508932
0.1493 0.509402
0.1494 0.510024
0.1495 0.51029
0.1496 0.510781
0.1497 0.511075
0.1498 0.511019
0.1499 0.511373
0.15 0.511355
0.1501 0.511972
0.1502 0.512041
0.1503 0.512373
0.1504 0.512682
0.1505 0.513186
0.1506 0.513246
0.1507 0.513456
0.1508 0.513846
0.1509 0.514069
0.151 0.514222
0.1511 0.514488
0.1512 0.514593
0.1513 0.514995
0.1514 0.515261
0.1515 0.515768
0.1516 0.516052
0.1517 0.516453
0.1518 0.517118
0.1519 0.51719
0.152 0.517189
0.1521 0.517532
0.1522 0.517821
0.1523 0.517899
0.1524 0.517884
0.1525 0.51824
0.1526 0.518513
0.1527 0.518841
0.1528 0.51926
0.1529 0.520038
0.153 0.520432
0.1531 0.520488
0.1532 0.520585
0.1533 0.520871
0.1534 0.521076
0.1535 0.521339
0.1536 0.521843
0.1537 0.522371
0.1538 0.5227
0.1539 0.523129
0.154 0.523552
0.1541 0.524441
0.1542 0.524999
0.1543 0.525314
0.1544 0.525746
0.1545 0.526071
0.1546 0.52617
0.1547 0.526508
0.1548 0.526681
0.1549 0.527018
0.155 0.52729
0.1551 0.527558
0.1552 0.528259
0.1553 0.52876
0.1554 0.528871
0.1555 0.5292
0.1556 0.529107
0.1557 0.529039
0.1558 0.528842
0.1559 0.529268
0.156 0.529472
0.1561 0.529527
0.1562 0.530157
0.1563 0.530116
0.1564 0.530519
0.1565 0.53082
0.1566 0.531248
0.1567 0.531554
0.1568 0.531807
0.1569 0.531774
0.157 0.532062
0.1571 0.532466
0.1572 0.532742
0.1573 0.533452
0.1574 0.533807
0.1575 0.53412
0.1576 0.534379
0.1577 0.534587
0.1578 0.534925
0.1579 0.535082
0.158 0.535163
0.1581 0.534865
0.1582 0.535135
0.1583 0.535268
0.1584 0.535862
0.1585 0.53594
0.1586 0.536297
0.1587 0.536174
0.1588 0.535915
0.1589 0.536197
0.159 0.536811
0.1591 0.537091
0.1592 0.537497
0.1593 0.538025
0.1594 0.538618
0.1595 0.539156
0.1596 0.539585
0.1597 0.53963
0.1598 0.54009
0.1599 0.540429
0.16 0.54123
0.1601 0.541504
0.1602 0.541735
0.1603 0.54213
0.1604 0.542737
0.1605 0.543046
0.1606 0.543147
0.1607 0.543227
0.1608 0.543704
0.1609 0.543852
0.161 0.544062
0.1611 0.544199
0.1612 0.544401
0.1613 0.545078
0.1614 0.545407
0.1615 0.545458
0.1616 0.54548
0.1617 0.545793
0.1618 0.546099
0.1619 0.54661
0.162 0.547193
0.1621 0.54757
0.1622 0.547701
0.1623 0.547848
0.1624 0.548203
0.1625 0.548214
0.1626 0.54854
0.1627 0.548884
0.1628 0.549066
0.1629 0.549522
0.163 0.549667
0.1631 0.549738
0.1632 0.549509
0.1633 0.5499
0.1634 0.55008
0.1635 0.550136
0.1636 0.550773
0.1637 0.551547
0.1638 0.551755
0.1639 0.55167
0.164 0.551968
0.1641 0.55263
0.1642 0.553176
0.1643 0.553452
0.1644 0.55394
0.1645 0.554498
0.1646 0.555011
0.1647 0.555809
0.1648 0.555935
0.1649 0.556353
0.165 0.55675
0.1651 0.557074
0.1652 0.557255
0.1653 0.557931
0.1654 0.557834
0.1655 0.558098
0.1656 0.558792
0.1657 0.558691
0.1658 0.559088
0.1659 0.559235
0.166 0.559422
0.1661 0.559605
0.1662 0.560136
0.1663 0.560704
0.1664 0.561182
0.1665 0.561425
0.1666 0.561703
0.1667 0.561771
0.1668 0.561434
0.1669 0.561473
0.167 0.561408
0.1671 0.561846
0.1672 0.56246
0.1673 0.562665
0.1674 0.563007
0.1675 0.563214
0.1676 0.563203
0.1677 0.56363
0.1678 0.563621
0.1679 0.563795
0.168 0.564183
0.1681 0.564366
0.1682 0.565053
0.1683 0.565378
0.1684 0.565472
0.1685 0.565746
0.1686 0.566486
0.1687 0.566546
0.1688 0.567053
0.1689 0.567446
0.169 0.567747
0.1691 0.567937
0.1692 0.568283
0.1693 0.568658
0.1694 0.56914
0.1695 0.569267
0.1696 0.569906
0.1697 0.569975
0.1698 0.570405
0.1699 0.570619
0.17 0.570815
0.1701 0.570733
0.1702 0.570895
0.1703 0.571108
0.1704 0.571249
0.1705 0.571364
0.1706 0.57131
0.1707 0.571583
0.1708 0.571706
0.1709 0.572316
0.171 0.57267
0.1711 0.572633
0.1712 0.57282
0.1713 0.573161
0.1714 0.57381
0.1715 0.574306
0.1716 0.574971
0.1717 0.574999
0.1718 0.575284
0.1719 0.575913
0.172 0.576503
0.1721 0.57731
0.1722 0.577383
0.1723 0.577616
0.1724 0.578107
0.1725 0.57824
0.1726 0.578677
0.1727 0.579123
0.1728 0.579625
0.1729 0.580038
0.173 0.580384
0.1731 0.580939
0.1732 0.581254
0.1733 0.581496
0.1734 0.58165
0.1735 0.582114
0.1736 0.582141
0.1737 0.582295
0.1738 0.582709
0.1739 0.583294
0.174 0.583978
0.1741 0.584125
0.1742 0.584014
0.1743 0.584392
0.1744 0.584906
0.1745 0.585243
0.1746 0.585555
0.1747 0.585744
0.1748 0.58618
0.1749 0.586839
0.175 0.587248
0.1751 0.58735
0.1752 0.587864
0.1753 0.58837
0.1754 0.588771
0.1755 0.589026
0.1756 0.589783
0.1757 0.590336
0.1758 0.590495
0.1759 0.590682
0.176 0.590978
0.1761 0.591258
0.1762 0.592056
0.1763 0.592315
0.1764 0.592803
0.1765 0.593103
0.1766 0.59376
0.1767 0.594227
0.1768 0.594691
0.1769 0.594982
0.177 0.595265
0.1771 0.59602
0.1772 0.595957
0.1773 0.596075
0.1774 0.596307
0.1775 0.59678
0.1776 0.597209
0.1777 0.598028
0.1778 0.598469
0.1779 0.598696
0.178 0.599072
0.1781 0.599189
0.1782 0.599998
0.1783 0.600051
0.1784 0.600375
0.1785 0.600555
0.1786 0.60084
0.1787 0.601042
0.1788 0.601254
0.1789 0.601616
0.179 0.601949
0.1791 0.602369
0.1792 0.60287
0.1793 0.60303
0.1794 0.603181
0.1795 0.603833
0.1796 0.603978
0.1797 0.604102
0.1798 0.604644
0.1799 0.605278
0.18 0.605725
0.1801 0.606456
0.1802 0.606645
0.1803 0.60693
0.1804 0.607113
0.1805 0.607321
0.1806 0.607606
0.1807 0.60773
0.1808 0.608111
0.1809 0.608797
0.181 0.609161
0.1811 0.609398
0.1812 0.609682
0.1813 0.609915
0.1814 0.609935
0.1815 0.610246
0.1816 0.610429
0.1817 0.610442
0.1818 0.610786
0.1819 0.611596
0.182 0.611869
0.1821 0.61224
0.1822 0.612498
0.1823 0.612825
0.1824 0.613353
0.1825 0.613663
0.1826 0.61436
0.1827 0.614752
0.1828 0.614973
0.1829 0.615359
0.183 0.61561
0.1831 0.616121
0.1832 0.616531
0.1833 0.616963
0.1834 0.617499
0.1835 0.618026
0.1836 0.618233
0.1837 0.618217
0.1838 0.618256
0.1839 0.618967
0.184 0.619549
0.1841 0.620239
0.1842 0.620664
0.1843 0.620938
0.1844 0.621068
0.1845 0.621295
0.1846 0.621946
0.1847 0.622551
0.1848 0.622977
0.1849 0.623107
0.185 0.623628
0.1851 0.624323
0.1852 0.62524
0.1853 0.625057
0.1854 0.625038
0.1855 0.625364
0.1856 0.625916
0.1857 0.62646
0.1858 0.626899
0.1859 0.627028
0.186 0.626704
0.1861 0.627272
0.1862 0.627811
0.1863 0.62815
0.1864 0.628397
0.1865 0.62856
0.1866 0.628649
0.1867 0.628828
0.1868 0.629002
0.1869 0.629192
0.187 0.629545
0.1871 0.629651
0.1872 0.629806
0.1873 0.629642
0.1874 0.630056
0.1875 0.630592
0.1876 0.630803
0.1877 0.630919
0.1878 0.631055
0.1879 0.631158
0.188 0.631437
0.1881 0.631718
0.1882 0.632253
0.1883 0.633205
0.1884 0.633433
0.1885 0.633838
0.1886 0.634388
0.1887 0.635216
0.1888 0.635757
0.1889 0.636223
0.189 0.637086
0.1891 0.637011
0.1892 0.637163
0.1893 0.637029
0.1894 0.637269
0.1895 0.637412
0.1896 0.637682
0.1897 0.63774
0.1898 0.63802
0.1899 0.638677
0.19 0.639222
0.1901 0.639524
0.1902 0.639962
0.1903 0.640558
0.1904 0.640708
0.1905 0.640535
0.1906 0.640836
0.1907 0.640965
0.1908 0.641459
0.1909 0.641702
0.191 0.642239
0.1911 0.642396
0.1912 0.642442
0.1913 0.642263
0.1914 0.642609
0.1915 0.643106
0.1916 0.643553
0.1917 0.643793
0.1918 0.644162
0.1919 0.644932
0.192 0.645291
0.1921 0.645018
0.1922 0.645101
0.1923 0.645399
0.1924 0.645637
0.1925 0.645696
0.1926 0.646184
0.1927 0.6466
0.1928 0.647077
0.1929 0.64752
0.193 0.648112
0.1931 0.648534
0.1932 0.648313
0.1933 0.648461
0.1934 0.648826
0.1935 0.649168
0.1936 0.649505
0.1937 0.649991
0.1938 0.65031
0.1939 0.650917
0.194 0.650934
0.1941 0.651155
0.1942 0.651527
0.1943 0.651485
0.1944 0.652069
0.1945 0.652049
0.1946 0.652234
0.1947 0.652497
0.1948 0.65273
0.1949 0.653079
0.195 0.6535
0.1951 0.653492
0.1952 0.653747
0.1953 0.654131
0.1954 0.654095
0.1955 0.653833
0.1956 0.653964
0.1957 0.6544
0.1958 0.654918
0.1959 0.655343
0.196 0.656125
0.1961 0.656792
0.1962 0.657233
0.1963 0.657521
0.1964 0.657614
0.1965 0.657914
0.1966 0.657969
0.1967 0.65799
0.1968 0.65858
0.1969 0.658908
0.197 0.658871
0.1971 0.658767
0.1972 0.659009
0.1973 0.659654
0.1974 0.659909
0.1975 0.660078
0.1976 0.660604
0.1977 0.661126
0.1978 0.661073
0.1979 0.661179
0.198 0.661702
0.1981 0.662125
0.1982 0.662579
0.1983 0.662834
0.1984 0.663406
0.1985 0.663386
0.1986 0.663681
0.1987 0.663798
0.1988 0.664326
0.1989 0.664699
0.199 0.664934
0.1991 0.66577
0.1992 0.666298
0.1993 0.666519
0.1994 0.666832
0.1995 0.666764
0.1996 0.667103
0.1997 0.667942
0.1998 0.668131
0.1999 0.668494
0.2 0.668435
0.2001 0.668679
0.2002 0.668888
0.2003 0.669251
0.2004 0.669282
0.2005 0.669478
0.2006 0.669981
0.2007 0.669808
0.2008 0.670016
0.2009 0.67027
0.201 0.670401
0.2011 0.670641
0.2012 0.670933
0.2013 0.671131
0.2014 0.671621
0.2015 0.671992
0.2016 0.671999
0.2017 0.672332
0.2018 0.672648
0.2019 0.672851
0.202 0.672918
0.2021 0.672956
0.2022 0.673637
0.2023 0.674456
0.2024 0.674713
0.2025 0.675126
0.2026 0.675233
0.2027 0.675697
0.2028 0.675906
0.2029 0.676287
0.203 0.676991
0.2031 0.677232
0.2032 0.677381
0.2033 0.677942
0.2034 0.678499
0.2035 0.678823
0.2036 0.679246
0.2037 0.679731
0.2038 0.679753
0.2039 0.680022
0.204 0.679923
0.2041 0.680062
0.2042 0.680355
0.2043 0.680533
0.2044 0.680805
0.2045 0.681268
0.2046 0.681334
0.2047 0.681648
0.2048 0.681561
0.2049 0.681847
0.205 0.681734
0.2051 0.682122
0.2052 0.682465
0.2053 0.682341
0.2054 0.682239
0.2055 0.682708
0.2056 0.682746
0.2057 0.68327
0.2058 0.683798
0.2059 0.684063
0.206 0.684717
0.2061 0.685353
0.2062 0.685533
0.2063 0.685941
