0 0
0.00048127 0.00190857
0.00096254 0.00382055
0.00144381 0.00568585
0.00192508 0.00764847
0.00240635 0.00946772
0.00288762 0.0113921
0.00336889 0.0132455
0.00385016 0.0152439
0.00433143 0.0172488
0.0048127 0.0192676
0.00529397 0.0212004
0.00577524 0.0230158
0.00625651 0.0248075
0.00673778 0.0266664
0.00721905 0.0286771
0.00770032 0.0303274
0.00818159 0.0323824
0.00866286 0.0343486
0.00914413 0.036317
0.0096254 0.0383761
0.0101067 0.0401173
0.0105879 0.0419292
0.0110692 0.0438296
0.0115505 0.0457838
0.0120317 0.0476734
0.012513 0.0492662
0.0129943 0.0510155
0.0134756 0.0527333
0.0139568 0.0546766
0.0144381 0.0564632
0.0149194 0.0581464
0.0154006 0.0599602
0.0158819 0.0618231
0.0163632 0.0633706
0.0168444 0.0655148
0.0173257 0.0675758
0.017807 0.069594
0.0182883 0.0715782
0.0187695 0.0734346
0.0192508 0.0751637
0.0197321 0.0769545
0.0202133 0.0786256
0.0206946 0.0803244
0.0211759 0.082378
0.0216571 0.0839651
0.0221384 0.0857346
0.0226197 0.0874902
0.023101 0.0892917
0.0235822 0.0910889
0.0240635 0.0928952
0.0245448 0.0944264
0.025026 0.0961436
0.0255073 0.0979083
0.0259886 0.0994643
0.0264698 0.101399
0.0269511 0.103283
0.0274324 0.104953
0.0279137 0.106345
0.0283949 0.108067
0.0288762 0.109476
0.0293575 0.111061
0.0298387 0.113032
0.03032 0.114958
0.0308013 0.116678
0.0312825 0.118202
0.0317638 0.119595
0.0322451 0.121444
0.0327264 0.12308
0.0332076 0.124891
0.0336889 0.126688
0.0341702 0.128272
0.0346514 0.130013
0.0351327 0.131713
0.035614 0.133106
0.0360952 0.134896
0.0365765 0.136941
0.0370578 0.139099
0.037539 0.141012
0.0380203 0.142458
0.0385016 0.143654
0.0389829 0.145274
0.0394641 0.146923
0.0399454 0.148579
0.0404267 0.150231
0.0409079 0.152067
0.0413892 0.153769
0.0418705 0.155179
0.0423517 0.156195
0.042833 0.157802
0.0433143 0.159236
0.0437956 0.160517
0.0442768 0.162556
0.0447581 0.164074
0.0452394 0.165983
0.0457206 0.167413
0.0462019 0.169086
0.0466832 0.170072
0.0471644 0.171345
0.0476457 0.17292
0.048127 0.174427
0.0486083 0.17569
0.0490895 0.177198
0.0495708 0.179196
0.0500521 0.180488
0.0505333 0.182031
0.0510146 0.183526
0.0514959 0.185172
0.0519771 0.186666
0.0524584 0.188246
0.0529397 0.189476
0.053421 0.190849
0.0539022 0.192479
0.0543835 0.193715
0.0548648 0.195507
0.055346 0.197148
0.0558273 0.198744
0.0563086 0.200228
0.0567898 0.201763
0.0572711 0.203225
0.0577524 0.205154
0.0582337 0.206986
0.0587149 0.208679
0.0591962 0.210091
0.0596775 0.212099
0.0601587 0.213733
0.06064 0.215564
0.0611213 0.217373
0.0616025 0.218877
0.0620838 0.220725
0.0625651 0.222428
0.0630464 0.223808
0.0635276 0.225435
0.0640089 0.226971
0.0644902 0.228683
0.0649714 0.230144
0.0654527 0.231391
0.065934 0.232445
0.0664152 0.234135
0.0668965 0.235478
0.0673778 0.236932
0.067859 0.238058
0.0683403 0.239371
0.0688216 0.241026
0.0693029 0.242275
0.0697841 0.243597
0.0702654 0.24505
0.0707467 0.246484
0.0712279 0.248106
0.0717092 0.250022
0.0721905 0.250936
0.0726717 0.252828
0.073153 0.254094
0.0736343 0.256019
0.0741156 0.257416
0.0745968 0.258948
0.0750781 0.260174
0.0755594 0.261673
0.0760406 0.263587
0.0765219 0.265495
0.0770032 0.267339
0.0774844 0.26884
0.0779657 0.270587
0.078447 0.27252
0.0789283 0.273496
0.0794095 0.275725
0.0798908 0.277259
0.0803721 0.27852
0.0808533 0.280372
0.0813346 0.281801
0.0818159 0.283628
0.0822971 0.285206
0.0827784 0.286923
0.0832597 0.288248
0.083741 0.289522
0.0842222 0.290569
0.0847035 0.291994
0.0851848 0.293749
0.085666 0.295326
0.0861473 0.296984
0.0866286 0.299089
0.0871098 0.300894
0.0875911 0.302389
0.0880724 0.303614
0.0885537 0.30505
0.0890349 0.305712
0.0895162 0.307558
0.0899975 0.308635
0.0904787 0.310435
0.09096 0.311962
0.0914413 0.313491
0.0919225 0.314619
0.0924038 0.315951
0.0928851 0.317051
0.0933664 0.318174
0.0938476 0.319581
0.0943289 0.320731
0.0948102 0.322259
0.0952914 0.323597
0.0957727 0.325497
0.096254 0.326913
0.0967352 0.328309
0.0972165 0.330443
0.0976978 0.331641
0.0981791 0.333097
0.0986603 0.335163
0.0991416 0.336502
0.0996229 0.337382
0.100104 0.339393
0.100585 0.341244
0.101067 0.342406
0.101548 0.343871
0.102029 0.34604
0.10251 0.346879
0.102992 0.348296
0.103473 0.350336
0.103954 0.351965
0.104436 0.353568
0.104917 0.354983
0.105398 0.356732
0.105879 0.358509
0.106361 0.35982
0.106842 0.361476
0.107323 0.362749
0.107804 0.364132
0.108286 0.365048
0.108767 0.36669
0.109248 0.368066
0.10973 0.36966
0.110211 0.370661
0.110692 0.372771
0.111173 0.374181
0.111655 0.375435
0.112136 0.377543
0.112617 0.378979
0.113098 0.38034
0.11358 0.381593
0.114061 0.383295
0.114542 0.384421
0.115023 0.386149
0.115505 0.387748
0.115986 0.38976
0.116467 0.390921
0.116949 0.393135
0.11743 0.394569
0.117911 0.396033
0.118392 0.397467
0.118874 0.399201
0.119355 0.400713
0.119836 0.401989
0.120317 0.403646
0.120799 0.405723
0.12128 0.408035
0.121761 0.409747
0.122243 0.411275
0.122724 0.412772
0.123205 0.413437
0.123686 0.415796
0.124168 0.416975
0.124649 0.41843
0.12513 0.419803
0.125611 0.42145
0.126093 0.422859
0.126574 0.424721
0.127055 0.425834
0.127537 0.427327
0.128018 0.428593
0.128499 0.42991
0.12898 0.431529
0.129462 0.43282
0.129943 0.434522
0.130424 0.43713
0.130905 0.439085
0.131387 0.440943
0.131868 0.442524
0.132349 0.442805
0.13283 0.444068
0.133312 0.445815
0.133793 0.447783
0.134274 0.448593
0.134756 0.450682
0.135237 0.451721
0.135718 0.45324
0.136199 0.454085
0.136681 0.455811
0.137162 0.45696
0.137643 0.458455
0.138124 0.460263
0.138606 0.461921
0.139087 0.463569
0.139568 0.464659
0.14005 0.46632
0.140531 0.468161
0.141012 0.470186
0.141493 0.471312
0.141975 0.473247
0.142456 0.474826
0.142937 0.476011
0.143418 0.477037
0.1439 0.478254
0.144381 0.479308
0.144862 0.480224
0.145343 0.481759
0.145825 0.483822
0.146306 0.485267
0.146787 0.486285
0.147269 0.487628
0.14775 0.489562
0.148231 0.490792
0.148712 0.492196
0.149194 0.493959
0.149675 0.495421
0.150156 0.496865
0.150637 0.49845
0.151119 0.499796
0.1516 0.501541
0.152081 0.501954
0.152563 0.503408
0.153044 0.504992
0.153525 0.506502
0.154006 0.508158
0.154488 0.509286
0.154969 0.510858
0.15545 0.511419
0.155931 0.51242
0.156413 0.514081
0.156894 0.515512
0.157375 0.5175
0.157857 0.517725
0.158338 0.519361
0.158819 0.520799
0.1593 0.521943
0.159782 0.523697
0.160263 0.524996
0.160744 0.526221
0.161225 0.528091
0.161707 0.529229
0.162188 0.530417
0.162669 0.530964
0.16315 0.532389
0.163632 0.533551
0.164113 0.535302
0.164594 0.537531
0.165076 0.539125
0.165557 0.539957
0.166038 0.541792
0.166519 0.543306
0.167001 0.543697
0.167482 0.544953
0.167963 0.546767
0.168444 0.548362
0.168926 0.549488
0.169407 0.551862
0.169888 0.55358
0.17037 0.555133
0.170851 0.555987
0.171332 0.557537
0.171813 0.558663
0.172295 0.560463
0.172776 0.562227
0.173257 0.563821
0.173738 0.564655
0.17422 0.565733
0.174701 0.567552
0.175182 0.569033
0.175663 0.569358
0.176145 0.571022
0.176626 0.573304
0.177107 0.575061
0.177589 0.576776
0.17807 0.579073
0.178551 0.579907
0.179032 0.582176
0.179514 0.583251
0.179995 0.584428
0.180476 0.585532
0.180957 0.586867
0.181439 0.588283
0.18192 0.589983
0.182401 0.590723
0.182883 0.591782
0.183364 0.593325
0.183845 0.594751
0.184326 0.596519
0.184808 0.597251
0.185289 0.598715
0.18577 0.600732
0.186251 0.60226
0.186733 0.603617
0.187214 0.606581
0.187695 0.608009
0.188177 0.608726
0.188658 0.609943
0.189139 0.611508
0.18962 0.613156
0.190102 0.615267
0.190583 0.616444
0.191064 0.61807
0.191545 0.619641
0.192027 0.620958
0.192508 0.622166
0.192989 0.623317
0.19347 0.624341
0.193952 0.625824
0.194433 0.626925
0.194914 0.628313
0.195396 0.630346
0.195877 0.6314
0.196358 0.633338
0.196839 0.635385
0.197321 0.637225
0.197802 0.637721
0.198283 0.638716
0.198764 0.63893
0.199246 0.640447
0.199727 0.641967
0.200208 0.642593
0.20069 0.643432
0.201171 0.645321
0.201652 0.645226
0.202133 0.646637
0.202615 0.648619
0.203096 0.650223
0.203577 0.6533
0.204058 0.654933
0.20454 0.655208
0.205021 0.657075
0.205502 0.658919
0.205983 0.660293
0.206465 0.662406
0.206946 0.663663
0.207427 0.6651
0.207909 0.666631
0.20839 0.667882
0.208871 0.669303
0.209352 0.671428
0.209834 0.672507
0.210315 0.674483
0.210796 0.676268
0.211277 0.678321
0.211759 0.680083
0.21224 0.681773
0.212721 0.682857
0.213203 0.68445
0.213684 0.686346
0.214165 0.688555
0.214646 0.68995
0.215128 0.691185
0.215609 0.692219
0.21609 0.693051
0.216571 0.694269
0.217053 0.696295
0.217534 0.697562
0.218015 0.698566
0.218497 0.699345
0.218978 0.699978
0.219459 0.701026
0.21994 0.702606
0.220422 0.70466
0.220903 0.706619
0.221384 0.708847
0.221865 0.709797
0.222347 0.711605
0.222828 0.713599
0.223309 0.714435
0.22379 0.7165
0.224272 0.717975
0.224753 0.719478
0.225234 0.721522
0.225716 0.723357
0.226197 0.724736
0.226678 0.726093
0.227159 0.727076
0.227641 0.728642
0.228122 0.730785
0.228603 0.731568
0.229084 0.7329
0.229566 0.733039
0.230047 0.73319
0.230528 0.734579
0.23101 0.735844
0.231491 0.73753
0.231972 0.740439
0.232453 0.741306
0.232935 0.74346
0.233416 0.744706
0.233897 0.74612
0.234378 0.747939
0.23486 0.749561
0.235341 0.750987
0.235822 0.752352
0.236303 0.753582
0.236785 0.754809
0.237266 0.756414
0.237747 0.757801
0.238229 0.759823
0.23871 0.760896
0.239191 0.762875
0.239672 0.764293
0.240154 0.766062
0.240635 0.766848
0.241116 0.768274
0.241597 0.769718
0.242079 0.771383
0.24256 0.773329
0.243041 0.774893
0.243523 0.777045
0.244004 0.777973
0.244485 0.77857
0.244966 0.779455
0.245448 0.782094
0.245929 0.784392
0.24641 0.78627
0.246891 0.78831
0.247373 0.789852
0.247854 0.791819
0.248335 0.792575
0.248817 0.794962
0.249298 0.796881
0.249779 0.79801
0.25026 0.798933
0.250742 0.799863
0.251223 0.801478
0.251704 0.803263
0.252185 0.805397
0.252667 0.806852
0.253148 0.808174
0.253629 0.810387
0.25411 0.811665
0.254592 0.813212
0.255073 0.81472
0.255554 0.814971
0.256036 0.816042
0.256517 0.818102
0.256998 0.818968
0.257479 0.819559
0.257961 0.821216
0.258442 0.822577
0.258923 0.824187
0.259404 0.825485
0.259886 0.826392
0.260367 0.826667
0.260848 0.828517
0.26133 0.829756
0.261811 0.830768
0.262292 0.832426
0.262773 0.833573
0.263255 0.8358
0.263736 0.837297
0.264217 0.838923
0.264698 0.84111
0.26518 0.843745
0.265661 0.845804
0.266142 0.847387
0.266623 0.848849
0.267105 0.849832
0.267586 0.850533
0.268067 0.852504
0.268549 0.853805
0.26903 0.85613
0.269511 0.857618
0.269992 0.858801
0.270474 0.860143
0.270955 0.861767
0.271436 0.862697
0.271917 0.86493
0.272399 0.866425
0.27288 0.868257
0.273361 0.869945
0.273843 0.870966
0.274324 0.871713
0.274805 0.873694
0.275286 0.875773
0.275768 0.877665
0.276249 0.879052
0.27673 0.88027
0.277211 0.882181
0.277693 0.882937
0.278174 0.884154
0.278655 0.886399
0.279137 0.887336
0.279618 0.887815
0.280099 0.889876
0.28058 0.891299
0.281062 0.891875
0.281543 0.893806
0.282024 0.894517
0.282505 0.896655
0.282987 0.897861
0.283468 0.898663
0.283949 0.899598
0.28443 0.900503
0.284912 0.901346
0.285393 0.902311
0.285874 0.902945
0.286356 0.905061
0.286837 0.905784
0.287318 0.907363
0.287799 0.90822
0.288281 0.909078
0.288762 0.91074
0.289243 0.912517
0.289724 0.913425
0.290206 0.915047
0.290687 0.916554
0.291168 0.917713
0.29165 0.919432
0.292131 0.920687
0.292612 0.921244
0.293093 0.922429
0.293575 0.922717
0.294056 0.925153
0.294537 0.925807
0.295018 0.92736
0.2955 0.929062
0.295981 0.930701
0.296462 0.931692
0.296943 0.932804
0.297425 0.934052
0.297906 0.935292
0.298387 0.936657
0.298869 0.938566
0.29935 0.939628
0.299831 0.941646
0.300312 0.943766
0.300794 0.943893
0.301275 0.944996
0.301756 0.946955
0.302237 0.948065
0.302719 0.950069
0.3032 0.951675
0.303681 0.951365
0.304163 0.953061
0.304644 0.95368
0.305125 0.954864
0.305606 0.955793
0.306088 0.956671
0.306569 0.957984
0.30705 0.959808
0.307531 0.961976
0.308013 0.962776
0.308494 0.963432
0.308975 0.965461
0.309457 0.966487
0.309938 0.967081
0.310419 0.969327
0.3109 0.970734
0.311382 0.972424
0.311863 0.973892
0.312344 0.975563
0.312825 0.977186
0.313307 0.978173
0.313788 0.979827
0.314269 0.981348
0.31475 0.982974
0.315232 0.984305
0.315713 0.985767
0.316194 0.98712
0.316676 0.988806
0.317157 0.989848
0.317638 0.990423
0.318119 0.991631
0.318601 0.992451
0.319082 0.993366
0.319563 0.995383
0.320044 0.996865
0.320526 0.998448
0.321007 1.00011
0.321488 1.00081
0.32197 1.00167
0.322451 1.0024
0.322932 1.00319
0.323413 1.00456
0.323895 1.00597
0.324376 1.00709
0.324857 1.00771
0.325338 1.00864
0.32582 1.00937
0.326301 1.01007
0.326782 1.01118
0.327264 1.0129
0.327745 1.01428
0.328226 1.01624
0.328707 1.01732
0.329189 1.01823
0.32967 1.01994
0.330151 1.02107
0.330632 1.02324
0.331114 1.02451
0.331595 1.02553
0.332076 1.02767
0.332557 1.02942
0.333039 1.02938
0.33352 1.03013
0.334001 1.03102
0.334483 1.03279
0.334964 1.03335
0.335445 1.03483
0.335926 1.03626
0.336408 1.03911
0.336889 1.03984
0.33737 1.04209
0.337851 1.04336
0.338333 1.04516
0.338814 1.04675
0.339295 1.04771
0.339777 1.04833
0.340258 1.04998
0.340739 1.05095
0.34122 1.05236
0.341702 1.0536
0.342183 1.05508
0.342664 1.05637
0.343145 1.05798
0.343627 1.05968
0.344108 1.06092
0.344589 1.06072
0.34507 1.062
0.345552 1.06391
0.346033 1.0648
0.346514 1.06589
0.346996 1.06676
0.347477 1.06811
0.347958 1.06931
0.348439 1.07049
0.348921 1.07172
0.349402 1.07336
0.349883 1.07499
0.350364 1.07687
0.350846 1.07902
0.351327 1.08073
0.351808 1.08262
0.35229 1.0839
0.352771 1.08524
0.353252 1.08686
0.353733 1.08926
0.354215 1.08998
0.354696 1.0913
0.355177 1.09276
0.355658 1.09438
0.35614 1.09592
0.356621 1.09818
0.357102 1.1008
0.357584 1.10177
0.358065 1.10373
0.358546 1.1059
0.359027 1.10749
0.359509 1.10917
0.35999 1.1105
0.360471 1.112
0.360952 1.1131
0.361434 1.11474
0.361915 1.11579
0.362396 1.11736
0.362877 1.11912
0.363359 1.11955
0.36384 1.12107
0.364321 1.1224
0.364803 1.12347
0.365284 1.12531
0.365765 1.12698
0.366246 1.12797
0.366728 1.12921
0.367209 1.13052
0.36769 1.13207
0.368171 1.13337
0.368653 1.13591
0.369134 1.13724
0.369615 1.1391
0.370097 1.14039
0.370578 1.14295
0.371059 1.14386
0.37154 1.14509
0.372022 1.14624
0.372503 1.14956
0.372984 1.15045
0.373465 1.15199
0.373947 1.15286
0.374428 1.15464
0.374909 1.1563
0.37539 1.15723
0.375872 1.15812
0.376353 1.15822
0.376834 1.15915
0.377316 1.16027
0.377797 1.16074
0.378278 1.16269
0.378759 1.16277
0.379241 1.16408
0.379722 1.16406
0.380203 1.16447
0.380684 1.16524
0.381166 1.16572
0.381647 1.16735
0.382128 1.16897
0.38261 1.17048
0.383091 1.17203
0.383572 1.1732
0.384053 1.17473
0.384535 1.17767
0.385016 1.17861
0.385497 1.17918
0.385978 1.1814
0.38646 1.18219
0.386941 1.18363
0.387422 1.1845
0.387904 1.18546
0.388385 1.18598
0.388866 1.18772
0.389347 1.18818
0.389829 1.18972
0.39031 1.19208
0.390791 1.19366
0.391272 1.19439
0.391754 1.19625
0.392235 1.19769
0.392716 1.19844
0.393197 1.20005
0.393679 1.2012
0.39416 1.20275
0.394641 1.2042
0.395123 1.20603
0.395604 1.20726
0.396085 1.20766
0.396566 1.20837
0.397048 1.20986
0.397529 1.21177
0.39801 1.21188
0.398491 1.21318
0.398973 1.21413
0.399454 1.21579
0.399935 1.21738
0.400417 1.21904
0.400898 1.22065
0.401379 1.22166
0.40186 1.22371
0.402342 1.22474
0.402823 1.22628
0.403304 1.2281
0.403785 1.22996
0.404267 1.23078
0.404748 1.23122
0.405229 1.23163
0.40571 1.23378
0.406192 1.23485
0.406673 1.2352
0.407154 1.23674
0.407636 1.23734
0.408117 1.23807
0.408598 1.23989
0.409079 1.24054
0.409561 1.24156
0.410042 1.2431
0.410523 1.24427
0.411004 1.24575
0.411486 1.24605
0.411967 1.24627
0.412448 1.2483
0.41293 1.24905
0.413411 1.25047
0.413892 1.25212
0.414373 1.25323
0.414855 1.25467
0.415336 1.25629
0.415817 1.257
0.416298 1.2584
0.41678 1.25999
0.417261 1.26231
0.417742 1.26315
0.418224 1.26559
0.418705 1.26808
0.419186 1.2692
0.419667 1.26939
0.420149 1.27004
0.42063 1.2709
0.421111 1.27125
0.421592 1.27424
0.422074 1.27644
0.422555 1.27933
0.423036 1.28127
0.423517 1.28329
0.423999 1.28453
0.42448 1.28557
0.424961 1.28732
0.425443 1.28743
0.425924 1.28913
0.426405 1.29079
0.426886 1.29171
0.427368 1.2935
0.427849 1.29393
0.42833 1.2967
0.428811 1.29808
0.429293 1.29993
0.429774 1.3015
0.430255 1.30249
0.430737 1.3039
0.431218 1.30469
0.431699 1.30697
0.43218 1.30715
0.432662 1.30778
0.433143 1.30883
0.433624 1.31069
0.434105 1.3116
0.434587 1.31232
0.435068 1.3138
0.435549 1.31673
0.43603 1.31801
0.436512 1.31838
0.436993 1.32092
0.437474 1.32273
0.437956 1.32479
0.438437 1.32638
0.438918 1.32901
0.439399 1.33006
0.439881 1.33248
0.440362 1.33354
0.440843 1.33493
0.441324 1.33594
0.441806 1.33737
0.442287 1.33945
0.442768 1.34017
0.44325 1.34203
0.443731 1.34312
0.444212 1.34555
0.444693 1.34594
0.445175 1.34767
0.445656 1.34773
0.446137 1.35004
0.446618 1.35185
0.4471 1.35404
0.447581 1.35653
0.448062 1.35838
0.448544 1.35935
0.449025 1.36159
0.449506 1.3629
0.449987 1.36427
0.450469 1.36652
0.45095 1.36805
0.451431 1.3696
0.451912 1.37019
0.452394 1.37091
0.452875 1.37264
0.453356 1.3734
0.453837 1.37611
0.454319 1.37674
0.4548 1.37825
0.455281 1.37892
0.455763 1.38066
0.456244 1.38111
0.456725 1.38308
0.457206 1.38556
0.457688 1.38714
0.458169 1.38769
0.45865 1.3887
0.459131 1.38882
0.459613 1.38902
0.460094 1.38859
0.460575 1.38898
0.461057 1.39077
0.461538 1.39197
0.462019 1.39321
0.4625 1.39538
0.462982 1.39766
0.463463 1.39894
0.463944 1.40017
0.464425 1.40079
0.464907 1.40114
0.465388 1.40194
0.465869 1.40245
0.46635 1.40419
0.466832 1.40499
0.467313 1.40645
0.467794 1.40819
0.468276 1.41023
0.468757 1.41168
0.469238 1.41225
0.469719 1.41393
0.470201 1.41521
0.470682 1.41672
0.471163 1.41729
0.471644 1.42005
0.472126 1.42219
0.472607 1.42349
0.473088 1.42472
0.47357 1.42665
0.474051 1.42839
0.474532 1.4307
0.475013 1.43176
0.475495 1.43463
0.475976 1.43568
0.476457 1.43702
0.476938 1.43927
0.47742 1.44027
0.477901 1.44096
0.478382 1.44136
0.478864 1.44231
0.479345 1.44504
0.479826 1.44722
0.480307 1.4487
0.480789 1.44974
0.48127 1.45222
0.481751 1.45422
0.482232 1.45544
0.482714 1.45752
0.483195 1.45971
0.483676 1.46151
0.484157 1.46228
0.484639 1.46431
0.48512 1.46631
0.485601 1.46777
0.486083 1.4671
0.486564 1.46919
0.487045 1.47018
0.487526 1.47162
0.488008 1.4739
0.488489 1.47524
0.48897 1.47659
0.489451 1.47821
0.489933 1.48032
0.490414 1.48268
