0 0
0.00048127 0.00188191
0.00096254 0.00379007
0.00144381 0.00573747
0.00192508 0.00762021
0.00240635 0.0094505
0.00288762 0.0112449
0.00336889 0.0130528
0.00385016 0.0149137
0.00433143 0.0167889
0.0048127 0.0186799
0.00529397 0.020674
0.00577524 0.0226573
0.00625651 0.0245582
0.00673778 0.02638
0.00721905 0.0283395
0.00770032 0.0301385
0.00818159 0.0321628
0.00866286 0.033832
0.00914413 0.0358872
0.0096254 0.0378629
0.0101067 0.0396069
0.0105879 0.0415693
0.0110692 0.0434865
0.0115505 0.045246
0.0120317 0.0473639
0.012513 0.0493948
0.0129943 0.0511988
0.0134756 0.0529795
0.0139568 0.0551016
0.0144381 0.0569286
0.0149194 0.0586185
0.0154006 0.0605118
0.0158819 0.0623195
0.0163632 0.0642809
0.0168444 0.0662606
0.0173257 0.0685594
0.017807 0.0702705
0.0182883 0.0719231
0.0187695 0.0737817
0.0192508 0.0753956
0.0197321 0.0771343
0.0202133 0.0788803
0.0206946 0.0806098
0.0211759 0.0823661
0.0216571 0.0843243
0.0221384 0.0864824
0.0226197 0.0882606
0.023101 0.0902805
0.0235822 0.0918885
0.0240635 0.0937449
0.0245448 0.0956296
0.025026 0.0973403
0.0255073 0.0994441
0.0259886 0.10162
0.0264698 0.103572
0.0269511 0.105003
0.0274324 0.106641
0.0279137 0.108353
0.0283949 0.110471
0.0288762 0.112493
0.0293575 0.114295
0.0298387 0.115817
0.03032 0.11723
0.0308013 0.119154
0.0312825 0.120825
0.0317638 0.122669
0.0322451 0.123996
0.0327264 0.125876
0.0332076 0.127643
0.0336889 0.12946
0.0341702 0.130929
0.0346514 0.132468
0.0351327 0.134228
0.035614 0.135914
0.0360952 0.137589
0.0365765 0.138964
0.0370578 0.140401
0.037539 0.141848
0.0380203 0.14334
0.0385016 0.144808
0.0389829 0.146526
0.0394641 0.147725
0.0399454 0.149405
0.0404267 0.150757
0.0409079 0.152737
0.0413892 0.154596
0.0418705 0.156238
0.0423517 0.157483
0.042833 0.158919
0.0433143 0.16034
0.0437956 0.16194
0.0442768 0.164045
0.0447581 0.165238
0.0452394 0.167338
0.0457206 0.169192
0.0462019 0.170903
0.0466832 0.172533
0.0471644 0.174348
0.0476457 0.175651
0.048127 0.176951
0.0486083 0.178508
0.0490895 0.180201
0.0495708 0.181489
0.0500521 0.182976
0.0505333 0.184976
0.0510146 0.186101
0.0514959 0.18746
0.0519771 0.189119
0.0524584 0.190831
0.0529397 0.191972
0.053421 0.193922
0.0539022 0.195615
0.0543835 0.197285
0.0548648 0.19838
0.055346 0.199666
0.0558273 0.201606
0.0563086 0.203194
0.0567898 0.204368
0.0572711 0.205469
0.0577524 0.207168
0.0582337 0.208672
0.0587149 0.210979
0.0591962 0.212089
0.0596775 0.213463
0.0601587 0.21473
0.06064 0.216192
0.0611213 0.21821
0.0616025 0.220059
0.0620838 0.221501
0.0625651 0.222845
0.0630464 0.224637
0.0635276 0.226755
0.0640089 0.228205
0.0644902 0.229175
0.0649714 0.230291
0.0654527 0.231744
0.065934 0.23344
0.0664152 0.23516
0.0668965 0.236949
0.0673778 0.238331
0.067859 0.239429
0.0683403 0.240603
0.0688216 0.241795
0.0693029 0.24294
0.0697841 0.244857
0.0702654 0.246684
0.0707467 0.248399
0.0712279 0.250202
0.0717092 0.251341
0.0721905 0.253078
0.0726717 0.254857
0.073153 0.256134
0.0736343 0.258314
0.0741156 0.259346
0.0745968 0.260759
0.0750781 0.26251
0.0755594 0.264244
0.0760406 0.265845
0.0765219 0.266933
0.0770032 0.26854
0.0774844 0.270603
0.0779657 0.271991
0.078447 0.273709
0.0789283 0.275727
0.0794095 0.277359
0.0798908 0.278671
0.0803721 0.280193
0.0808533 0.282026
0.0813346 0.283765
0.0818159 0.285025
0.0822971 0.286452
0.0827784 0.287825
0.0832597 0.289379
0.083741 0.291147
0.0842222 0.293055
0.0847035 0.294765
0.0851848 0.296425
0.085666 0.297953
0.0861473 0.299683
0.0866286 0.300955
0.0871098 0.302885
0.0875911 0.304573
0.0880724 0.305539
0.0885537 0.307077
0.0890349 0.308612
0.0895162 0.309994
0.0899975 0.311271
0.0904787 0.313121
0.09096 0.314586
0.0914413 0.316854
0.0919225 0.318396
0.0924038 0.319573
0.0928851 0.32054
0.0933664 0.322725
0.0938476 0.324184
0.0943289 0.325717
0.0948102 0.327233
0.0952914 0.328891
0.0957727 0.330351
0.096254 0.332282
0.0967352 0.333751
0.0972165 0.335412
0.0976978 0.337083
0.0981791 0.339037
0.0986603 0.340926
0.0991416 0.342707
0.0996229 0.343807
0.100104 0.344636
0.100585 0.345698
0.101067 0.346785
0.101548 0.347955
0.102029 0.348575
0.10251 0.350224
0.102992 0.351953
0.103473 0.353675
0.103954 0.355282
0.104436 0.356545
0.104917 0.358118
0.105398 0.359407
0.105879 0.361236
0.106361 0.363563
0.106842 0.365449
0.107323 0.367254
0.107804 0.368944
0.108286 0.370387
0.108767 0.37189
0.109248 0.373355
0.10973 0.375007
0.110211 0.376386
0.110692 0.377764
0.111173 0.379305
0.111655 0.381017
0.112136 0.382196
0.112617 0.384565
0.113098 0.386296
0.11358 0.387685
0.114061 0.389089
0.114542 0.391243
0.115023 0.392651
0.115505 0.393965
0.115986 0.395189
0.116467 0.396212
0.116949 0.397738
0.11743 0.399224
0.117911 0.401288
0.118392 0.402605
0.118874 0.404741
0.119355 0.405956
0.119836 0.407483
0.120317 0.409075
0.120799 0.410762
0.12128 0.411471
0.121761 0.413261
0.122243 0.414736
0.122724 0.41608
0.123205 0.4175
0.123686 0.419416
0.124168 0.420629
0.124649 0.422443
0.12513 0.423968
0.125611 0.425844
0.126093 0.426358
0.126574 0.428227
0.127055 0.429951
0.127537 0.431796
0.128018 0.433937
0.128499 0.435282
0.12898 0.436754
0.129462 0.438989
0.129943 0.440473
0.130424 0.44133
0.130905 0.442761
0.131387 0.44499
0.131868 0.446787
0.132349 0.44832
0.13283 0.449483
0.133312 0.450943
0.133793 0.45238
0.134274 0.453694
0.134756 0.455265
0.135237 0.456605
0.135718 0.458599
0.136199 0.460036
0.136681 0.461329
0.137162 0.462743
0.137643 0.464501
0.138124 0.466161
0.138606 0.467435
0.139087 0.468659
0.139568 0.469683
0.14005 0.471994
0.140531 0.474251
0.141012 0.476194
0.141493 0.47794
0.141975 0.479488
0.142456 0.480738
0.142937 0.482584
0.143418 0.483661
0.1439 0.485238
0.144381 0.486443
0.144862 0.48772
0.145343 0.489424
0.145825 0.490791
0.146306 0.492919
0.146787 0.494443
0.147269 0.496047
0.14775 0.498379
0.148231 0.499915
0.148712 0.500836
0.149194 0.502457
0.149675 0.503526
0.150156 0.505481
0.150637 0.50682
0.151119 0.508094
0.1516 0.510268
0.152081 0.512026
0.152563 0.514108
0.153044 0.515233
0.153525 0.51693
0.154006 0.51881
0.154488 0.520052
0.154969 0.521034
0.15545 0.522991
0.155931 0.524682
0.156413 0.526295
0.156894 0.527731
0.157375 0.529311
0.157857 0.531179
0.158338 0.532551
0.158819 0.533262
0.1593 0.53401
0.159782 0.535859
0.160263 0.537043
0.160744 0.53892
0.161225 0.539989
0.161707 0.541312
0.162188 0.543184
0.162669 0.544587
0.16315 0.546045
0.163632 0.547846
0.164113 0.548514
0.164594 0.549772
0.165076 0.550709
0.165557 0.552268
0.166038 0.553373
0.166519 0.55509
0.167001 0.55585
0.167482 0.557646
0.167963 0.5591
0.168444 0.561005
0.168926 0.562253
0.169407 0.563015
0.169888 0.565127
0.17037 0.566322
0.170851 0.567911
0.171332 0.569136
0.171813 0.570494
0.172295 0.571242
0.172776 0.572109
0.173257 0.57293
0.173738 0.574531
0.17422 0.576334
0.174701 0.57749
0.175182 0.578888
0.175663 0.580381
0.176145 0.582177
0.176626 0.583701
0.177107 0.584305
0.177589 0.58582
0.17807 0.58685
0.178551 0.588296
0.179032 0.589992
0.179514 0.591455
0.179995 0.59323
0.180476 0.595452
0.180957 0.596539
0.181439 0.597989
0.18192 0.599818
0.182401 0.601068
0.182883 0.603098
0.183364 0.604712
0.183845 0.605572
0.184326 0.607403
0.184808 0.609151
0.185289 0.611153
0.18577 0.613096
0.186251 0.615283
0.186733 0.617239
0.187214 0.618608
0.187695 0.620766
0.188177 0.621775
0.188658 0.623944
0.189139 0.624952
0.18962 0.627036
0.190102 0.628268
0.190583 0.629614
0.191064 0.631503
0.191545 0.63233
0.192027 0.634206
0.192508 0.635999
0.192989 0.637853
0.19347 0.639037
0.193952 0.640328
0.194433 0.642022
0.194914 0.642665
0.195396 0.643873
0.195877 0.645393
0.196358 0.646004
0.196839 0.647908
0.197321 0.649307
0.197802 0.650906
0.198283 0.652909
0.198764 0.654181
0.199246 0.655995
0.199727 0.658214
0.200208 0.659879
0.20069 0.662237
0.201171 0.662761
0.201652 0.664411
0.202133 0.666888
0.202615 0.667152
0.203096 0.66821
0.203577 0.670503
0.204058 0.672315
0.20454 0.673651
0.205021 0.675728
0.205502 0.676739
0.205983 0.678055
0.206465 0.678801
0.206946 0.680535
0.207427 0.681964
0.207909 0.683929
0.20839 0.68584
0.208871 0.687321
0.209352 0.689243
0.209834 0.691057
0.210315 0.692348
0.210796 0.694171
0.211277 0.695713
0.211759 0.697743
0.21224 0.698764
0.212721 0.700527
0.213203 0.70286
0.213684 0.705223
0.214165 0.706831
0.214646 0.707613
0.215128 0.709535
0.215609 0.711177
0.21609 0.711639
0.216571 0.712749
0.217053 0.714459
0.217534 0.715983
0.218015 0.717874
0.218497 0.718926
0.218978 0.720282
0.219459 0.721986
0.21994 0.723409
0.220422 0.72483
0.220903 0.727264
0.221384 0.728356
0.221865 0.729503
0.222347 0.730691
0.222828 0.732354
0.223309 0.733932
0.22379 0.735962
0.224272 0.737997
0.224753 0.738991
0.225234 0.740718
0.225716 0.740978
0.226197 0.742578
0.226678 0.744612
0.227159 0.746527
0.227641 0.747934
0.228122 0.749271
0.228603 0.750331
0.229084 0.751537
0.229566 0.752121
0.230047 0.752702
0.230528 0.754767
0.23101 0.757181
0.231491 0.758395
0.231972 0.7598
0.232453 0.761673
0.232935 0.762769
0.233416 0.763719
0.233897 0.765075
0.234378 0.767452
0.23486 0.769652
0.235341 0.771547
0.235822 0.772976
0.236303 0.774685
0.236785 0.777536
0.237266 0.779113
0.237747 0.780482
0.238229 0.782569
0.23871 0.784894
0.239191 0.785814
0.239672 0.787983
0.240154 0.78844
0.240635 0.790957
0.241116 0.791952
0.241597 0.792451
0.242079 0.793387
0.24256 0.79459
0.243041 0.79563
0.243523 0.798014
0.244004 0.79885
0.244485 0.801281
0.244966 0.802621
0.245448 0.803556
0.245929 0.804735
0.24641 0.806261
0.246891 0.809237
0.247373 0.811198
0.247854 0.811838
0.248335 0.813192
0.248817 0.815876
0.249298 0.817428
0.249779 0.820155
0.25026 0.822163
0.250742 0.82378
0.251223 0.825162
0.251704 0.82759
0.252185 0.82892
0.252667 0.830182
0.253148 0.831375
0.253629 0.832543
0.25411 0.834807
0.254592 0.83557
0.255073 0.837413
0.255554 0.839052
0.256036 0.840181
0.256517 0.841596
0.256998 0.842658
0.257479 0.844047
0.257961 0.84571
0.258442 0.846717
0.258923 0.848759
0.259404 0.85077
0.259886 0.851458
0.260367 0.853098
0.260848 0.85442
0.26133 0.854938
0.261811 0.856432
0.262292 0.858299
0.262773 0.859376
0.263255 0.86135
0.263736 0.86232
0.264217 0.863183
0.264698 0.86495
0.26518 0.866147
0.265661 0.867829
0.266142 0.869852
0.266623 0.871544
0.267105 0.87267
0.267586 0.873539
0.268067 0.874282
0.268549 0.876448
0.26903 0.877597
0.269511 0.878778
0.269992 0.880142
0.270474 0.881793
0.270955 0.88355
0.271436 0.884086
0.271917 0.885416
0.272399 0.887076
0.27288 0.888838
0.273361 0.890312
0.273843 0.891475
0.274324 0.892301
0.274805 0.894145
0.275286 0.8957
0.275768 0.896864
0.276249 0.898555
0.27673 0.900592
0.277211 0.902109
0.277693 0.902425
0.278174 0.904115
0.278655 0.904984
0.279137 0.905882
0.279618 0.907858
0.280099 0.909141
0.28058 0.910406
0.281062 0.91167
0.281543 0.913159
0.282024 0.915042
0.282505 0.916416
0.282987 0.917834
0.283468 0.919768
0.283949 0.921115
0.28443 0.922724
0.284912 0.924069
0.285393 0.924212
0.285874 0.9256
0.286356 0.926091
0.286837 0.928066
0.287318 0.930411
0.287799 0.931888
0.288281 0.933358
0.288762 0.934122
0.289243 0.935949
0.289724 0.937428
0.290206 0.938646
0.290687 0.940565
0.291168 0.941534
0.29165 0.943126
0.292131 0.9443
0.292612 0.945791
0.293093 0.946413
0.293575 0.947787
0.294056 0.95034
0.294537 0.951248
0.295018 0.952627
0.2955 0.954532
0.295981 0.95542
0.296462 0.957459
0.296943 0.958211
0.297425 0.960568
0.297906 0.960813
0.298387 0.96289
0.298869 0.963986
0.29935 0.965438
0.299831 0.966082
0.300312 0.966711
0.300794 0.969195
0.301275 0.96993
0.301756 0.970511
0.302237 0.971247
0.302719 0.972774
0.3032 0.975342
0.303681 0.976479
0.304163 0.977759
0.304644 0.978626
0.305125 0.979355
0.305606 0.980962
0.306088 0.98217
0.306569 0.983383
0.30705 0.985789
0.307531 0.987282
0.308013 0.988091
0.308494 0.989038
0.308975 0.989612
0.309457 0.991072
0.309938 0.992479
0.310419 0.994713
0.3109 0.995448
0.311382 0.997367
0.311863 0.998911
0.312344 1.00101
0.312825 1.00306
0.313307 1.00473
0.313788 1.00605
0.314269 1.00772
0.31475 1.00917
0.315232 1.01084
0.315713 1.01176
0.316194 1.01344
0.316676 1.01477
0.317157 1.01671
0.317638 1.01764
0.318119 1.01905
0.318601 1.02062
0.319082 1.02218
0.319563 1.0242
0.320044 1.0259
0.320526 1.02758
0.321007 1.02901
0.321488 1.03056
0.32197 1.03207
0.322451 1.03357
0.322932 1.0352
0.323413 1.03607
0.323895 1.03702
0.324376 1.03882
0.324857 1.0401
0.325338 1.04132
0.32582 1.04292
0.326301 1.04449
0.326782 1.0458
0.327264 1.0476
0.327745 1.04887
0.328226 1.05015
0.328707 1.05163
0.329189 1.05312
0.32967 1.05435
0.330151 1.05543
0.330632 1.05574
0.331114 1.05755
0.331595 1.05974
0.332076 1.06173
0.332557 1.06188
0.333039 1.06259
0.33352 1.06427
0.334001 1.06519
0.334483 1.06734
0.334964 1.06939
0.335445 1.07084
0.335926 1.07253
0.336408 1.07313
0.336889 1.07391
0.33737 1.07522
0.337851 1.07687
0.338333 1.07778
0.338814 1.07993
0.339295 1.08091
0.339777 1.08255
0.340258 1.08364
0.340739 1.08508
0.34122 1.08532
0.341702 1.08633
0.342183 1.08782
0.342664 1.0884
0.343145 1.09018
0.343627 1.0921
0.344108 1.09371
0.344589 1.09448
0.34507 1.09588
0.345552 1.09856
0.346033 1.09926
0.346514 1.10072
0.346996 1.10264
0.347477 1.10364
0.347958 1.1046
0.348439 1.10621
0.348921 1.10621
0.349402 1.1082
0.349883 1.10869
0.350364 1.10982
0.350846 1.11181
0.351327 1.11235
0.351808 1.11445
0.35229 1.11545
0.352771 1.11724
0.353252 1.1184
0.353733 1.11996
0.354215 1.121
0.354696 1.12281
0.355177 1.12324
0.355658 1.12388
0.35614 1.12496
0.356621 1.12702
0.357102 1.1285
0.357584 1.13017
0.358065 1.13161
0.358546 1.13276
0.359027 1.13503
0.359509 1.13643
0.35999 1.13812
0.360471 1.14018
0.360952 1.14236
0.361434 1.14333
0.361915 1.14385
0.362396 1.14556
0.362877 1.14786
0.363359 1.14775
0.36384 1.14831
0.364321 1.14974
0.364803 1.15146
0.365284 1.15175
0.365765 1.15367
0.366246 1.15488
0.366728 1.15526
0.367209 1.15677
0.36769 1.15865
0.368171 1.16003
0.368653 1.16175
0.369134 1.16226
0.369615 1.16387
0.370097 1.16639
0.370578 1.16811
0.371059 1.16863
0.37154 1.1694
0.372022 1.16962
0.372503 1.17085
0.372984 1.17308
0.373465 1.17465
0.373947 1.1749
0.374428 1.17687
0.374909 1.17882
0.37539 1.17944
0.375872 1.18037
0.376353 1.18138
0.376834 1.18285
0.377316 1.18521
0.377797 1.1877
0.378278 1.18952
0.378759 1.19127
0.379241 1.19271
0.379722 1.19327
0.380203 1.19344
0.380684 1.19528
0.381166 1.19726
0.381647 1.19851
0.382128 1.20123
0.38261 1.2019
0.383091 1.20348
0.383572 1.20555
0.384053 1.20751
0.384535 1.21003
0.385016 1.21114
0.385497 1.2126
0.385978 1.21422
0.38646 1.21515
0.386941 1.21553
0.387422 1.21678
0.387904 1.21817
0.388385 1.21955
0.388866 1.22126
0.389347 1.22296
0.389829 1.22323
0.39031 1.22548
0.390791 1.22591
0.391272 1.2274
0.391754 1.2281
0.392235 1.2306
0.392716 1.23153
0.393197 1.23276
0.393679 1.23392
0.39416 1.23513
0.394641 1.23567
0.395123 1.23738
0.395604 1.23912
0.396085 1.23959
0.396566 1.24114
0.397048 1.2429
0.397529 1.24501
0.39801 1.247
0.398491 1.24787
0.398973 1.24837
0.399454 1.24953
0.399935 1.25097
0.400417 1.25343
0.400898 1.25509
0.401379 1.25476
0.40186 1.25717
0.402342 1.25805
0.402823 1.26003
0.403304 1.26207
0.403785 1.26364
0.404267 1.2645
0.404748 1.26512
0.405229 1.26586
0.40571 1.26516
0.406192 1.26561
0.406673 1.26646
0.407154 1.26952
0.407636 1.27038
0.408117 1.27193
0.408598 1.27333
0.409079 1.27372
0.409561 1.27481
0.410042 1.27617
0.410523 1.2766
0.411004 1.27813
0.411486 1.27883
0.411967 1.27995
0.412448 1.28114
0.41293 1.2824
0.413411 1.28385
0.413892 1.28582
0.414373 1.28818
0.414855 1.29018
0.415336 1.29205
0.415817 1.29463
0.416298 1.29596
0.41678 1.29601
0.417261 1.29753
0.417742 1.29917
0.418224 1.29995
0.418705 1.3016
0.419186 1.30356
0.419667 1.30419
0.420149 1.30504
0.42063 1.30729
0.421111 1.30812
0.421592 1.30879
0.422074 1.31074
0.422555 1.31232
0.423036 1.31445
0.423517 1.31554
0.423999 1.31682
0.42448 1.31796
0.424961 1.31952
0.425443 1.32135
0.425924 1.32247
0.426405 1.3233
0.426886 1.32443
0.427368 1.32448
0.427849 1.32759
0.42833 1.32972
0.428811 1.33091
0.429293 1.33343
0.429774 1.3359
0.430255 1.3383
0.430737 1.34098
0.431218 1.34389
0.431699 1.34643
0.43218 1.3468
0.432662 1.34902
0.433143 1.35142
0.433624 1.35366
0.434105 1.35611
0.434587 1.35711
0.435068 1.35866
0.435549 1.36016
0.43603 1.36052
0.436512 1.36242
0.436993 1.36362
0.437474 1.36484
0.437956 1.36673
0.438437 1.36773
0.438918 1.36823
0.439399 1.36861
0.439881 1.3703
0.440362 1.372
0.440843 1.3729
0.441324 1.37302
0.441806 1.37464
0.442287 1.37617
0.442768 1.37603
0.44325 1.37673
0.443731 1.37823
0.444212 1.38051
0.444693 1.38161
0.445175 1.38243
0.445656 1.38254
0.446137 1.3838
0.446618 1.38406
0.4471 1.38541
0.447581 1.38663
0.448062 1.38713
0.448544 1.38792
0.449025 1.38842
0.449506 1.39032
0.449987 1.39097
0.450469 1.39301
0.45095 1.39454
0.451431 1.3965
0.451912 1.39733
0.452394 1.39896
0.452875 1.39952
0.453356 1.40161
0.453837 1.40364
0.454319 1.40513
0.4548 1.40465
0.455281 1.40561
0.455763 1.40671
0.456244 1.40836
0.456725 1.408
0.457206 1.41025
0.457688 1.41113
0.458169 1.4127
0.45865 1.41441
0.459131 1.41558
0.459613 1.41684
0.460094 1.41752
0.460575 1.41899
0.461057 1.41921
0.461538 1.42049
0.462019 1.4223
0.4625 1.42264
0.462982 1.42288
0.463463 1.42398
0.463944 1.4247
0.464425 1.42559
0.464907 1.42819
0.465388 1.43028
0.465869 1.43172
0.46635 1.43239
0.466832 1.4342
0.467313 1.43449
0.467794 1.43504
0.468276 1.43693
0.468757 1.43873
0.469238 1.43916
0.469719 1.44201
0.470201 1.44347
0.470682 1.44495
0.471163 1.44713
0.471644 1.44847
0.472126 1.45072
0.472607 1.45297
0.473088 1.45488
0.47357 1.45663
0.474051 1.45767
0.474532 1.4588
0.475013 1.46034
0.475495 1.46186
0.475976 1.46385
0.476457 1.46552
0.476938 1.46651
0.47742 1.46708
0.477901 1.46874
0.478382 1.47082
0.478864 1.47236
0.479345 1.47306
0.479826 1.47532
0.480307 1.47728
0.480789 1.47802
0.48127 1.47982
0.481751 1.48267
0.482232 1.48391
0.482714 1.48505
0.483195 1.48504
0.483676 1.48732
0.484157 1.48828
0.484639 1.48968
0.48512 1.49194
0.485601 1.49349
0.486083 1.49558
0.486564 1.49713
0.487045 1.49935
0.487526 1.50035
0.488008 1.50233
0.488489 1.50309
0.48897 1.50476
0.489451 1.50412
0.489933 1.5062
0.490414 1.50805
