0 0
0.00048127 0.00188555
0.00096254 0.00383585
0.00144381 0.00567862
0.00192508 0.00758422
0.00240635 0.00958957
0.00288762 0.0115815
0.00336889 0.0134263
0.00385016 0.0152411
0.00433143 0.0171649
0.0048127 0.019163
0.00529397 0.0208451
0.00577524 0.0227624
0.00625651 0.0245299
0.00673778 0.02647
0.00721905 0.0281799
0.00770032 0.029968
0.00818159 0.0318119
0.00866286 0.0335122
0.00914413 0.0353785
0.0096254 0.0372968
0.0101067 0.0393576
0.0105879 0.0412638
0.0110692 0.0430772
0.0115505 0.0449007
0.0120317 0.0466305
0.012513 0.0485636
0.0129943 0.0504227
0.0134756 0.0523047
0.0139568 0.0540563
0.0144381 0.0560698
0.0149194 0.0579228
0.0154006 0.0599938
0.0158819 0.0615987
0.0163632 0.0634252
0.0168444 0.0654424
0.0173257 0.0673273
0.017807 0.0693757
0.0182883 0.0709559
0.0187695 0.0727752
0.0192508 0.0746594
0.0197321 0.0765595
0.0202133 0.0782861
0.0206946 0.0798664
0.0211759 0.0816395
0.0216571 0.0836439
0.0221384 0.0854118
0.0226197 0.0870877
0.023101 0.0887997
0.0235822 0.0902975
0.0240635 0.0918635
0.0245448 0.0939601
0.025026 0.0960127
0.0255073 0.0976086
0.0259886 0.0994325
0.0264698 0.101302
0.0269511 0.103527
0.0274324 0.105145
0.0279137 0.106827
0.0283949 0.108424
0.0288762 0.11039
0.0293575 0.111957
0.0298387 0.113468
0.03032 0.11504
0.0308013 0.116676
0.0312825 0.118711
0.0317638 0.120342
0.0322451 0.122196
0.0327264 0.124033
0.0332076 0.125522
0.0336889 0.127445
0.0341702 0.129249
0.0346514 0.131023
0.0351327 0.132177
0.035614 0.133586
0.0360952 0.135387
0.0365765 0.137014
0.0370578 0.138792
0.037539 0.140083
0.0380203 0.141534
0.0385016 0.143225
0.0389829 0.145238
0.0394641 0.14702
0.0399454 0.148666
0.0404267 0.150222
0.0409079 0.151855
0.0413892 0.15354
0.0418705 0.155219
0.0423517 0.156901
0.042833 0.158626
0.0433143 0.159966
0.0437956 0.16154
0.0442768 0.163548
0.0447581 0.1651
0.0452394 0.166459
0.0457206 0.168335
0.0462019 0.170314
0.0466832 0.17184
0.0471644 0.17348
0.0476457 0.174863
0.048127 0.176091
0.0486083 0.177347
0.0490895 0.179117
0.0495708 0.180778
0.0500521 0.182353
0.0505333 0.183787
0.0510146 0.185187
0.0514959 0.186582
0.0519771 0.18792
0.0524584 0.18948
0.0529397 0.191026
0.053421 0.192145
0.0539022 0.193698
0.0543835 0.195211
0.0548648 0.197277
0.055346 0.199078
0.0558273 0.200629
0.0563086 0.201883
0.0567898 0.203976
0.0572711 0.205927
0.0577524 0.207511
0.0582337 0.208666
0.0587149 0.210251
0.0591962 0.21197
0.0596775 0.213233
0.0601587 0.214845
0.06064 0.216236
0.0611213 0.217844
0.0616025 0.219389
0.0620838 0.220942
0.0625651 0.222578
0.0630464 0.224164
0.0635276 0.225853
0.0640089 0.227163
0.0644902 0.228612
0.0649714 0.229812
0.0654527 0.231435
0.065934 0.233292
0.0664152 0.234962
0.0668965 0.236206
0.0673778 0.237806
0.067859 0.239597
0.0683403 0.241409
0.0688216 0.24316
0.0693029 0.244457
0.0697841 0.245849
0.0702654 0.247367
0.0707467 0.248768
0.0712279 0.249635
0.0717092 0.251244
0.0721905 0.252027
0.0726717 0.253823
0.073153 0.255305
0.0736343 0.256841
0.0741156 0.258292
0.0745968 0.259561
0.0750781 0.261064
0.0755594 0.262845
0.0760406 0.264628
0.0765219 0.266206
0.0770032 0.267615
0.0774844 0.269301
0.0779657 0.270638
0.078447 0.272523
0.0789283 0.27421
0.0794095 0.275584
0.0798908 0.277407
0.0803721 0.278778
0.0808533 0.280873
0.0813346 0.282116
0.0818159 0.283303
0.0822971 0.28497
0.0827784 0.286857
0.0832597 0.288571
0.083741 0.28999
0.0842222 0.291898
0.0847035 0.293459
0.0851848 0.295057
0.085666 0.296438
0.0861473 0.298219
0.0866286 0.299673
0.0871098 0.300831
0.0875911 0.302026
0.0880724 0.303858
0.0885537 0.305791
0.0890349 0.307483
0.0895162 0.308663
0.0899975 0.309924
0.0904787 0.311709
0.09096 0.312966
0.0914413 0.314788
0.0919225 0.316069
0.0924038 0.317797
0.0928851 0.319303
0.0933664 0.320699
0.0938476 0.321617
0.0943289 0.323089
0.0948102 0.324846
0.0952914 0.326519
0.0957727 0.327997
0.096254 0.329083
0.0967352 0.330668
0.0972165 0.332251
0.0976978 0.333471
0.0981791 0.334772
0.0986603 0.336409
0.0991416 0.33841
0.0996229 0.339632
0.100104 0.341094
0.100585 0.342635
0.101067 0.344079
0.101548 0.346049
0.102029 0.347993
0.10251 0.350063
0.102992 0.351152
0.103473 0.352733
0.103954 0.353593
0.104436 0.35518
0.104917 0.355979
0.105398 0.357765
0.105879 0.359283
0.106361 0.36066
0.106842 0.361645
0.107323 0.362536
0.107804 0.364344
0.108286 0.365543
0.108767 0.366949
0.109248 0.368496
0.10973 0.370028
0.110211 0.370594
0.110692 0.371696
0.111173 0.373339
0.111655 0.375039
0.112136 0.376374
0.112617 0.377904
0.113098 0.37984
0.11358 0.380891
0.114061 0.382376
0.114542 0.384165
0.115023 0.385955
0.115505 0.388096
0.115986 0.389767
0.116467 0.391343
0.116949 0.39261
0.11743 0.39435
0.117911 0.395648
0.118392 0.397495
0.118874 0.398989
0.119355 0.400986
0.119836 0.402454
0.120317 0.40422
0.120799 0.40509
0.12128 0.406953
0.121761 0.407999
0.122243 0.409689
0.122724 0.411405
0.123205 0.413578
0.123686 0.414922
0.124168 0.416271
0.124649 0.417861
0.12513 0.41932
0.125611 0.420613
0.126093 0.421001
0.126574 0.422826
0.127055 0.424166
0.127537 0.426408
0.128018 0.428821
0.128499 0.430745
0.12898 0.432331
0.129462 0.433882
0.129943 0.434817
0.130424 0.436311
0.130905 0.437836
0.131387 0.438591
0.131868 0.440728
0.132349 0.442311
0.13283 0.443235
0.133312 0.444298
0.133793 0.445831
0.134274 0.447522
0.134756 0.449385
0.135237 0.45117
0.135718 0.452815
0.136199 0.454298
0.136681 0.455665
0.137162 0.45767
0.137643 0.459409
0.138124 0.460721
0.138606 0.462067
0.139087 0.463893
0.139568 0.465525
0.14005 0.467049
0.140531 0.468445
0.141012 0.470586
0.141493 0.471801
0.141975 0.473261
0.142456 0.474516
0.142937 0.476003
0.143418 0.477134
0.1439 0.479217
0.144381 0.480723
0.144862 0.482729
0.145343 0.483657
0.145825 0.485209
0.146306 0.487059
0.146787 0.488448
0.147269 0.490256
0.14775 0.492206
0.148231 0.493824
0.148712 0.49516
0.149194 0.49671
0.149675 0.498285
0.150156 0.499432
0.150637 0.500586
0.151119 0.50239
0.1516 0.503871
0.152081 0.505331
0.152563 0.50659
0.153044 0.507405
0.153525 0.509157
0.154006 0.510569
0.154488 0.511573
0.154969 0.51325
0.15545 0.514603
0.155931 0.515239
0.156413 0.517078
0.156894 0.518444
0.157375 0.520313
0.157857 0.522244
0.158338 0.523807
0.158819 0.524821
0.1593 0.525538
0.159782 0.526593
0.160263 0.528622
0.160744 0.53025
0.161225 0.532553
0.161707 0.534805
0.162188 0.535967
0.162669 0.536898
0.16315 0.539266
0.163632 0.540177
0.164113 0.541544
0.164594 0.542858
0.165076 0.544843
0.165557 0.545397
0.166038 0.546758
0.166519 0.547822
0.167001 0.549413
0.167482 0.550189
0.167963 0.551203
0.168444 0.552733
0.168926 0.553735
0.169407 0.554575
0.169888 0.55607
0.17037 0.557722
0.170851 0.558889
0.171332 0.560288
0.171813 0.561753
0.172295 0.563443
0.172776 0.564002
0.173257 0.565038
0.173738 0.566619
0.17422 0.567618
0.174701 0.569409
0.175182 0.570886
0.175663 0.57261
0.176145 0.574423
0.176626 0.575584
0.177107 0.576422
0.177589 0.577934
0.17807 0.579489
0.178551 0.580772
0.179032 0.58221
0.179514 0.58386
0.179995 0.58479
0.180476 0.586059
0.180957 0.586929
0.181439 0.588917
0.18192 0.589455
0.182401 0.591071
0.182883 0.593226
0.183364 0.594941
0.183845 0.59668
0.184326 0.598203
0.184808 0.598527
0.185289 0.599841
0.18577 0.601465
0.186251 0.603374
0.186733 0.604977
0.187214 0.606175
0.187695 0.607991
0.188177 0.610034
0.188658 0.611314
0.189139 0.612758
0.18962 0.614143
0.190102 0.615894
0.190583 0.617565
0.191064 0.618923
0.191545 0.619101
0.192027 0.61959
0.192508 0.621092
0.192989 0.623421
0.19347 0.625152
0.193952 0.626585
0.194433 0.627761
0.194914 0.628782
0.195396 0.629944
0.195877 0.631824
0.196358 0.632762
0.196839 0.634255
0.197321 0.636095
0.197802 0.637519
0.198283 0.639064
0.198764 0.6406
0.199246 0.642538
0.199727 0.643824
0.200208 0.646115
0.20069 0.647845
0.201171 0.649588
0.201652 0.650938
0.202133 0.652652
0.202615 0.653703
0.203096 0.65528
0.203577 0.65748
0.204058 0.65918
0.20454 0.660882
0.205021 0.662034
0.205502 0.663848
0.205983 0.664461
0.206465 0.66629
0.206946 0.66816
0.207427 0.669142
0.207909 0.67052
0.20839 0.672312
0.208871 0.674529
0.209352 0.675679
0.209834 0.676599
0.210315 0.678882
0.210796 0.680718
0.211277 0.68214
0.211759 0.683833
0.21224 0.684843
0.212721 0.686299
0.213203 0.688204
0.213684 0.689932
0.214165 0.692019
0.214646 0.694564
0.215128 0.695947
0.215609 0.697015
0.21609 0.699093
0.216571 0.700906
0.217053 0.702458
0.217534 0.704435
0.218015 0.705446
0.218497 0.705674
0.218978 0.707655
0.219459 0.708443
0.21994 0.709979
0.220422 0.711178
0.220903 0.71228
0.221384 0.714306
0.221865 0.715701
0.222347 0.716995
0.222828 0.719021
0.223309 0.72024
0.22379 0.721466
0.224272 0.72228
0.224753 0.724278
0.225234 0.725959
0.225716 0.727294
0.226197 0.728627
0.226678 0.729741
0.227159 0.731215
0.227641 0.732378
0.228122 0.735014
0.228603 0.736165
0.229084 0.738334
0.229566 0.739123
0.230047 0.74091
0.230528 0.742592
0.23101 0.743201
0.231491 0.745404
0.231972 0.747228
0.232453 0.748556
0.232935 0.750587
0.233416 0.752121
0.233897 0.754434
0.234378 0.756247
0.23486 0.75755
0.235341 0.759149
0.235822 0.760186
0.236303 0.761708
0.236785 0.763445
0.237266 0.765133
0.237747 0.766952
0.238229 0.768266
0.23871 0.769456
0.239191 0.771391
0.239672 0.773009
0.240154 0.774272
0.240635 0.775409
0.241116 0.776251
0.241597 0.777486
0.242079 0.779503
0.24256 0.78104
0.243041 0.782557
0.243523 0.784334
0.244004 0.785508
0.244485 0.786896
0.244966 0.788292
0.245448 0.789941
0.245929 0.791852
0.24641 0.793854
0.246891 0.794762
0.247373 0.797194
0.247854 0.797805
0.248335 0.799244
0.248817 0.801752
0.249298 0.803377
0.249779 0.804891
0.25026 0.807093
0.250742 0.808395
0.251223 0.809929
0.251704 0.810795
0.252185 0.812117
0.252667 0.813209
0.253148 0.81503
0.253629 0.815986
0.25411 0.816503
0.254592 0.817846
0.255073 0.819301
0.255554 0.82017
0.256036 0.821443
0.256517 0.822643
0.256998 0.824927
0.257479 0.827269
0.257961 0.829355
0.258442 0.830975
0.258923 0.832481
0.259404 0.834155
0.259886 0.835492
0.260367 0.836091
0.260848 0.837719
0.26133 0.839129
0.261811 0.841324
0.262292 0.841523
0.262773 0.841476
0.263255 0.843016
0.263736 0.845021
0.264217 0.847081
0.264698 0.848277
0.26518 0.851462
0.265661 0.852857
0.266142 0.854367
0.266623 0.856254
0.267105 0.857742
0.267586 0.859472
0.268067 0.860933
0.268549 0.862212
0.26903 0.863905
0.269511 0.864997
0.269992 0.86672
0.270474 0.867861
0.270955 0.869988
0.271436 0.873001
0.271917 0.874826
0.272399 0.875196
0.27288 0.876475
0.273361 0.878329
0.273843 0.879791
0.274324 0.881986
0.274805 0.883796
0.275286 0.885409
0.275768 0.886998
0.276249 0.888987
0.27673 0.89056
0.277211 0.891623
0.277693 0.892279
0.278174 0.89273
0.278655 0.89392
0.279137 0.895705
0.279618 0.897386
0.280099 0.898616
0.28058 0.900275
0.281062 0.901494
0.281543 0.903079
0.282024 0.905356
0.282505 0.906503
0.282987 0.908433
0.283468 0.910023
0.283949 0.911248
0.28443 0.912749
0.284912 0.914269
0.285393 0.913856
0.285874 0.915542
0.286356 0.916411
0.286837 0.917916
0.287318 0.919271
0.287799 0.921196
0.288281 0.921279
0.288762 0.922374
0.289243 0.924374
0.289724 0.925097
0.290206 0.926135
0.290687 0.927498
0.291168 0.928557
0.29165 0.929497
0.292131 0.930637
0.292612 0.932604
0.293093 0.934526
0.293575 0.935793
0.294056 0.936336
0.294537 0.937021
0.295018 0.938729
0.2955 0.939486
0.295981 0.941619
0.296462 0.943102
0.296943 0.944391
0.297425 0.946405
0.297906 0.947386
0.298387 0.949642
0.298869 0.95066
0.29935 0.951289
0.299831 0.95299
0.300312 0.954758
0.300794 0.955807
0.301275 0.956619
0.301756 0.958275
0.302237 0.959321
0.302719 0.9599
0.3032 0.962066
0.303681 0.962226
0.304163 0.962673
0.304644 0.964938
0.305125 0.965588
0.305606 0.966175
0.306088 0.96738
0.306569 0.968936
0.30705 0.969944
0.307531 0.971074
0.308013 0.972959
0.308494 0.974522
0.308975 0.975592
0.309457 0.976739
0.309938 0.978902
0.310419 0.980287
0.3109 0.982119
0.311382 0.983178
0.311863 0.984255
0.312344 0.986023
0.312825 0.986469
0.313307 0.989037
0.313788 0.990121
0.314269 0.991751
0.31475 0.993351
0.315232 0.994127
0.315713 0.995669
0.316194 0.997117
0.316676 0.998091
0.317157 0.999184
0.317638 1.00146
0.318119 1.00358
0.318601 1.00502
0.319082 1.00598
0.319563 1.00835
0.320044 1.01014
0.320526 1.01225
0.321007 1.01398
0.321488 1.01625
0.32197 1.01843
0.322451 1.01985
0.322932 1.02191
0.323413 1.02429
0.323895 1.02557
0.324376 1.0268
0.324857 1.02833
0.325338 1.02849
0.32582 1.03017
0.326301 1.03209
0.326782 1.03332
0.327264 1.03502
0.327745 1.03622
0.328226 1.03811
0.328707 1.04034
0.329189 1.04116
0.32967 1.04228
0.330151 1.04322
0.330632 1.0447
0.331114 1.04745
0.331595 1.04847
0.332076 1.04896
0.332557 1.05007
0.333039 1.05174
0.33352 1.05363
0.334001 1.05433
0.334483 1.05502
0.334964 1.05505
0.335445 1.05609
0.335926 1.0578
0.336408 1.05812
0.336889 1.05946
0.33737 1.0606
0.337851 1.06232
0.338333 1.06411
0.338814 1.06558
0.339295 1.06651
0.339777 1.06847
0.340258 1.06999
0.340739 1.07127
0.34122 1.07348
0.341702 1.07556
0.342183 1.07633
0.342664 1.078
0.343145 1.07862
0.343627 1.07999
0.344108 1.08038
0.344589 1.08202
0.34507 1.08333
0.345552 1.08517
0.346033 1.08642
0.346514 1.08739
0.346996 1.08868
0.347477 1.09042
0.347958 1.0913
0.348439 1.09291
0.348921 1.09411
0.349402 1.09551
0.349883 1.09776
0.350364 1.09933
0.350846 1.10165
0.351327 1.10255
0.351808 1.1043
0.35229 1.10638
0.352771 1.10729
0.353252 1.10807
0.353733 1.11022
0.354215 1.11034
0.354696 1.11257
0.355177 1.11336
0.355658 1.11497
0.35614 1.1168
0.356621 1.11739
0.357102 1.11876
0.357584 1.11993
0.358065 1.12178
0.358546 1.12158
0.359027 1.12314
0.359509 1.12472
0.35999 1.12502
0.360471 1.12695
0.360952 1.12893
0.361434 1.1298
0.361915 1.1305
0.362396 1.13213
0.362877 1.13276
0.363359 1.13431
0.36384 1.13567
0.364321 1.13657
0.364803 1.13729
0.365284 1.13814
0.365765 1.13894
0.366246 1.14002
0.366728 1.14189
0.367209 1.14357
0.36769 1.14537
0.368171 1.14663
0.368653 1.14882
0.369134 1.15031
0.369615 1.15106
0.370097 1.15348
0.370578 1.1546
0.371059 1.1565
0.37154 1.15781
0.372022 1.15879
0.372503 1.16033
0.372984 1.16234
0.373465 1.16384
0.373947 1.16515
0.374428 1.1676
0.374909 1.16886
0.37539 1.17044
0.375872 1.17122
0.376353 1.17178
0.376834 1.17339
0.377316 1.1733
0.377797 1.17467
0.378278 1.175
0.378759 1.17581
0.379241 1.1774
0.379722 1.17925
0.380203 1.18076
0.380684 1.18217
0.381166 1.18362
0.381647 1.18602
0.382128 1.18804
0.38261 1.18915
0.383091 1.18977
0.383572 1.19064
0.384053 1.19277
0.384535 1.19405
0.385016 1.19435
0.385497 1.19536
0.385978 1.19648
0.38646 1.19764
0.386941 1.19871
0.387422 1.19956
0.387904 1.20015
0.388385 1.20155
0.388866 1.20311
0.389347 1.20484
0.389829 1.20542
0.39031 1.20559
0.390791 1.20664
0.391272 1.20957
0.391754 1.20979
0.392235 1.21086
0.392716 1.21359
0.393197 1.21571
0.393679 1.21591
0.39416 1.21783
0.394641 1.22018
0.395123 1.22069
0.395604 1.22249
0.396085 1.22348
0.396566 1.22484
0.397048 1.2269
0.397529 1.22871
0.39801 1.23
0.398491 1.23069
0.398973 1.23134
0.399454 1.23294
0.399935 1.23482
0.400417 1.23685
0.400898 1.23792
0.401379 1.24018
0.40186 1.24235
0.402342 1.24388
0.402823 1.2454
0.403304 1.24715
0.403785 1.248
0.404267 1.24963
0.404748 1.25146
0.405229 1.25313
0.40571 1.25316
0.406192 1.25386
0.406673 1.25413
0.407154 1.25513
0.407636 1.25636
0.408117 1.25802
0.408598 1.2602
0.409079 1.26168
0.409561 1.26308
0.410042 1.26353
0.410523 1.26476
0.411004 1.26523
0.411486 1.26588
0.411967 1.26834
0.412448 1.26933
0.41293 1.27038
0.413411 1.27261
0.413892 1.2741
0.414373 1.27537
0.414855 1.27598
0.415336 1.27756
0.415817 1.27901
0.416298 1.28075
0.41678 1.28235
0.417261 1.28436
0.417742 1.28573
0.418224 1.28745
0.418705 1.28789
0.419186 1.28938
0.419667 1.29038
0.420149 1.29095
0.42063 1.29261
0.421111 1.29328
0.421592 1.29448
0.422074 1.29522
0.422555 1.29657
0.423036 1.29676
0.423517 1.2979
0.423999 1.29938
0.42448 1.30181
0.424961 1.30371
0.425443 1.30642
0.425924 1.30748
0.426405 1.30849
0.426886 1.31003
0.427368 1.31085
0.427849 1.31235
0.42833 1.3139
0.428811 1.31573
0.429293 1.31624
0.429774 1.31689
0.430255 1.31776
0.430737 1.31998
0.431218 1.32099
0.431699 1.3238
0.43218 1.32569
0.432662 1.32804
0.433143 1.32961
0.433624 1.32966
0.434105 1.33067
0.434587 1.3341
0.435068 1.33578
0.435549 1.33765
0.43603 1.33956
0.436512 1.339
0.436993 1.34017
0.437474 1.34151
0.437956 1.34288
0.438437 1.34462
0.438918 1.34675
0.439399 1.34907
0.439881 1.35096
0.440362 1.35195
0.440843 1.35314
0.441324 1.35394
0.441806 1.35546
0.442287 1.35768
0.442768 1.3587
0.44325 1.35956
0.443731 1.35977
0.444212 1.36089
0.444693 1.36243
0.445175 1.36384
0.445656 1.36493
0.446137 1.36578
0.446618 1.36669
0.4471 1.3679
0.447581 1.37093
0.448062 1.37183
0.448544 1.37197
0.449025 1.37348
0.449506 1.3765
0.449987 1.37761
0.450469 1.37821
0.45095 1.37991
0.451431 1.38032
0.451912 1.38181
0.452394 1.38407
0.452875 1.3853
0.453356 1.38746
0.453837 1.38899
0.454319 1.39167
0.4548 1.39299
0.455281 1.39425
0.455763 1.39519
0.456244 1.39697
0.456725 1.39838
0.457206 1.39864
0.457688 1.39919
0.458169 1.40137
0.45865 1.40258
0.459131 1.40437
0.459613 1.40649
0.460094 1.40684
0.460575 1.4083
0.461057 1.4111
0.461538 1.41289
0.462019 1.41359
0.4625 1.41565
0.462982 1.41672
0.463463 1.42007
0.463944 1.42161
0.464425 1.42271
0.464907 1.42251
0.465388 1.42514
0.465869 1.42701
0.46635 1.42753
0.466832 1.42892
0.467313 1.43075
0.467794 1.43196
0.468276 1.43436
0.468757 1.43592
0.469238 1.43737
0.469719 1.43909
0.470201 1.43967
0.470682 1.4416
0.471163 1.443
0.471644 1.44401
0.472126 1.44665
0.472607 1.44748
0.473088 1.44821
0.47357 1.44925
0.474051 1.4501
0.474532 1.45223
0.475013 1.45265
0.475495 1.45487
0.475976 1.45685
0.476457 1.4579
0.476938 1.45904
0.47742 1.46166
0.477901 1.4624
0.478382 1.4636
0.478864 1.46523
0.479345 1.4667
0.479826 1.46773
0.480307 1.46818
0.480789 1.4702
0.48127 1.47113
0.481751 1.47216
0.482232 1.47425
0.482714 1.47595
0.483195 1.47667
0.483676 1.47976
0.484157 1.48169
0.484639 1.48239
0.48512 1.4829
0.485601 1.48418
0.486083 1.48443
0.486564 1.48527
0.487045 1.4862
0.487526 1.48857
0.488008 1.49028
0.488489 1.49059
0.48897 1.49271
0.489451 1.4941
0.489933 1.49596
0.490414 1.49671
