0 0
0.00048127 0.00186641
0.00096254 0.00370429
0.00144381 0.00556231
0.00192508 0.00752627
0.00240635 0.00942219
0.00288762 0.0113647
0.00336889 0.0131951
0.00385016 0.0150734
0.00433143 0.0169779
0.0048127 0.0188469
0.00529397 0.0207449
0.00577524 0.022685
0.00625651 0.024515
0.00673778 0.0264465
0.00721905 0.0284702
0.00770032 0.0303314
0.00818159 0.0325677
0.00866286 0.0343798
0.00914413 0.0363721
0.0096254 0.0381103
0.0101067 0.0399083
0.0105879 0.0417651
0.0110692 0.0434766
0.0115505 0.0452416
0.0120317 0.0470838
0.012513 0.0489326
0.0129943 0.0507468
0.0134756 0.0525692
0.0139568 0.0545004
0.0144381 0.0567447
0.0149194 0.0585291
0.0154006 0.0602073
0.0158819 0.0618797
0.0163632 0.0632726
0.0168444 0.0651047
0.0173257 0.0669053
0.017807 0.0687228
0.0182883 0.070808
0.0187695 0.0726068
0.0192508 0.0742778
0.0197321 0.0759281
0.0202133 0.0778763
0.0206946 0.0797004
0.0211759 0.0816676
0.0216571 0.0832042
0.0221384 0.0845733
0.0226197 0.0862279
0.023101 0.0881516
0.0235822 0.0901576
0.0240635 0.0917436
0.0245448 0.0936361
0.025026 0.0953323
0.0255073 0.0969689
0.0259886 0.0989417
0.0264698 0.10075
0.0269511 0.102575
0.0274324 0.104394
0.0279137 0.10577
0.0283949 0.107467
0.0288762 0.109204
0.0293575 0.110884
0.0298387 0.112424
0.03032 0.11434
0.0308013 0.115938
0.0312825 0.118053
0.0317638 0.119831
0.0322451 0.121229
0.0327264 0.123029
0.0332076 0.124568
0.0336889 0.12604
0.0341702 0.127475
0.0346514 0.128842
0.0351327 0.130488
0.035614 0.132627
0.0360952 0.134341
0.0365765 0.136048
0.0370578 0.137934
0.037539 0.139702
0.0380203 0.14071
0.0385016 0.142557
0.0389829 0.144065
0.0394641 0.145674
0.0399454 0.147095
0.0404267 0.148985
0.0409079 0.150716
0.0413892 0.152185
0.0418705 0.153923
0.0423517 0.155807
0.042833 0.15753
0.0433143 0.158791
0.0437956 0.160556
0.0442768 0.161963
0.0447581 0.163452
0.0452394 0.164931
0.0457206 0.167246
0.0462019 0.168957
0.0466832 0.17037
0.0471644 0.172038
0.0476457 0.174245
0.048127 0.175737
0.0486083 0.177119
0.0490895 0.178799
0.0495708 0.180965
0.0500521 0.182562
0.0505333 0.184574
0.0510146 0.185846
0.0514959 0.187068
0.0519771 0.188605
0.0524584 0.190318
0.0529397 0.191712
0.053421 0.193415
0.0539022 0.19475
0.0543835 0.196433
0.0548648 0.197906
0.055346 0.199699
0.0558273 0.200844
0.0563086 0.20234
0.0567898 0.203824
0.0572711 0.205549
0.0577524 0.207363
0.0582337 0.208755
0.0587149 0.209648
0.0591962 0.211191
0.0596775 0.212848
0.0601587 0.214618
0.06064 0.216479
0.0611213 0.218069
0.0616025 0.21944
0.0620838 0.221065
0.0625651 0.222509
0.0630464 0.223829
0.0635276 0.225239
0.0640089 0.227012
0.0644902 0.228437
0.0649714 0.229502
0.0654527 0.231068
0.065934 0.233457
0.0664152 0.23438
0.0668965 0.236463
0.0673778 0.237417
0.067859 0.238146
0.0683403 0.239644
0.0688216 0.24083
0.0693029 0.242549
0.0697841 0.243776
0.0702654 0.245163
0.0707467 0.246525
0.0712279 0.247993
0.0717092 0.249756
0.0721905 0.250894
0.0726717 0.25235
0.073153 0.254462
0.0736343 0.255892
0.0741156 0.257713
0.0745968 0.258794
0.0750781 0.259868
0.0755594 0.261496
0.0760406 0.262813
0.0765219 0.264349
0.0770032 0.265567
0.0774844 0.267152
0.0779657 0.268795
0.078447 0.269745
0.0789283 0.27137
0.0794095 0.272887
0.0798908 0.274546
0.0803721 0.276517
0.0808533 0.277592
0.0813346 0.27858
0.0818159 0.279715
0.0822971 0.28128
0.0827784 0.282769
0.0832597 0.28531
0.083741 0.287295
0.0842222 0.2888
0.0847035 0.290376
0.0851848 0.291755
0.085666 0.293224
0.0861473 0.294495
0.0866286 0.296107
0.0871098 0.297117
0.0875911 0.298373
0.0880724 0.299994
0.0885537 0.301326
0.0890349 0.303262
0.0895162 0.304992
0.0899975 0.306438
0.0904787 0.308413
0.09096 0.309885
0.0914413 0.31152
0.0919225 0.312611
0.0924038 0.313597
0.0928851 0.314983
0.0933664 0.316085
0.0938476 0.317468
0.0943289 0.319423
0.0948102 0.320947
0.0952914 0.322076
0.0957727 0.323976
0.096254 0.324916
0.0967352 0.325844
0.0972165 0.328122
0.0976978 0.329331
0.0981791 0.330929
0.0986603 0.332414
0.0991416 0.333961
0.0996229 0.335622
0.100104 0.33717
0.100585 0.338622
0.101067 0.339608
0.101548 0.341095
0.102029 0.342886
0.10251 0.344523
0.102992 0.345698
0.103473 0.347135
0.103954 0.348539
0.104436 0.350403
0.104917 0.351567
0.105398 0.353159
0.105879 0.355016
0.106361 0.356476
0.106842 0.357563
0.107323 0.359018
0.107804 0.359654
0.108286 0.361332
0.108767 0.362812
0.109248 0.364581
0.10973 0.366163
0.110211 0.368029
0.110692 0.370232
0.111173 0.372168
0.111655 0.37389
0.112136 0.37519
0.112617 0.376998
0.113098 0.378606
0.11358 0.380786
0.114061 0.382391
0.114542 0.3842
0.115023 0.385599
0.115505 0.38765
0.115986 0.38945
0.116467 0.390712
0.116949 0.39244
0.11743 0.394082
0.117911 0.395734
0.118392 0.397398
0.118874 0.398188
0.119355 0.399406
0.119836 0.401452
0.120317 0.403293
0.120799 0.404961
0.12128 0.406436
0.121761 0.407198
0.122243 0.408219
0.122724 0.409616
0.123205 0.41096
0.123686 0.411964
0.124168 0.413858
0.124649 0.415705
0.12513 0.417525
0.125611 0.418857
0.126093 0.420156
0.126574 0.421088
0.127055 0.42311
0.127537 0.424789
0.128018 0.426839
0.128499 0.42856
0.12898 0.43046
0.129462 0.432094
0.129943 0.433278
0.130424 0.435
0.130905 0.436032
0.131387 0.438172
0.131868 0.439342
0.132349 0.441458
0.13283 0.443187
0.133312 0.445107
0.133793 0.445907
0.134274 0.448183
0.134756 0.449994
0.135237 0.451529
0.135718 0.452271
0.136199 0.453577
0.136681 0.454929
0.137162 0.456637
0.137643 0.457889
0.138124 0.459093
0.138606 0.460335
0.139087 0.462265
0.139568 0.463645
0.14005 0.465242
0.140531 0.466286
0.141012 0.467152
0.141493 0.46791
0.141975 0.469888
0.142456 0.471288
0.142937 0.472831
0.143418 0.473895
0.1439 0.475082
0.144381 0.476475
0.144862 0.478017
0.145343 0.480004
0.145825 0.481849
0.146306 0.483361
0.146787 0.484822
0.147269 0.486251
0.14775 0.486563
0.148231 0.487678
0.148712 0.489094
0.149194 0.490294
0.149675 0.491608
0.150156 0.492999
0.150637 0.494985
0.151119 0.496789
0.1516 0.498323
0.152081 0.499969
0.152563 0.501717
0.153044 0.502875
0.153525 0.50482
0.154006 0.506958
0.154488 0.508454
0.154969 0.510538
0.15545 0.511269
0.155931 0.512632
0.156413 0.513642
0.156894 0.514428
0.157375 0.515694
0.157857 0.516576
0.158338 0.517909
0.158819 0.519045
0.1593 0.520321
0.159782 0.521071
0.160263 0.523068
0.160744 0.524881
0.161225 0.526877
0.161707 0.528671
0.162188 0.530594
0.162669 0.53162
0.16315 0.533017
0.163632 0.534315
0.164113 0.53556
0.164594 0.537277
0.165076 0.538968
0.165557 0.540666
0.166038 0.542034
0.166519 0.543566
0.167001 0.544747
0.167482 0.546427
0.167963 0.548549
0.168444 0.549546
0.168926 0.55056
0.169407 0.55224
0.169888 0.55503
0.17037 0.556809
0.170851 0.557894
0.171332 0.559541
0.171813 0.560812
0.172295 0.562212
0.172776 0.56366
0.173257 0.56518
0.173738 0.567448
0.17422 0.569538
0.174701 0.571844
0.175182 0.573332
0.175663 0.574718
0.176145 0.576257
0.176626 0.577972
0.177107 0.58004
0.177589 0.581721
0.17807 0.583638
0.178551 0.585104
0.179032 0.586422
0.179514 0.587768
0.179995 0.589109
0.180476 0.589994
0.180957 0.591912
0.181439 0.592265
0.18192 0.593284
0.182401 0.594317
0.182883 0.595625
0.183364 0.597309
0.183845 0.598997
0.184326 0.60028
0.184808 0.60088
0.185289 0.60162
0.18577 0.603339
0.186251 0.604939
0.186733 0.606545
0.187214 0.608353
0.187695 0.60864
0.188177 0.61061
0.188658 0.612263
0.189139 0.613907
0.18962 0.616302
0.190102 0.617731
0.190583 0.619588
0.191064 0.620719
0.191545 0.622189
0.192027 0.623288
0.192508 0.624554
0.192989 0.62675
0.19347 0.627746
0.193952 0.628329
0.194433 0.628701
0.194914 0.63022
0.195396 0.631913
0.195877 0.63306
0.196358 0.634835
0.196839 0.636044
0.197321 0.637726
0.197802 0.639615
0.198283 0.641779
0.198764 0.64314
0.199246 0.644703
0.199727 0.645673
0.200208 0.647378
0.20069 0.650182
0.201171 0.651354
0.201652 0.652886
0.202133 0.653917
0.202615 0.655672
0.203096 0.658324
0.203577 0.65892
0.204058 0.660486
0.20454 0.661767
0.205021 0.663171
0.205502 0.665052
0.205983 0.666854
0.206465 0.667929
0.206946 0.669692
0.207427 0.670389
0.207909 0.671609
0.20839 0.672472
0.208871 0.67474
0.209352 0.676394
0.209834 0.677607
0.210315 0.678407
0.210796 0.681211
0.211277 0.683394
0.211759 0.685102
0.21224 0.687437
0.212721 0.689486
0.213203 0.691022
0.213684 0.693102
0.214165 0.69489
0.214646 0.69648
0.215128 0.69827
0.215609 0.699629
0.21609 0.700934
0.216571 0.701637
0.217053 0.703117
0.217534 0.705425
0.218015 0.706517
0.218497 0.708007
0.218978 0.708667
0.219459 0.710099
0.21994 0.711719
0.220422 0.712279
0.220903 0.714029
0.221384 0.715901
0.221865 0.716197
0.222347 0.717741
0.222828 0.719191
0.223309 0.721623
0.22379 0.723136
0.224272 0.72491
0.224753 0.726467
0.225234 0.7284
0.225716 0.729313
0.226197 0.730667
0.226678 0.732966
0.227159 0.734601
0.227641 0.736981
0.228122 0.738384
0.228603 0.738911
0.229084 0.740192
0.229566 0.741285
0.230047 0.743146
0.230528 0.74386
0.23101 0.745499
0.231491 0.746162
0.231972 0.747098
0.232453 0.748345
0.232935 0.75024
0.233416 0.752813
0.233897 0.75467
0.234378 0.756197
0.23486 0.757303
0.235341 0.758478
0.235822 0.760051
0.236303 0.762158
0.236785 0.763568
0.237266 0.765236
0.237747 0.76699
0.238229 0.768249
0.23871 0.768822
0.239191 0.770222
0.239672 0.77097
0.240154 0.77191
0.240635 0.773272
0.241116 0.774736
0.241597 0.775366
0.242079 0.777556
0.24256 0.779229
0.243041 0.781504
0.243523 0.783689
0.244004 0.78475
0.244485 0.786243
0.244966 0.786692
0.245448 0.788383
0.245929 0.790085
0.24641 0.791538
0.246891 0.792806
0.247373 0.794623
0.247854 0.795911
0.248335 0.796804
0.248817 0.798777
0.249298 0.801207
0.249779 0.802205
0.25026 0.803188
0.250742 0.804836
0.251223 0.805617
0.251704 0.806599
0.252185 0.807362
0.252667 0.808864
0.253148 0.810106
0.253629 0.811601
0.25411 0.813292
0.254592 0.81421
0.255073 0.814629
0.255554 0.8156
0.256036 0.816487
0.256517 0.818992
0.256998 0.821079
0.257479 0.821864
0.257961 0.823085
0.258442 0.823391
0.258923 0.824632
0.259404 0.825633
0.259886 0.827311
0.260367 0.829517
0.260848 0.831091
0.26133 0.832788
0.261811 0.833871
0.262292 0.834911
0.262773 0.836721
0.263255 0.837494
0.263736 0.839045
0.264217 0.840894
0.264698 0.843439
0.26518 0.844455
0.265661 0.845827
0.266142 0.84756
0.266623 0.849898
0.267105 0.850668
0.267586 0.852252
0.268067 0.854085
0.268549 0.856122
0.26903 0.858714
0.269511 0.859591
0.269992 0.860797
0.270474 0.862618
0.270955 0.864886
0.271436 0.865866
0.271917 0.8668
0.272399 0.867971
0.27288 0.868265
0.273361 0.869776
0.273843 0.871954
0.274324 0.873394
0.274805 0.875768
0.275286 0.877391
0.275768 0.878307
0.276249 0.880313
0.27673 0.88145
0.277211 0.884427
0.277693 0.886205
0.278174 0.886817
0.278655 0.888216
0.279137 0.889708
0.279618 0.890961
0.280099 0.892295
0.28058 0.893152
0.281062 0.893893
0.281543 0.896082
0.282024 0.897603
0.282505 0.899101
0.282987 0.901097
0.283468 0.901696
0.283949 0.904232
0.28443 0.905433
0.284912 0.907199
0.285393 0.909054
0.285874 0.910086
0.286356 0.91087
0.286837 0.911723
0.287318 0.912784
0.287799 0.913902
0.288281 0.914813
0.288762 0.916005
0.289243 0.917375
0.289724 0.919475
0.290206 0.920593
0.290687 0.922329
0.291168 0.925027
0.29165 0.926303
0.292131 0.928241
0.292612 0.929214
0.293093 0.930536
0.293575 0.932169
0.294056 0.934375
0.294537 0.935751
0.295018 0.936483
0.2955 0.938364
0.295981 0.939742
0.296462 0.941131
0.296943 0.942136
0.297425 0.943421
0.297906 0.943459
0.298387 0.945065
0.298869 0.946564
0.29935 0.947303
0.299831 0.948973
0.300312 0.950046
0.300794 0.952145
0.301275 0.953313
0.301756 0.955199
0.302237 0.956724
0.302719 0.95884
0.3032 0.96024
0.303681 0.962122
0.304163 0.962673
0.304644 0.964148
0.305125 0.965951
0.305606 0.967155
0.306088 0.969072
0.306569 0.969244
0.30705 0.970043
0.307531 0.972778
0.308013 0.974186
0.308494 0.975069
0.308975 0.977784
0.309457 0.979398
0.309938 0.980356
0.310419 0.982174
0.3109 0.982969
0.311382 0.984772
0.311863 0.98588
0.312344 0.988358
0.312825 0.990254
0.313307 0.990979
0.313788 0.992462
0.314269 0.994352
0.31475 0.996537
0.315232 0.998231
0.315713 0.999883
0.316194 1.00131
0.316676 1.0027
0.317157 1.00412
0.317638 1.00504
0.318119 1.00696
0.318601 1.00857
0.319082 1.01059
0.319563 1.01251
0.320044 1.01425
0.320526 1.01546
0.321007 1.0162
0.321488 1.01806
0.32197 1.01885
0.322451 1.02108
0.322932 1.02232
0.323413 1.02453
0.323895 1.02583
0.324376 1.02745
0.324857 1.02933
0.325338 1.03083
0.32582 1.03184
0.326301 1.03273
0.326782 1.03461
0.327264 1.03576
0.327745 1.03681
0.328226 1.0377
0.328707 1.03891
0.329189 1.04164
0.32967 1.0437
0.330151 1.04458
0.330632 1.04542
0.331114 1.04676
0.331595 1.04744
0.332076 1.04863
0.332557 1.05034
0.333039 1.05316
0.33352 1.05529
0.334001 1.05636
0.334483 1.05802
0.334964 1.05988
0.335445 1.06171
0.335926 1.06338
0.336408 1.06386
0.336889 1.0651
0.33737 1.0661
0.337851 1.06697
0.338333 1.06874
0.338814 1.06876
0.339295 1.06993
0.339777 1.07098
0.340258 1.07185
0.340739 1.07257
0.34122 1.07397
0.341702 1.07523
0.342183 1.07723
0.342664 1.07821
0.343145 1.07893
0.343627 1.08055
0.344108 1.08232
0.344589 1.0832
0.34507 1.08416
0.345552 1.08473
0.346033 1.08577
0.346514 1.08751
0.346996 1.08972
0.347477 1.09071
0.347958 1.09099
0.348439 1.0925
0.348921 1.09536
0.349402 1.09569
0.349883 1.09844
0.350364 1.09994
0.350846 1.10044
0.351327 1.10222
0.351808 1.10397
0.35229 1.10407
0.352771 1.10577
0.353252 1.10647
0.353733 1.1076
0.354215 1.10999
0.354696 1.11044
0.355177 1.11157
0.355658 1.11314
0.35614 1.11505
0.356621 1.11633
0.357102 1.11834
0.357584 1.11975
0.358065 1.12234
0.358546 1.12399
0.359027 1.12553
0.359509 1.12734
0.35999 1.1287
0.360471 1.12957
0.360952 1.13017
0.361434 1.13218
0.361915 1.13297
0.362396 1.13513
0.362877 1.1364
0.363359 1.1377
0.36384 1.13907
0.364321 1.14105
0.364803 1.14224
0.365284 1.14464
0.365765 1.14567
0.366246 1.14666
0.366728 1.14833
0.367209 1.14986
0.36769 1.15156
0.368171 1.15275
0.368653 1.15354
0.369134 1.15553
0.369615 1.15609
0.370097 1.15695
0.370578 1.15779
0.371059 1.15898
0.37154 1.16085
0.372022 1.16307
0.372503 1.16374
0.372984 1.16579
0.373465 1.16641
0.373947 1.16851
0.374428 1.16946
0.374909 1.17054
0.37539 1.17183
0.375872 1.17375
0.376353 1.17424
0.376834 1.17692
0.377316 1.17835
0.377797 1.17833
0.378278 1.17934
0.378759 1.18026
0.379241 1.18235
0.379722 1.18445
0.380203 1.18638
0.380684 1.18779
0.381166 1.18869
0.381647 1.19035
0.382128 1.19161
0.38261 1.19343
0.383091 1.19486
0.383572 1.19682
0.384053 1.19817
0.384535 1.19944
0.385016 1.20043
0.385497 1.20149
0.385978 1.20158
0.38646 1.20267
0.386941 1.20426
0.387422 1.20649
0.387904 1.20766
0.388385 1.20931
0.388866 1.21066
0.389347 1.21272
0.389829 1.21407
0.39031 1.21583
0.390791 1.21718
0.391272 1.21897
0.391754 1.22122
0.392235 1.22356
0.392716 1.22618
0.393197 1.2272
0.393679 1.22745
0.39416 1.22805
0.394641 1.22847
0.395123 1.2296
0.395604 1.23141
0.396085 1.23189
0.396566 1.23302
0.397048 1.23476
0.397529 1.23658
0.39801 1.23758
0.398491 1.23949
0.398973 1.24086
0.399454 1.2428
0.399935 1.24393
0.400417 1.2449
0.400898 1.24697
0.401379 1.24809
0.40186 1.24896
0.402342 1.25039
0.402823 1.25179
0.403304 1.25333
0.403785 1.25461
0.404267 1.25587
0.404748 1.25772
0.405229 1.25996
0.40571 1.26075
0.406192 1.26233
0.406673 1.26344
0.407154 1.26703
0.407636 1.26793
0.408117 1.26843
0.408598 1.2701
0.409079 1.2707
0.409561 1.27293
0.410042 1.27453
0.410523 1.27492
0.411004 1.27616
0.411486 1.27727
0.411967 1.27767
0.412448 1.27882
0.41293 1.28113
0.413411 1.282
0.413892 1.28283
0.414373 1.28335
0.414855 1.28561
0.415336 1.28744
0.415817 1.28853
0.416298 1.29084
0.41678 1.29228
0.417261 1.29161
0.417742 1.29318
0.418224 1.29448
0.418705 1.29558
0.419186 1.29803
0.419667 1.29832
0.420149 1.30007
0.42063 1.30061
0.421111 1.30151
0.421592 1.30354
0.422074 1.30434
0.422555 1.30423
0.423036 1.30578
0.423517 1.30666
0.423999 1.30787
0.42448 1.31004
0.424961 1.31098
0.425443 1.31245
0.425924 1.3122
0.426405 1.31279
0.426886 1.31492
0.427368 1.31739
0.427849 1.31883
0.42833 1.3206
0.428811 1.322
0.429293 1.3226
0.429774 1.32494
0.430255 1.32629
0.430737 1.3277
0.431218 1.32971
0.431699 1.3306
0.43218 1.33215
0.432662 1.33402
0.433143 1.3361
0.433624 1.33701
0.434105 1.33955
0.434587 1.34133
0.435068 1.34339
0.435549 1.34494
0.43603 1.34534
0.436512 1.34648
0.436993 1.34716
0.437474 1.34753
0.437956 1.34813
0.438437 1.34964
0.438918 1.34987
0.439399 1.35159
0.439881 1.35238
0.440362 1.35366
0.440843 1.35433
0.441324 1.35648
0.441806 1.35807
0.442287 1.36009
0.442768 1.36111
0.44325 1.36116
0.443731 1.3621
0.444212 1.36363
0.444693 1.36502
0.445175 1.36688
0.445656 1.36766
0.446137 1.36815
0.446618 1.36959
0.4471 1.37212
0.447581 1.37289
0.448062 1.37284
0.448544 1.37423
0.449025 1.37603
0.449506 1.3772
0.449987 1.37796
0.450469 1.37812
0.45095 1.37853
0.451431 1.37815
0.451912 1.3794
0.452394 1.38054
0.452875 1.38281
0.453356 1.38386
0.453837 1.38491
0.454319 1.3867
0.4548 1.38937
0.455281 1.39156
0.455763 1.39273
0.456244 1.39368
0.456725 1.39455
0.457206 1.39656
0.457688 1.39811
0.458169 1.4004
0.45865 1.40045
0.459131 1.40174
0.459613 1.40355
0.460094 1.4051
0.460575 1.40541
0.461057 1.40657
0.461538 1.40686
0.462019 1.40731
0.4625 1.40914
0.462982 1.41066
0.463463 1.41305
0.463944 1.41448
0.464425 1.4163
0.464907 1.41666
0.465388 1.41815
0.465869 1.41958
0.46635 1.42161
0.466832 1.42165
0.467313 1.42441
0.467794 1.42608
0.468276 1.42741
0.468757 1.42937
0.469238 1.43182
0.469719 1.43269
0.470201 1.43407
0.470682 1.43576
0.471163 1.43723
0.471644 1.43876
0.472126 1.43979
0.472607 1.44182
0.473088 1.44216
0.47357 1.4427
0.474051 1.44493
0.474532 1.44565
0.475013 1.44729
0.475495 1.44802
0.475976 1.44785
0.476457 1.44834
0.476938 1.44893
0.47742 1.44902
0.477901 1.44956
0.478382 1.45105
0.478864 1.4519
0.479345 1.45474
0.479826 1.45581
0.480307 1.45598
0.480789 1.45777
0.48127 1.45877
0.481751 1.45977
0.482232 1.46196
0.482714 1.46519
0.483195 1.46617
0.483676 1.4676
0.484157 1.46925
0.484639 1.47109
0.48512 1.47337
0.485601 1.47483
0.486083 1.47652
0.486564 1.47691
0.487045 1.47889
0.487526 1.4801
0.488008 1.48308
0.488489 1.48424
0.48897 1.48566
0.489451 1.48634
0.489933 1.48739
0.490414 1.48892
