0 0
0.00048127 0.00192776
0.00096254 0.00384614
0.00144381 0.00579532
0.00192508 0.00779204
0.00240635 0.00977814
0.00288762 0.0117535
0.00336889 0.0136301
0.00385016 0.0154914
0.00433143 0.0175506
0.0048127 0.0195224
0.00529397 0.0215202
0.00577524 0.0233327
0.00625651 0.0255058
0.00673778 0.0274123
0.00721905 0.0291624
0.00770032 0.0312169
0.00818159 0.0331032
0.00866286 0.0352486
0.00914413 0.0372933
0.0096254 0.0392355
0.0101067 0.0412122
0.0105879 0.0430406
0.0110692 0.045051
0.0115505 0.0466669
0.0120317 0.048403
0.012513 0.0501059
0.0129943 0.0519586
0.0134756 0.0536944
0.0139568 0.0556293
0.0144381 0.0575573
0.0149194 0.0592853
0.0154006 0.0608408
0.0158819 0.0626927
0.0163632 0.064559
0.0168444 0.0663868
0.0173257 0.0678977
0.017807 0.0698319
0.0182883 0.0715089
0.0187695 0.0734564
0.0192508 0.0752039
0.0197321 0.0770563
0.0202133 0.0787471
0.0206946 0.0805209
0.0211759 0.082418
0.0216571 0.0842887
0.0221384 0.0863038
0.0226197 0.0879901
0.023101 0.0895616
0.0235822 0.0910925
0.0240635 0.0931335
0.0245448 0.0947748
0.025026 0.0968412
0.0255073 0.0985382
0.0259886 0.100469
0.0264698 0.102306
0.0269511 0.103996
0.0274324 0.105943
0.0279137 0.10747
0.0283949 0.108668
0.0288762 0.110252
0.0293575 0.112152
0.0298387 0.114005
0.03032 0.115728
0.0308013 0.117559
0.0312825 0.119163
0.0317638 0.120671
0.0322451 0.122533
0.0327264 0.12424
0.0332076 0.125825
0.0336889 0.127416
0.0341702 0.12914
0.0346514 0.130563
0.0351327 0.131641
0.035614 0.13311
0.0360952 0.134594
0.0365765 0.136528
0.0370578 0.137875
0.037539 0.139642
0.0380203 0.141134
0.0385016 0.142917
0.0389829 0.144666
0.0394641 0.1463
0.0399454 0.148139
0.0404267 0.150256
0.0409079 0.152299
0.0413892 0.153973
0.0418705 0.155297
0.0423517 0.156968
0.042833 0.158519
0.0433143 0.160016
0.0437956 0.161977
0.0442768 0.163145
0.0447581 0.164667
0.0452394 0.166186
0.0457206 0.168256
0.0462019 0.169851
0.0466832 0.171374
0.0471644 0.172777
0.0476457 0.174084
0.048127 0.176042
0.0486083 0.177137
0.0490895 0.178944
0.0495708 0.180416
0.0500521 0.18205
0.0505333 0.183863
0.0510146 0.186067
0.0514959 0.187826
0.0519771 0.189329
0.0524584 0.191003
0.0529397 0.192704
0.053421 0.194501
0.0539022 0.195902
0.0543835 0.19733
0.0548648 0.199151
0.055346 0.200502
0.0558273 0.201607
0.0563086 0.202925
0.0567898 0.203718
0.0572711 0.205126
0.0577524 0.206798
0.0582337 0.208279
0.0587149 0.209954
0.0591962 0.211545
0.0596775 0.212983
0.0601587 0.214899
0.06064 0.216338
0.0611213 0.218332
0.0616025 0.219847
0.0620838 0.221741
0.0625651 0.223558
0.0630464 0.225028
0.0635276 0.226125
0.0640089 0.228162
0.0644902 0.230418
0.0649714 0.232106
0.0654527 0.232914
0.065934 0.234368
0.0664152 0.235913
0.0668965 0.237433
0.0673778 0.23924
0.067859 0.240609
0.0683403 0.242421
0.0688216 0.244312
0.0693029 0.246046
0.0697841 0.247681
0.0702654 0.248707
0.0707467 0.251166
0.0712279 0.25281
0.0717092 0.254182
0.0721905 0.255875
0.0726717 0.257498
0.073153 0.259244
0.0736343 0.260251
0.0741156 0.261113
0.0745968 0.262372
0.0750781 0.263922
0.0755594 0.265628
0.0760406 0.267202
0.0765219 0.268254
0.0770032 0.270072
0.0774844 0.272103
0.0779657 0.273919
0.078447 0.275089
0.0789283 0.276453
0.0794095 0.277745
0.0798908 0.279763
0.0803721 0.282065
0.0808533 0.283526
0.0813346 0.285372
0.0818159 0.286823
0.0822971 0.288113
0.0827784 0.289702
0.0832597 0.290841
0.083741 0.292566
0.0842222 0.294136
0.0847035 0.295919
0.0851848 0.297818
0.085666 0.299568
0.0861473 0.301449
0.0866286 0.302852
0.0871098 0.30347
0.0875911 0.304357
0.0880724 0.305837
0.0885537 0.307212
0.0890349 0.309214
0.0895162 0.310749
0.0899975 0.312599
0.0904787 0.315437
0.09096 0.316671
0.0914413 0.318233
0.0919225 0.319998
0.0924038 0.321721
0.0928851 0.323795
0.0933664 0.325469
0.0938476 0.327101
0.0943289 0.328773
0.0948102 0.330121
0.0952914 0.330984
0.0957727 0.333149
0.096254 0.33501
0.0967352 0.336465
0.0972165 0.337596
0.0976978 0.3394
0.0981791 0.34125
0.0986603 0.342473
0.0991416 0.344295
0.0996229 0.345727
0.100104 0.347693
0.100585 0.348432
0.101067 0.349484
0.101548 0.350469
0.102029 0.351769
0.10251 0.35388
0.102992 0.35502
0.103473 0.356839
0.103954 0.358518
0.104436 0.360611
0.104917 0.363179
0.105398 0.365242
0.105879 0.366738
0.106361 0.368521
0.106842 0.370423
0.107323 0.371734
0.107804 0.372951
0.108286 0.374442
0.108767 0.376216
0.109248 0.377838
0.10973 0.3795
0.110211 0.381288
0.110692 0.382415
0.111173 0.384519
0.111655 0.385322
0.112136 0.385562
0.112617 0.387333
0.113098 0.389026
0.11358 0.390513
0.114061 0.391564
0.114542 0.392834
0.115023 0.394664
0.115505 0.396258
0.115986 0.397918
0.116467 0.39929
0.116949 0.400322
0.11743 0.401662
0.117911 0.402971
0.118392 0.404889
0.118874 0.406496
0.119355 0.407557
0.119836 0.409331
0.120317 0.411014
0.120799 0.413153
0.12128 0.414957
0.121761 0.4153
0.122243 0.416575
0.122724 0.418197
0.123205 0.419859
0.123686 0.421958
0.124168 0.423337
0.124649 0.424323
0.12513 0.426144
0.125611 0.427782
0.126093 0.429022
0.126574 0.430427
0.127055 0.432274
0.127537 0.433517
0.128018 0.434759
0.128499 0.436456
0.12898 0.437365
0.129462 0.438651
0.129943 0.440403
0.130424 0.441732
0.130905 0.443357
0.131387 0.444409
0.131868 0.445956
0.132349 0.448105
0.13283 0.44979
0.133312 0.451429
0.133793 0.453042
0.134274 0.455049
0.134756 0.457308
0.135237 0.458648
0.135718 0.460193
0.136199 0.461579
0.136681 0.462622
0.137162 0.463721
0.137643 0.465116
0.138124 0.466762
0.138606 0.46904
0.139087 0.470851
0.139568 0.47143
0.14005 0.472615
0.140531 0.474643
0.141012 0.476146
0.141493 0.477154
0.141975 0.47838
0.142456 0.480485
0.142937 0.482321
0.143418 0.483722
0.1439 0.485102
0.144381 0.485814
0.144862 0.48704
0.145343 0.489
0.145825 0.489996
0.146306 0.491883
0.146787 0.492658
0.147269 0.494123
0.14775 0.495683
0.148231 0.497122
0.148712 0.498905
0.149194 0.500197
0.149675 0.501982
0.150156 0.503072
0.150637 0.504256
0.151119 0.504722
0.1516 0.506532
0.152081 0.508218
0.152563 0.510081
0.153044 0.51122
0.153525 0.513032
0.154006 0.515169
0.154488 0.516194
0.154969 0.517426
0.15545 0.518867
0.155931 0.520563
0.156413 0.521818
0.156894 0.523533
0.157375 0.524774
0.157857 0.525826
0.158338 0.527639
0.158819 0.529487
0.1593 0.53112
0.159782 0.532273
0.160263 0.534329
0.160744 0.535533
0.161225 0.536731
0.161707 0.537976
0.162188 0.539429
0.162669 0.540401
0.16315 0.541944
0.163632 0.543628
0.164113 0.544693
0.164594 0.545444
0.165076 0.547271
0.165557 0.548049
0.166038 0.549166
0.166519 0.550473
0.167001 0.551245
0.167482 0.553243
0.167963 0.555061
0.168444 0.557163
0.168926 0.559246
0.169407 0.560719
0.169888 0.562497
0.17037 0.563211
0.170851 0.564161
0.171332 0.566015
0.171813 0.568106
0.172295 0.570107
0.172776 0.571708
0.173257 0.573049
0.173738 0.574491
0.17422 0.575971
0.174701 0.577786
0.175182 0.579116
0.175663 0.580435
0.176145 0.581473
0.176626 0.583178
0.177107 0.584383
0.177589 0.586789
0.17807 0.588144
0.178551 0.589927
0.179032 0.591494
0.179514 0.593531
0.179995 0.59538
0.180476 0.597404
0.180957 0.598808
0.181439 0.600155
0.18192 0.602016
0.182401 0.604116
0.182883 0.605713
0.183364 0.606337
0.183845 0.607171
0.184326 0.608629
0.184808 0.610585
0.185289 0.612293
0.18577 0.614394
0.186251 0.615882
0.186733 0.616796
0.187214 0.618307
0.187695 0.620418
0.188177 0.621244
0.188658 0.622921
0.189139 0.624439
0.18962 0.625605
0.190102 0.626926
0.190583 0.627728
0.191064 0.628744
0.191545 0.630332
0.192027 0.632146
0.192508 0.633468
0.192989 0.635763
0.19347 0.636862
0.193952 0.637751
0.194433 0.639486
0.194914 0.641859
0.195396 0.644483
0.195877 0.64553
0.196358 0.646894
0.196839 0.648241
0.197321 0.649477
0.197802 0.650993
0.198283 0.652909
0.198764 0.654197
0.199246 0.654657
0.199727 0.656368
0.200208 0.65823
0.20069 0.660153
0.201171 0.662048
0.201652 0.664396
0.202133 0.665815
0.202615 0.667731
0.203096 0.669047
0.203577 0.670229
0.204058 0.672369
0.20454 0.672912
0.205021 0.673998
0.205502 0.676262
0.205983 0.677149
0.206465 0.679147
0.206946 0.681024
0.207427 0.682672
0.207909 0.683722
0.20839 0.685124
0.208871 0.686493
0.209352 0.688036
0.209834 0.689287
0.210315 0.691042
0.210796 0.692223
0.211277 0.69307
0.211759 0.694808
0.21224 0.696568
0.212721 0.697069
0.213203 0.699198
0.213684 0.700481
0.214165 0.701329
0.214646 0.702791
0.215128 0.705029
0.215609 0.707063
0.21609 0.707464
0.216571 0.708971
0.217053 0.709657
0.217534 0.711138
0.218015 0.712594
0.218497 0.714466
0.218978 0.715966
0.219459 0.716997
0.21994 0.718806
0.220422 0.720186
0.220903 0.721833
0.221384 0.723915
0.221865 0.726592
0.222347 0.728164
0.222828 0.729299
0.223309 0.730907
0.22379 0.732461
0.224272 0.73468
0.224753 0.735967
0.225234 0.737623
0.225716 0.739185
0.226197 0.741548
0.226678 0.743338
0.227159 0.744308
0.227641 0.746295
0.228122 0.747487
0.228603 0.748906
0.229084 0.75011
0.229566 0.751465
0.230047 0.752043
0.230528 0.753462
0.23101 0.75557
0.231491 0.75803
0.231972 0.759004
0.232453 0.760599
0.232935 0.762244
0.233416 0.762912
0.233897 0.76494
0.234378 0.766172
0.23486 0.767434
0.235341 0.768707
0.235822 0.771183
0.236303 0.77252
0.236785 0.774021
0.237266 0.774943
0.237747 0.776411
0.238229 0.778269
0.23871 0.779976
0.239191 0.781208
0.239672 0.781937
0.240154 0.783358
0.240635 0.785228
0.241116 0.786565
0.241597 0.788467
0.242079 0.788892
0.24256 0.790676
0.243041 0.792171
0.243523 0.79392
0.244004 0.795308
0.244485 0.796952
0.244966 0.798128
0.245448 0.799686
0.245929 0.800276
0.24641 0.802153
0.246891 0.803268
0.247373 0.804997
0.247854 0.806857
0.248335 0.80928
0.248817 0.809764
0.249298 0.811467
0.249779 0.81279
0.25026 0.814197
0.250742 0.815712
0.251223 0.817113
0.251704 0.81737
0.252185 0.819584
0.252667 0.821264
0.253148 0.821862
0.253629 0.823677
0.25411 0.824895
0.254592 0.825219
0.255073 0.826194
0.255554 0.828059
0.256036 0.828994
0.256517 0.830389
0.256998 0.831819
0.257479 0.832924
0.257961 0.834768
0.258442 0.83649
0.258923 0.837917
0.259404 0.83959
0.259886 0.84128
0.260367 0.842762
0.260848 0.844243
0.26133 0.845695
0.261811 0.846912
0.262292 0.847801
0.262773 0.849489
0.263255 0.851007
0.263736 0.851931
0.264217 0.852732
0.264698 0.854358
0.26518 0.856063
0.265661 0.857046
0.266142 0.858962
0.266623 0.860702
0.267105 0.862486
0.267586 0.864431
0.268067 0.866332
0.268549 0.867975
0.26903 0.870163
0.269511 0.870754
0.269992 0.871641
0.270474 0.872848
0.270955 0.874974
0.271436 0.876584
0.271917 0.87825
0.272399 0.878653
0.27288 0.879703
0.273361 0.880145
0.273843 0.881084
0.274324 0.882626
0.274805 0.884829
0.275286 0.885872
0.275768 0.88621
0.276249 0.888451
0.27673 0.889825
0.277211 0.891965
0.277693 0.89287
0.278174 0.894086
0.278655 0.895591
0.279137 0.896298
0.279618 0.89738
0.280099 0.899644
0.28058 0.901569
0.281062 0.903727
0.281543 0.905003
0.282024 0.90612
0.282505 0.909432
0.282987 0.910419
0.283468 0.91124
0.283949 0.912938
0.28443 0.913699
0.284912 0.915392
0.285393 0.917638
0.285874 0.919721
0.286356 0.920525
0.286837 0.921536
0.287318 0.922409
0.287799 0.924038
0.288281 0.924283
0.288762 0.926498
0.289243 0.92829
0.289724 0.929528
0.290206 0.931177
0.290687 0.93383
0.291168 0.935004
0.29165 0.936471
0.292131 0.937497
0.292612 0.938918
0.293093 0.941088
0.293575 0.942817
0.294056 0.943599
0.294537 0.945049
0.295018 0.946942
0.2955 0.948299
0.295981 0.950387
0.296462 0.952458
0.296943 0.954248
0.297425 0.956106
0.297906 0.957479
0.298387 0.959492
0.298869 0.960344
0.29935 0.961772
0.299831 0.962906
0.300312 0.963431
0.300794 0.964665
0.301275 0.965637
0.301756 0.967668
0.302237 0.968358
0.302719 0.971405
0.3032 0.973412
0.303681 0.974252
0.304163 0.974194
0.304644 0.975927
0.305125 0.977392
0.305606 0.978795
0.306088 0.97994
0.306569 0.980774
0.30705 0.982818
0.307531 0.985044
0.308013 0.987491
0.308494 0.989355
0.308975 0.991543
0.309457 0.993455
0.309938 0.99463
0.310419 0.995502
0.3109 0.99748
0.311382 0.998728
0.311863 1.00033
0.312344 1.00206
0.312825 1.00348
0.313307 1.0052
0.313788 1.00679
0.314269 1.00793
0.31475 1.00949
0.315232 1.01111
0.315713 1.01208
0.316194 1.0133
0.316676 1.01306
0.317157 1.01619
0.317638 1.01774
0.318119 1.01971
0.318601 1.02183
0.319082 1.02312
0.319563 1.02538
0.320044 1.02834
0.320526 1.03087
0.321007 1.03154
0.321488 1.03339
0.32197 1.03485
0.322451 1.0371
0.322932 1.0385
0.323413 1.03933
0.323895 1.04034
0.324376 1.04153
0.324857 1.04337
0.325338 1.04511
0.32582 1.04603
0.326301 1.04763
0.326782 1.04831
0.327264 1.04932
0.327745 1.05086
0.328226 1.05283
0.328707 1.05505
0.329189 1.0547
0.32967 1.05627
0.330151 1.05642
0.330632 1.05729
0.331114 1.05816
0.331595 1.05899
0.332076 1.05938
0.332557 1.05943
0.333039 1.06112
0.33352 1.06316
0.334001 1.06369
0.334483 1.06458
0.334964 1.06517
0.335445 1.06626
0.335926 1.06799
0.336408 1.06875
0.336889 1.07003
0.33737 1.06999
0.337851 1.07051
0.338333 1.07133
0.338814 1.07362
0.339295 1.0747
0.339777 1.0749
0.340258 1.07673
0.340739 1.07726
0.34122 1.08049
0.341702 1.08183
0.342183 1.0834
0.342664 1.08504
0.343145 1.08551
0.343627 1.08501
0.344108 1.08641
0.344589 1.08799
0.34507 1.08919
0.345552 1.09107
0.346033 1.0919
0.346514 1.09257
0.346996 1.09463
0.347477 1.09555
0.347958 1.09726
0.348439 1.09732
0.348921 1.09807
0.349402 1.0997
0.349883 1.10196
0.350364 1.1039
0.350846 1.10466
0.351327 1.10629
0.351808 1.10657
0.35229 1.1084
0.352771 1.10993
0.353252 1.11073
0.353733 1.11175
0.354215 1.11335
0.354696 1.11436
0.355177 1.11591
0.355658 1.1171
0.35614 1.11903
0.356621 1.12036
0.357102 1.12253
0.357584 1.12384
0.358065 1.12563
0.358546 1.12554
0.359027 1.12659
0.359509 1.12702
0.35999 1.12884
0.360471 1.13013
0.360952 1.13126
0.361434 1.13292
0.361915 1.13509
0.362396 1.13675
0.362877 1.13755
0.363359 1.1395
0.36384 1.14142
0.364321 1.14237
0.364803 1.14436
0.365284 1.1449
0.365765 1.14596
0.366246 1.14714
0.366728 1.14837
0.367209 1.14928
0.36769 1.15103
0.368171 1.15259
0.368653 1.15418
0.369134 1.15501
0.369615 1.15511
0.370097 1.1575
0.370578 1.15829
0.371059 1.15925
0.37154 1.16081
0.372022 1.16249
0.372503 1.1643
0.372984 1.16624
0.373465 1.16675
0.373947 1.16804
0.374428 1.17001
0.374909 1.17128
0.37539 1.17239
0.375872 1.17356
0.376353 1.17507
0.376834 1.17479
0.377316 1.17667
0.377797 1.17899
0.378278 1.18038
0.378759 1.18286
0.379241 1.18517
0.379722 1.18695
0.380203 1.1874
0.380684 1.18856
0.381166 1.18911
0.381647 1.18998
0.382128 1.19145
0.38261 1.19312
0.383091 1.1941
0.383572 1.19537
0.384053 1.1956
0.384535 1.197
0.385016 1.19886
0.385497 1.20103
0.385978 1.20376
0.38646 1.20486
0.386941 1.20541
0.387422 1.2073
0.387904 1.20894
0.388385 1.20996
0.388866 1.21086
0.389347 1.21234
0.389829 1.21381
0.39031 1.21625
0.390791 1.21683
0.391272 1.21897
0.391754 1.21992
0.392235 1.22097
0.392716 1.22402
0.393197 1.22451
0.393679 1.22678
0.39416 1.22873
0.394641 1.22941
0.395123 1.23082
0.395604 1.23213
0.396085 1.2327
0.396566 1.23426
0.397048 1.23462
0.397529 1.2367
0.39801 1.23753
0.398491 1.23746
0.398973 1.23812
0.399454 1.23866
0.399935 1.2394
0.400417 1.24112
0.400898 1.24191
0.401379 1.24186
0.40186 1.24199
0.402342 1.24305
0.402823 1.2454
0.403304 1.24704
0.403785 1.24879
0.404267 1.24879
0.404748 1.25089
0.405229 1.25144
0.40571 1.25261
0.406192 1.25273
0.406673 1.2548
0.407154 1.25587
0.407636 1.25821
0.408117 1.25925
0.408598 1.25996
0.409079 1.26214
0.409561 1.26378
0.410042 1.26583
0.410523 1.26809
0.411004 1.26954
0.411486 1.27124
0.411967 1.27319
0.412448 1.2742
0.41293 1.27596
0.413411 1.27729
0.413892 1.27873
0.414373 1.2809
0.414855 1.28218
0.415336 1.28425
0.415817 1.2851
0.416298 1.28504
0.41678 1.28645
0.417261 1.28825
0.417742 1.28857
0.418224 1.29159
0.418705 1.2934
0.419186 1.29496
0.419667 1.29582
0.420149 1.29615
0.42063 1.29794
0.421111 1.29903
0.421592 1.30075
0.422074 1.30066
0.422555 1.30164
0.423036 1.30264
0.423517 1.30456
0.423999 1.30739
0.42448 1.30861
0.424961 1.31163
0.425443 1.31217
0.425924 1.31389
0.426405 1.31367
0.426886 1.31468
0.427368 1.31601
0.427849 1.31663
0.42833 1.3175
0.428811 1.31901
0.429293 1.32125
0.429774 1.32328
0.430255 1.32421
0.430737 1.32599
0.431218 1.32717
0.431699 1.32849
0.43218 1.33042
0.432662 1.33223
0.433143 1.33443
0.433624 1.336
0.434105 1.33728
0.434587 1.33859
0.435068 1.34023
0.435549 1.34159
0.43603 1.34407
0.436512 1.34469
0.436993 1.34672
0.437474 1.34828
0.437956 1.34948
0.438437 1.35144
0.438918 1.35281
0.439399 1.35451
0.439881 1.35576
0.440362 1.35648
0.440843 1.35741
0.441324 1.35804
0.441806 1.36073
0.442287 1.36057
0.442768 1.36167
0.44325 1.36299
0.443731 1.3641
0.444212 1.36632
0.444693 1.36765
0.445175 1.36851
0.445656 1.36982
0.446137 1.37095
0.446618 1.37255
0.4471 1.37309
0.447581 1.3726
0.448062 1.37424
0.448544 1.37481
0.449025 1.37603
0.449506 1.3783
0.449987 1.37907
0.450469 1.38107
0.45095 1.38202
0.451431 1.38405
0.451912 1.38646
0.452394 1.38738
0.452875 1.38782
0.453356 1.38854
0.453837 1.38877
0.454319 1.38893
0.4548 1.39106
0.455281 1.39292
0.455763 1.39341
0.456244 1.39471
0.456725 1.39506
0.457206 1.39733
0.457688 1.3993
0.458169 1.40035
0.45865 1.40015
0.459131 1.40142
0.459613 1.40264
0.460094 1.40507
0.460575 1.40681
0.461057 1.40843
0.461538 1.41016
0.462019 1.41228
0.4625 1.41502
0.462982 1.4168
0.463463 1.41915
0.463944 1.42121
0.464425 1.42279
0.464907 1.42437
0.465388 1.42573
0.465869 1.42743
0.46635 1.4288
0.466832 1.42945
0.467313 1.43113
0.467794 1.43328
0.468276 1.43408
0.468757 1.43486
0.469238 1.43651
0.469719 1.43946
0.470201 1.44096
0.470682 1.4412
0.471163 1.44229
0.471644 1.44388
0.472126 1.44523
0.472607 1.44672
0.473088 1.44671
0.47357 1.44706
0.474051 1.44768
0.474532 1.44901
0.475013 1.45201
0.475495 1.45291
0.475976 1.45413
0.476457 1.45555
0.476938 1.45696
0.47742 1.45907
0.477901 1.46092
0.478382 1.46238
0.478864 1.46346
0.479345 1.46513
0.479826 1.46672
0.480307 1.46769
0.480789 1.46987
0.48127 1.47162
0.481751 1.47354
0.482232 1.4753
0.482714 1.47627
0.483195 1.47831
0.483676 1.4788
0.484157 1.48138
0.484639 1.48277
0.48512 1.48493
0.485601 1.48638
0.486083 1.48591
0.486564 1.48738
0.487045 1.48847
0.487526 1.489
0.488008 1.49037
0.488489 1.49193
0.48897 1.49187
0.489451 1.49273
0.489933 1.4933
0.490414 1.49415
