0 0
0.00048127 0.00185792
0.00096254 0.00375989
0.00144381 0.00560211
0.00192508 0.007479
0.00240635 0.00940093
0.00288762 0.0113478
0.00336889 0.0131865
0.00385016 0.0151168
0.00433143 0.0169921
0.0048127 0.0188966
0.00529397 0.0209078
0.00577524 0.0227901
0.00625651 0.0246386
0.00673778 0.0266158
0.00721905 0.0284544
0.00770032 0.0304822
0.00818159 0.0323806
0.00866286 0.0342368
0.00914413 0.0360934
0.0096254 0.0380639
0.0101067 0.0398618
0.0105879 0.0415432
0.0110692 0.0432874
0.0115505 0.0451074
0.0120317 0.047021
0.012513 0.0487797
0.0129943 0.0504591
0.0134756 0.0523261
0.0139568 0.0543738
0.0144381 0.0562403
0.0149194 0.0580572
0.0154006 0.0600646
0.0158819 0.0618178
0.0163632 0.0638524
0.0168444 0.0655454
0.0173257 0.0672602
0.017807 0.0691497
0.0182883 0.0709115
0.0187695 0.0728612
0.0192508 0.074578
0.0197321 0.0763223
0.0202133 0.0784543
0.0206946 0.0800423
0.0211759 0.0817646
0.0216571 0.0835952
0.0221384 0.0850318
0.0226197 0.0868955
0.023101 0.088641
0.0235822 0.0907488
0.0240635 0.092739
0.0245448 0.0942152
0.025026 0.0962968
0.0255073 0.0982686
0.0259886 0.100261
0.0264698 0.102105
0.0269511 0.10401
0.0274324 0.105631
0.0279137 0.107659
0.0283949 0.109475
0.0288762 0.111145
0.0293575 0.112926
0.0298387 0.114388
0.03032 0.116109
0.0308013 0.117984
0.0312825 0.119756
0.0317638 0.121295
0.0322451 0.123193
0.0327264 0.124991
0.0332076 0.126674
0.0336889 0.128527
0.0341702 0.130228
0.0346514 0.131746
0.0351327 0.133205
0.035614 0.134774
0.0360952 0.136439
0.0365765 0.13771
0.0370578 0.139408
0.037539 0.14069
0.0380203 0.142219
0.0385016 0.143557
0.0389829 0.145117
0.0394641 0.146938
0.0399454 0.148404
0.0404267 0.149964
0.0409079 0.151405
0.0413892 0.152952
0.0418705 0.154481
0.0423517 0.155861
0.042833 0.157825
0.0433143 0.159534
0.0437956 0.161187
0.0442768 0.162616
0.0447581 0.163744
0.0452394 0.165273
0.0457206 0.16659
0.0462019 0.168155
0.0466832 0.170005
0.0471644 0.172043
0.0476457 0.17333
0.048127 0.174941
0.0486083 0.176302
0.0490895 0.177644
0.0495708 0.179316
0.0500521 0.180837
0.0505333 0.182377
0.0510146 0.183673
0.0514959 0.184705
0.0519771 0.185893
0.0524584 0.187714
0.0529397 0.189191
0.053421 0.190652
0.0539022 0.192582
0.0543835 0.194248
0.0548648 0.196099
0.055346 0.197891
0.0558273 0.199298
0.0563086 0.201016
0.0567898 0.203018
0.0572711 0.204318
0.0577524 0.205899
0.0582337 0.207507
0.0587149 0.208961
0.0591962 0.210512
0.0596775 0.212118
0.0601587 0.213922
0.06064 0.215391
0.0611213 0.217145
0.0616025 0.218738
0.0620838 0.220353
0.0625651 0.221757
0.0630464 0.223143
0.0635276 0.224954
0.0640089 0.22628
0.0644902 0.22757
0.0649714 0.229186
0.0654527 0.23085
0.065934 0.232398
0.0664152 0.233786
0.0668965 0.235246
0.0673778 0.23671
0.067859 0.238521
0.0683403 0.24067
0.0688216 0.242305
0.0693029 0.243664
0.0697841 0.245432
0.0702654 0.247166
0.0707467 0.248917
0.0712279 0.249498
0.0717092 0.251603
0.0721905 0.253087
0.0726717 0.254569
0.073153 0.256186
0.0736343 0.25751
0.0741156 0.259029
0.0745968 0.260699
0.0750781 0.262283
0.0755594 0.263893
0.0760406 0.265412
0.0765219 0.266564
0.0770032 0.268054
0.0774844 0.269602
0.0779657 0.271215
0.078447 0.27323
0.0789283 0.274717
0.0794095 0.276699
0.0798908 0.278099
0.0803721 0.280056
0.0808533 0.281744
0.0813346 0.282785
0.0818159 0.284547
0.0822971 0.285528
0.0827784 0.287076
0.0832597 0.289269
0.083741 0.290878
0.0842222 0.291848
0.0847035 0.293576
0.0851848 0.29431
0.085666 0.296768
0.0861473 0.298179
0.0866286 0.29963
0.0871098 0.300716
0.0875911 0.302145
0.0880724 0.304169
0.0885537 0.306011
0.0890349 0.30718
0.0895162 0.308095
0.0899975 0.309799
0.0904787 0.311891
0.09096 0.313444
0.0914413 0.314414
0.0919225 0.316
0.0924038 0.316806
0.0928851 0.31851
0.0933664 0.319387
0.0938476 0.32142
0.0943289 0.322924
0.0948102 0.325059
0.0952914 0.326766
0.0957727 0.327687
0.096254 0.329422
0.0967352 0.331386
0.0972165 0.332903
0.0976978 0.334254
0.0981791 0.335813
0.0986603 0.337892
0.0991416 0.339824
0.0996229 0.341953
0.100104 0.343619
0.100585 0.345177
0.101067 0.34622
0.101548 0.347953
0.102029 0.34959
0.10251 0.350834
0.102992 0.351975
0.103473 0.35348
0.103954 0.354932
0.104436 0.356144
0.104917 0.357112
0.105398 0.35937
0.105879 0.360809
0.106361 0.362447
0.106842 0.363724
0.107323 0.365435
0.107804 0.367043
0.108286 0.368585
0.108767 0.369989
0.109248 0.371724
0.10973 0.373494
0.110211 0.374231
0.110692 0.375532
0.111173 0.377126
0.111655 0.378402
0.112136 0.380004
0.112617 0.381638
0.113098 0.382728
0.11358 0.384124
0.114061 0.385854
0.114542 0.387567
0.115023 0.389577
0.115505 0.391068
0.115986 0.391744
0.116467 0.393324
0.116949 0.394913
0.11743 0.396281
0.117911 0.397826
0.118392 0.39935
0.118874 0.401073
0.119355 0.402902
0.119836 0.404308
0.120317 0.406459
0.120799 0.40773
0.12128 0.409151
0.121761 0.410497
0.122243 0.411935
0.122724 0.41365
0.123205 0.415002
0.123686 0.416117
0.124168 0.417586
0.124649 0.419162
0.12513 0.420752
0.125611 0.421413
0.126093 0.423274
0.126574 0.425533
0.127055 0.42733
0.127537 0.42863
0.128018 0.429829
0.128499 0.432086
0.12898 0.433801
0.129462 0.435135
0.129943 0.437333
0.130424 0.438864
0.130905 0.439793
0.131387 0.441038
0.131868 0.44259
0.132349 0.444975
0.13283 0.446703
0.133312 0.448312
0.133793 0.449648
0.134274 0.450461
0.134756 0.451735
0.135237 0.453098
0.135718 0.454476
0.136199 0.455717
0.136681 0.456882
0.137162 0.457604
0.137643 0.459157
0.138124 0.460483
0.138606 0.461861
0.139087 0.463402
0.139568 0.464764
0.14005 0.466489
0.140531 0.467565
0.141012 0.46916
0.141493 0.470529
0.141975 0.47216
0.142456 0.473608
0.142937 0.474714
0.143418 0.476492
0.1439 0.477813
0.144381 0.479485
0.144862 0.481456
0.145343 0.482925
0.145825 0.484846
0.146306 0.486139
0.146787 0.487915
0.147269 0.489173
0.14775 0.490581
0.148231 0.492292
0.148712 0.494588
0.149194 0.495255
0.149675 0.496629
0.150156 0.498041
0.150637 0.499502
0.151119 0.501168
0.1516 0.502989
0.152081 0.505195
0.152563 0.50695
0.153044 0.509135
0.153525 0.510692
0.154006 0.511877
0.154488 0.513173
0.154969 0.514179
0.15545 0.515101
0.155931 0.516788
0.156413 0.517976
0.156894 0.519454
0.157375 0.5202
0.157857 0.522498
0.158338 0.524406
0.158819 0.525634
0.1593 0.52687
0.159782 0.528625
0.160263 0.529568
0.160744 0.530673
0.161225 0.532645
0.161707 0.534219
0.162188 0.535221
0.162669 0.537623
0.16315 0.538961
0.163632 0.540375
0.164113 0.541206
0.164594 0.543253
0.165076 0.544069
0.165557 0.545754
0.166038 0.547228
0.166519 0.54961
0.167001 0.551161
0.167482 0.553012
0.167963 0.553802
0.168444 0.555198
0.168926 0.556792
0.169407 0.558503
0.169888 0.559208
0.17037 0.560792
0.170851 0.562099
0.171332 0.563136
0.171813 0.5652
0.172295 0.566294
0.172776 0.567576
0.173257 0.569004
0.173738 0.570511
0.17422 0.571756
0.174701 0.57336
0.175182 0.576048
0.175663 0.57723
0.176145 0.578691
0.176626 0.579906
0.177107 0.581197
0.177589 0.583394
0.17807 0.585123
0.178551 0.585583
0.179032 0.587277
0.179514 0.588697
0.179995 0.590164
0.180476 0.592027
0.180957 0.59337
0.181439 0.595718
0.18192 0.59733
0.182401 0.598583
0.182883 0.599784
0.183364 0.601066
0.183845 0.601975
0.184326 0.604129
0.184808 0.605806
0.185289 0.606599
0.18577 0.608135
0.186251 0.609549
0.186733 0.610477
0.187214 0.61264
0.187695 0.613924
0.188177 0.615182
0.188658 0.61702
0.189139 0.619176
0.18962 0.620582
0.190102 0.622221
0.190583 0.623241
0.191064 0.624362
0.191545 0.6256
0.192027 0.627112
0.192508 0.628203
0.192989 0.630615
0.19347 0.631902
0.193952 0.632588
0.194433 0.634627
0.194914 0.634758
0.195396 0.635977
0.195877 0.63723
0.196358 0.638902
0.196839 0.640542
0.197321 0.642714
0.197802 0.64338
0.198283 0.645649
0.198764 0.647014
0.199246 0.648301
0.199727 0.65024
0.200208 0.651558
0.20069 0.653373
0.201171 0.655576
0.201652 0.657087
0.202133 0.658517
0.202615 0.659234
0.203096 0.660247
0.203577 0.660964
0.204058 0.663027
0.20454 0.665536
0.205021 0.667706
0.205502 0.668946
0.205983 0.670606
0.206465 0.671813
0.206946 0.673417
0.207427 0.675487
0.207909 0.676611
0.20839 0.677713
0.208871 0.679892
0.209352 0.681162
0.209834 0.682022
0.210315 0.683516
0.210796 0.684454
0.211277 0.685616
0.211759 0.686699
0.21224 0.687913
0.212721 0.688679
0.213203 0.69044
0.213684 0.692168
0.214165 0.692538
0.214646 0.694193
0.215128 0.695818
0.215609 0.697686
0.21609 0.698244
0.216571 0.699214
0.217053 0.699858
0.217534 0.701359
0.218015 0.703344
0.218497 0.704761
0.218978 0.706207
0.219459 0.707509
0.21994 0.70929
0.220422 0.710956
0.220903 0.712041
0.221384 0.713596
0.221865 0.714376
0.222347 0.716096
0.222828 0.717933
0.223309 0.718788
0.22379 0.720298
0.224272 0.722274
0.224753 0.72258
0.225234 0.724622
0.225716 0.726083
0.226197 0.727574
0.226678 0.729762
0.227159 0.731928
0.227641 0.73253
0.228122 0.733812
0.228603 0.735454
0.229084 0.737176
0.229566 0.738187
0.230047 0.739632
0.230528 0.741875
0.23101 0.743495
0.231491 0.745016
0.231972 0.746361
0.232453 0.747902
0.232935 0.749246
0.233416 0.751779
0.233897 0.753131
0.234378 0.755497
0.23486 0.756525
0.235341 0.758101
0.235822 0.759854
0.236303 0.761551
0.236785 0.763584
0.237266 0.76473
0.237747 0.766434
0.238229 0.76838
0.23871 0.768459
0.239191 0.769055
0.239672 0.769874
0.240154 0.771647
0.240635 0.773688
0.241116 0.775305
0.241597 0.777351
0.242079 0.778689
0.24256 0.780236
0.243041 0.781971
0.243523 0.783817
0.244004 0.785128
0.244485 0.787582
0.244966 0.789445
0.245448 0.79049
0.245929 0.792882
0.24641 0.794747
0.246891 0.796385
0.247373 0.79806
0.247854 0.799265
0.248335 0.801117
0.248817 0.80143
0.249298 0.803392
0.249779 0.805475
0.25026 0.807351
0.250742 0.808373
0.251223 0.80917
0.251704 0.811085
0.252185 0.811757
0.252667 0.812958
0.253148 0.814479
0.253629 0.815864
0.25411 0.817338
0.254592 0.818799
0.255073 0.820215
0.255554 0.821646
0.256036 0.822842
0.256517 0.824116
0.256998 0.827121
0.257479 0.827703
0.257961 0.82899
0.258442 0.83133
0.258923 0.833272
0.259404 0.834744
0.259886 0.836126
0.260367 0.838273
0.260848 0.840801
0.26133 0.842968
0.261811 0.844559
0.262292 0.845757
0.262773 0.846754
0.263255 0.847853
0.263736 0.84975
0.264217 0.851246
0.264698 0.853469
0.26518 0.855063
0.265661 0.85604
0.266142 0.857096
0.266623 0.858231
0.267105 0.86024
0.267586 0.86182
0.268067 0.863873
0.268549 0.865321
0.26903 0.867177
0.269511 0.8684
0.269992 0.87036
0.270474 0.871838
0.270955 0.873983
0.271436 0.875349
0.271917 0.877155
0.272399 0.87795
0.27288 0.87903
0.273361 0.880542
0.273843 0.881176
0.274324 0.882192
0.274805 0.882828
0.275286 0.885726
0.275768 0.887619
0.276249 0.888511
0.27673 0.889568
0.277211 0.890057
0.277693 0.891981
0.278174 0.893879
0.278655 0.895352
0.279137 0.897492
0.279618 0.898843
0.280099 0.899528
0.28058 0.900587
0.281062 0.902253
0.281543 0.903447
0.282024 0.905139
0.282505 0.90697
0.282987 0.907851
0.283468 0.909646
0.283949 0.910734
0.28443 0.912258
0.284912 0.912747
0.285393 0.913213
0.285874 0.914969
0.286356 0.916373
0.286837 0.917253
0.287318 0.918853
0.287799 0.921198
0.288281 0.922615
0.288762 0.924507
0.289243 0.926554
0.289724 0.927323
0.290206 0.928747
0.290687 0.930103
0.291168 0.931692
0.29165 0.932257
0.292131 0.933389
0.292612 0.934635
0.293093 0.936242
0.293575 0.937834
0.294056 0.939643
0.294537 0.940283
0.295018 0.941242
0.2955 0.942506
0.295981 0.94381
0.296462 0.944987
0.296943 0.945611
0.297425 0.946458
0.297906 0.947474
0.298387 0.948793
0.298869 0.951164
0.29935 0.953598
0.299831 0.955252
0.300312 0.955964
0.300794 0.957938
0.301275 0.959246
0.301756 0.959939
0.302237 0.961361
0.302719 0.961542
0.3032 0.963068
0.303681 0.965451
0.304163 0.967085
0.304644 0.967859
0.305125 0.969309
0.305606 0.971171
0.306088 0.973471
0.306569 0.975503
0.30705 0.977584
0.307531 0.979421
0.308013 0.981059
0.308494 0.983493
0.308975 0.985444
0.309457 0.987211
0.309938 0.987978
0.310419 0.990173
0.3109 0.990601
0.311382 0.992093
0.311863 0.993017
0.312344 0.99466
0.312825 0.995415
0.313307 0.997002
0.313788 0.998079
0.314269 0.99876
0.31475 1.00001
0.315232 1.00148
0.315713 1.00327
0.316194 1.00472
0.316676 1.00557
0.317157 1.00616
0.317638 1.00555
0.318119 1.00673
0.318601 1.00842
0.319082 1.00911
0.319563 1.0112
0.320044 1.0139
0.320526 1.0154
0.321007 1.01776
0.321488 1.01959
0.32197 1.02071
0.322451 1.0221
0.322932 1.02341
0.323413 1.02539
0.323895 1.0265
0.324376 1.02772
0.324857 1.0289
0.325338 1.03032
0.32582 1.0334
0.326301 1.03424
0.326782 1.03574
0.327264 1.03708
0.327745 1.03834
0.328226 1.03981
0.328707 1.04196
0.329189 1.04423
0.32967 1.04565
0.330151 1.04659
0.330632 1.0479
0.331114 1.05
0.331595 1.051
0.332076 1.05113
0.332557 1.05279
0.333039 1.05379
0.33352 1.05505
0.334001 1.05541
0.334483 1.05675
0.334964 1.05819
0.335445 1.05888
0.335926 1.06097
0.336408 1.06186
0.336889 1.06293
0.33737 1.06463
0.337851 1.06643
0.338333 1.06766
0.338814 1.06942
0.339295 1.07036
0.339777 1.07112
0.340258 1.0719
0.340739 1.07263
0.34122 1.07499
0.341702 1.07613
0.342183 1.0775
0.342664 1.07828
0.343145 1.07963
0.343627 1.08101
0.344108 1.08194
0.344589 1.08211
0.34507 1.0835
0.345552 1.0856
0.346033 1.08661
0.346514 1.08784
0.346996 1.08898
0.347477 1.08988
0.347958 1.09103
0.348439 1.09203
0.348921 1.09333
0.349402 1.09507
0.349883 1.09732
0.350364 1.0987
0.350846 1.10016
0.351327 1.10123
0.351808 1.1021
0.35229 1.1038
0.352771 1.10649
0.353252 1.10733
0.353733 1.10879
0.354215 1.11059
0.354696 1.11242
0.355177 1.11336
0.355658 1.1141
0.35614 1.11503
0.356621 1.11608
0.357102 1.11724
0.357584 1.11805
0.358065 1.11822
0.358546 1.12008
0.359027 1.12044
0.359509 1.12171
0.35999 1.12248
0.360471 1.12347
0.360952 1.12505
0.361434 1.12578
0.361915 1.12774
0.362396 1.12994
0.362877 1.13085
0.363359 1.13186
0.36384 1.13305
0.364321 1.13406
0.364803 1.1343
0.365284 1.13606
0.365765 1.13715
0.366246 1.13896
0.366728 1.14055
0.367209 1.14213
0.36769 1.1432
0.368171 1.14437
0.368653 1.14489
0.369134 1.14633
0.369615 1.14764
0.370097 1.14872
0.370578 1.14973
0.371059 1.15127
0.37154 1.1529
0.372022 1.15458
0.372503 1.15561
0.372984 1.1562
0.373465 1.15604
0.373947 1.15696
0.374428 1.15888
0.374909 1.15958
0.37539 1.16125
0.375872 1.16243
0.376353 1.16271
0.376834 1.16344
0.377316 1.1642
0.377797 1.16503
0.378278 1.16799
0.378759 1.16965
0.379241 1.17122
0.379722 1.17282
0.380203 1.17399
0.380684 1.17468
0.381166 1.17552
0.381647 1.17712
0.382128 1.1771
0.38261 1.17894
0.383091 1.18063
0.383572 1.18267
0.384053 1.18384
0.384535 1.18577
0.385016 1.18654
0.385497 1.18816
0.385978 1.18981
0.38646 1.19135
0.386941 1.19199
0.387422 1.19328
0.387904 1.19557
0.388385 1.19647
0.388866 1.19733
0.389347 1.19839
0.389829 1.20008
0.39031 1.2015
0.390791 1.20286
0.391272 1.20385
0.391754 1.20586
0.392235 1.20616
0.392716 1.20627
0.393197 1.20692
0.393679 1.20882
0.39416 1.21034
0.394641 1.21218
0.395123 1.21358
0.395604 1.21519
0.396085 1.21639
0.396566 1.21735
0.397048 1.2186
0.397529 1.22015
0.39801 1.22301
0.398491 1.22507
0.398973 1.22735
0.399454 1.22919
0.399935 1.23151
0.400417 1.23289
0.400898 1.23464
0.401379 1.2365
0.40186 1.23838
0.402342 1.23994
0.402823 1.2412
0.403304 1.24226
0.403785 1.24306
0.404267 1.24437
0.404748 1.24563
0.405229 1.24858
0.40571 1.25009
0.406192 1.25154
0.406673 1.25394
0.407154 1.25547
0.407636 1.25688
0.408117 1.25794
0.408598 1.26006
0.409079 1.26175
0.409561 1.26332
0.410042 1.26481
0.410523 1.26513
0.411004 1.26684
0.411486 1.26723
0.411967 1.26805
0.412448 1.26917
0.41293 1.26972
0.413411 1.27104
0.413892 1.27341
0.414373 1.27374
0.414855 1.27566
0.415336 1.27649
0.415817 1.27847
0.416298 1.27897
0.41678 1.28043
0.417261 1.28191
0.417742 1.28369
0.418224 1.28609
0.418705 1.28691
0.419186 1.28836
0.419667 1.28957
0.420149 1.29135
0.42063 1.29234
0.421111 1.29404
0.421592 1.29522
0.422074 1.2953
0.422555 1.29605
0.423036 1.29766
0.423517 1.29924
0.423999 1.29952
0.42448 1.3005
0.424961 1.30234
0.425443 1.30403
0.425924 1.30626
0.426405 1.30785
0.426886 1.30858
0.427368 1.30893
0.427849 1.31097
0.42833 1.31203
0.428811 1.31392
0.429293 1.31387
0.429774 1.31453
0.430255 1.31625
0.430737 1.31754
0.431218 1.31899
0.431699 1.31968
0.43218 1.32021
0.432662 1.32284
0.433143 1.32391
0.433624 1.32551
0.434105 1.32737
0.434587 1.32907
0.435068 1.33081
0.435549 1.33189
0.43603 1.33266
0.436512 1.33424
0.436993 1.33698
0.437474 1.33845
0.437956 1.34018
0.438437 1.34287
0.438918 1.34391
0.439399 1.34472
0.439881 1.34657
0.440362 1.3474
0.440843 1.34757
0.441324 1.34912
0.441806 1.35134
0.442287 1.35186
0.442768 1.35333
0.44325 1.35634
0.443731 1.35682
0.444212 1.35904
0.444693 1.36021
0.445175 1.36102
0.445656 1.36113
0.446137 1.36191
0.446618 1.36292
0.4471 1.36324
0.447581 1.36479
0.448062 1.36607
0.448544 1.36757
0.449025 1.36991
0.449506 1.37276
0.449987 1.37429
0.450469 1.37599
0.45095 1.37712
0.451431 1.3801
0.451912 1.38327
0.452394 1.38472
0.452875 1.3863
0.453356 1.38856
0.453837 1.38939
0.454319 1.38854
0.4548 1.38922
0.455281 1.39052
0.455763 1.39148
0.456244 1.39232
0.456725 1.39316
0.457206 1.39613
0.457688 1.3975
0.458169 1.39879
0.45865 1.40004
0.459131 1.40107
0.459613 1.40276
0.460094 1.40506
0.460575 1.40618
0.461057 1.40679
0.461538 1.40918
0.462019 1.41021
0.4625 1.41196
0.462982 1.4127
0.463463 1.4138
0.463944 1.41521
0.464425 1.416
0.464907 1.41664
0.465388 1.41914
0.465869 1.42093
0.46635 1.42223
0.466832 1.42327
0.467313 1.42562
0.467794 1.42602
0.468276 1.42653
0.468757 1.42775
0.469238 1.42921
0.469719 1.43135
0.470201 1.43371
0.470682 1.4357
0.471163 1.43614
0.471644 1.43798
0.472126 1.43891
0.472607 1.44055
0.473088 1.44032
0.47357 1.4409
0.474051 1.44291
0.474532 1.44498
0.475013 1.44607
0.475495 1.44694
0.475976 1.44806
0.476457 1.44788
0.476938 1.44829
0.47742 1.45039
0.477901 1.45157
0.478382 1.4531
0.478864 1.45513
0.479345 1.45556
0.479826 1.45639
0.480307 1.45912
0.480789 1.45953
0.48127 1.46087
0.481751 1.46247
0.482232 1.46316
0.482714 1.4636
0.483195 1.46571
0.483676 1.46667
0.484157 1.46748
0.484639 1.46832
0.48512 1.46995
0.485601 1.4707
0.486083 1.4705
0.486564 1.47231
0.487045 1.47384
0.487526 1.47518
0.488008 1.47675
0.488489 1.47739
0.48897 1.4789
0.489451 1.48016
0.489933 1.48129
0.490414 1.4829
