0 0
0.00048127 0.00188289
0.00096254 0.00377948
0.00144381 0.00567178
0.00192508 0.00765994
0.00240635 0.00953148
0.00288762 0.0113441
0.00336889 0.0131504
0.00385016 0.0149854
0.00433143 0.0168092
0.0048127 0.018798
0.00529397 0.0206028
0.00577524 0.0226048
0.00625651 0.0245757
0.00673778 0.0264611
0.00721905 0.0283592
0.00770032 0.0303778
0.00818159 0.0323156
0.00866286 0.0341533
0.00914413 0.0360002
0.0096254 0.0379896
0.0101067 0.0401405
0.0105879 0.0422994
0.0110692 0.04418
0.0115505 0.0461749
0.0120317 0.0481843
0.012513 0.0500004
0.0129943 0.0518742
0.0134756 0.0537986
0.0139568 0.0558149
0.0144381 0.0577913
0.0149194 0.0596168
0.0154006 0.0613741
0.0158819 0.0632634
0.0163632 0.0652557
0.0168444 0.0668762
0.0173257 0.0687397
0.017807 0.0704817
0.0182883 0.0724051
0.0187695 0.0742159
0.0192508 0.0756636
0.0197321 0.0773186
0.0202133 0.0792644
0.0206946 0.0809886
0.0211759 0.0829337
0.0216571 0.0848228
0.0221384 0.0863585
0.0226197 0.0879302
0.023101 0.0897522
0.0235822 0.0913094
0.0240635 0.0928825
0.0245448 0.0946413
0.025026 0.0961948
0.0255073 0.0978899
0.0259886 0.0994223
0.0264698 0.101143
0.0269511 0.102711
0.0274324 0.104386
0.0279137 0.106008
0.0283949 0.107742
0.0288762 0.109227
0.0293575 0.110969
0.0298387 0.112514
0.03032 0.11443
0.0308013 0.116075
0.0312825 0.117968
0.0317638 0.119906
0.0322451 0.121494
0.0327264 0.123026
0.0332076 0.124617
0.0336889 0.126359
0.0341702 0.127895
0.0346514 0.129276
0.0351327 0.130887
0.035614 0.132314
0.0360952 0.133862
0.0365765 0.135851
0.0370578 0.137569
0.037539 0.138924
0.0380203 0.140484
0.0385016 0.141898
0.0389829 0.143195
0.0394641 0.14465
0.0399454 0.146361
0.0404267 0.148167
0.0409079 0.149722
0.0413892 0.151544
0.0418705 0.152615
0.0423517 0.154239
0.042833 0.15587
0.0433143 0.158117
0.0437956 0.159758
0.0442768 0.161748
0.0447581 0.163434
0.0452394 0.165152
0.0457206 0.166765
0.0462019 0.168209
0.0466832 0.169334
0.0471644 0.170877
0.0476457 0.172624
0.048127 0.174126
0.0486083 0.175932
0.0490895 0.177747
0.0495708 0.179593
0.0500521 0.180843
0.0505333 0.182731
0.0510146 0.18367
0.0514959 0.185606
0.0519771 0.187145
0.0524584 0.188562
0.0529397 0.189998
0.053421 0.192038
0.0539022 0.193777
0.0543835 0.195382
0.0548648 0.196615
0.055346 0.198528
0.0558273 0.199888
0.0563086 0.201685
0.0567898 0.202435
0.0572711 0.204468
0.0577524 0.205701
0.0582337 0.207633
0.0587149 0.209409
0.0591962 0.210453
0.0596775 0.211818
0.0601587 0.212898
0.06064 0.214858
0.0611213 0.216335
0.0616025 0.218106
0.0620838 0.219808
0.0625651 0.221329
0.0630464 0.223155
0.0635276 0.224658
0.0640089 0.225669
0.0644902 0.227781
0.0649714 0.229409
0.0654527 0.230696
0.065934 0.23233
0.0664152 0.233993
0.0668965 0.235972
0.0673778 0.237319
0.067859 0.239034
0.0683403 0.240015
0.0688216 0.241241
0.0693029 0.242768
0.0697841 0.243584
0.0702654 0.245395
0.0707467 0.247258
0.0712279 0.249393
0.0717092 0.250569
0.0721905 0.252652
0.0726717 0.254213
0.073153 0.255378
0.0736343 0.256664
0.0741156 0.258564
0.0745968 0.259781
0.0750781 0.261425
0.0755594 0.263323
0.0760406 0.26445
0.0765219 0.266298
0.0770032 0.267733
0.0774844 0.269285
0.0779657 0.270808
0.078447 0.272075
0.0789283 0.274348
0.0794095 0.275647
0.0798908 0.277311
0.0803721 0.279394
0.0808533 0.280611
0.0813346 0.28233
0.0818159 0.283775
0.0822971 0.284973
0.0827784 0.285644
0.0832597 0.287508
0.083741 0.289004
0.0842222 0.291672
0.0847035 0.293277
0.0851848 0.294785
0.085666 0.296022
0.0861473 0.297872
0.0866286 0.299818
0.0871098 0.301264
0.0875911 0.30256
0.0880724 0.304334
0.0885537 0.306044
0.0890349 0.307379
0.0895162 0.308388
0.0899975 0.309681
0.0904787 0.311034
0.09096 0.311984
0.0914413 0.313629
0.0919225 0.315593
0.0924038 0.317365
0.0928851 0.318464
0.0933664 0.319971
0.0938476 0.321463
0.0943289 0.323211
0.0948102 0.324537
0.0952914 0.325869
0.0957727 0.327432
0.096254 0.32872
0.0967352 0.329943
0.0972165 0.331173
0.0976978 0.332373
0.0981791 0.334163
0.0986603 0.337019
0.0991416 0.338417
0.0996229 0.339694
0.100104 0.341742
0.100585 0.343562
0.101067 0.345329
0.101548 0.346868
0.102029 0.348848
0.10251 0.350105
0.102992 0.351903
0.103473 0.353189
0.103954 0.354207
0.104436 0.355266
0.104917 0.356727
0.105398 0.357986
0.105879 0.359279
0.106361 0.360533
0.106842 0.362575
0.107323 0.364462
0.107804 0.365405
0.108286 0.367082
0.108767 0.368489
0.109248 0.370219
0.10973 0.372261
0.110211 0.373252
0.110692 0.375209
0.111173 0.376435
0.111655 0.378591
0.112136 0.380153
0.112617 0.382682
0.113098 0.383711
0.11358 0.385463
0.114061 0.386358
0.114542 0.388111
0.115023 0.389923
0.115505 0.39166
0.115986 0.393191
0.116467 0.394262
0.116949 0.39639
0.11743 0.398135
0.117911 0.400135
0.118392 0.400973
0.118874 0.403244
0.119355 0.404585
0.119836 0.406227
0.120317 0.407892
0.120799 0.409804
0.12128 0.411326
0.121761 0.412613
0.122243 0.414572
0.122724 0.416516
0.123205 0.418889
0.123686 0.420085
0.124168 0.422007
0.124649 0.423025
0.12513 0.424854
0.125611 0.426856
0.126093 0.427721
0.126574 0.429811
0.127055 0.431227
0.127537 0.432611
0.128018 0.433948
0.128499 0.435124
0.12898 0.437319
0.129462 0.438705
0.129943 0.440178
0.130424 0.441687
0.130905 0.442809
0.131387 0.444688
0.131868 0.446519
0.132349 0.447832
0.13283 0.449103
0.133312 0.450981
0.133793 0.452989
0.134274 0.455055
0.134756 0.456038
0.135237 0.458014
0.135718 0.459658
0.136199 0.46127
0.136681 0.463238
0.137162 0.464819
0.137643 0.465974
0.138124 0.466779
0.138606 0.468898
0.139087 0.47023
0.139568 0.471599
0.14005 0.473633
0.140531 0.474528
0.141012 0.475745
0.141493 0.477525
0.141975 0.479475
0.142456 0.481967
0.142937 0.483034
0.143418 0.485069
0.1439 0.486623
0.144381 0.488578
0.144862 0.489951
0.145343 0.491556
0.145825 0.493771
0.146306 0.49533
0.146787 0.496626
0.147269 0.497448
0.14775 0.498693
0.148231 0.499948
0.148712 0.50173
0.149194 0.503747
0.149675 0.50497
0.150156 0.505721
0.150637 0.507818
0.151119 0.509252
0.1516 0.511278
0.152081 0.512357
0.152563 0.514203
0.153044 0.515838
0.153525 0.51719
0.154006 0.519154
0.154488 0.520345
0.154969 0.521931
0.15545 0.52297
0.155931 0.524187
0.156413 0.526817
0.156894 0.528495
0.157375 0.529799
0.157857 0.53144
0.158338 0.532885
0.158819 0.533816
0.1593 0.53452
0.159782 0.536704
0.160263 0.538833
0.160744 0.540605
0.161225 0.542235
0.161707 0.544199
0.162188 0.545224
0.162669 0.547059
0.16315 0.549047
0.163632 0.549846
0.164113 0.55086
0.164594 0.552182
0.165076 0.553734
0.165557 0.555317
0.166038 0.556662
0.166519 0.558475
0.167001 0.559097
0.167482 0.560211
0.167963 0.560919
0.168444 0.562311
0.168926 0.563578
0.169407 0.565693
0.169888 0.56764
0.17037 0.569691
0.170851 0.571193
0.171332 0.572179
0.171813 0.57399
0.172295 0.575932
0.172776 0.577818
0.173257 0.579619
0.173738 0.581071
0.17422 0.582687
0.174701 0.584034
0.175182 0.585566
0.175663 0.588413
0.176145 0.590728
0.176626 0.591928
0.177107 0.592938
0.177589 0.594342
0.17807 0.595872
0.178551 0.597773
0.179032 0.599505
0.179514 0.600221
0.179995 0.601588
0.180476 0.603876
0.180957 0.605025
0.181439 0.606071
0.18192 0.606907
0.182401 0.608898
0.182883 0.61179
0.183364 0.613707
0.183845 0.615207
0.184326 0.617172
0.184808 0.618449
0.185289 0.619593
0.18577 0.620953
0.186251 0.622876
0.186733 0.624985
0.187214 0.626875
0.187695 0.629266
0.188177 0.630635
0.188658 0.632674
0.189139 0.633944
0.18962 0.635169
0.190102 0.636629
0.190583 0.636801
0.191064 0.63816
0.191545 0.639585
0.192027 0.64072
0.192508 0.642436
0.192989 0.64335
0.19347 0.643891
0.193952 0.645801
0.194433 0.647232
0.194914 0.648688
0.195396 0.64991
0.195877 0.651005
0.196358 0.652328
0.196839 0.654327
0.197321 0.655598
0.197802 0.6577
0.198283 0.659691
0.198764 0.660915
0.199246 0.66159
0.199727 0.663121
0.200208 0.665476
0.20069 0.666066
0.201171 0.668148
0.201652 0.669233
0.202133 0.671392
0.202615 0.673047
0.203096 0.674316
0.203577 0.675884
0.204058 0.67788
0.20454 0.67937
0.205021 0.680972
0.205502 0.68235
0.205983 0.684195
0.206465 0.68583
0.206946 0.687652
0.207427 0.689356
0.207909 0.69087
0.20839 0.693025
0.208871 0.694014
0.209352 0.696502
0.209834 0.69796
0.210315 0.698969
0.210796 0.700204
0.211277 0.701825
0.211759 0.703664
0.21224 0.705861
0.212721 0.706119
0.213203 0.707367
0.213684 0.708491
0.214165 0.710444
0.214646 0.712559
0.215128 0.714755
0.215609 0.716191
0.21609 0.716709
0.216571 0.717389
0.217053 0.719193
0.217534 0.720848
0.218015 0.722571
0.218497 0.723938
0.218978 0.724942
0.219459 0.725476
0.21994 0.726958
0.220422 0.728638
0.220903 0.730385
0.221384 0.732065
0.221865 0.732798
0.222347 0.734059
0.222828 0.735699
0.223309 0.736539
0.22379 0.73797
0.224272 0.739789
0.224753 0.741121
0.225234 0.742577
0.225716 0.74411
0.226197 0.746036
0.226678 0.747205
0.227159 0.748896
0.227641 0.749691
0.228122 0.751407
0.228603 0.753538
0.229084 0.755194
0.229566 0.756573
0.230047 0.758452
0.230528 0.760023
0.23101 0.761538
0.231491 0.764036
0.231972 0.765643
0.232453 0.767394
0.232935 0.769483
0.233416 0.769658
0.233897 0.770758
0.234378 0.772352
0.23486 0.773272
0.235341 0.774589
0.235822 0.776364
0.236303 0.77947
0.236785 0.781447
0.237266 0.783332
0.237747 0.784635
0.238229 0.786032
0.23871 0.787946
0.239191 0.788965
0.239672 0.790586
0.240154 0.7921
0.240635 0.793329
0.241116 0.794614
0.241597 0.795758
0.242079 0.797396
0.24256 0.79908
0.243041 0.800211
0.243523 0.801988
0.244004 0.803377
0.244485 0.804825
0.244966 0.806615
0.245448 0.807561
0.245929 0.80977
0.24641 0.811634
0.246891 0.813488
0.247373 0.814994
0.247854 0.816581
0.248335 0.817862
0.248817 0.819334
0.249298 0.820888
0.249779 0.822622
0.25026 0.824481
0.250742 0.826303
0.251223 0.827191
0.251704 0.828074
0.252185 0.829225
0.252667 0.830067
0.253148 0.831359
0.253629 0.832616
0.25411 0.83393
0.254592 0.835134
0.255073 0.836783
0.255554 0.838344
0.256036 0.838912
0.256517 0.840035
0.256998 0.840795
0.257479 0.841095
0.257961 0.842078
0.258442 0.842881
0.258923 0.844004
0.259404 0.84554
0.259886 0.846877
0.260367 0.848233
0.260848 0.849001
0.26133 0.849852
0.261811 0.851061
0.262292 0.852275
0.262773 0.853445
0.263255 0.85524
0.263736 0.856594
0.264217 0.858646
0.264698 0.859734
0.26518 0.861465
0.265661 0.862091
0.266142 0.863585
0.266623 0.8646
0.267105 0.865924
0.267586 0.868276
0.268067 0.86934
0.268549 0.869654
0.26903 0.871035
0.269511 0.872555
0.269992 0.87463
0.270474 0.875881
0.270955 0.877708
0.271436 0.878366
0.271917 0.879741
0.272399 0.881803
0.27288 0.882735
0.273361 0.884111
0.273843 0.886187
0.274324 0.888627
0.274805 0.890014
0.275286 0.891944
0.275768 0.892173
0.276249 0.894236
0.27673 0.89513
0.277211 0.896897
0.277693 0.897662
0.278174 0.89949
0.278655 0.901226
0.279137 0.902058
0.279618 0.903907
0.280099 0.904877
0.28058 0.90556
0.281062 0.906959
0.281543 0.908227
0.282024 0.910346
0.282505 0.912031
0.282987 0.914495
0.283468 0.915579
0.283949 0.917457
0.28443 0.918191
0.284912 0.920275
0.285393 0.922869
0.285874 0.923108
0.286356 0.925421
0.286837 0.92744
0.287318 0.929188
0.287799 0.93001
0.288281 0.931622
0.288762 0.93273
0.289243 0.934619
0.289724 0.935305
0.290206 0.937754
0.290687 0.939367
0.291168 0.940862
0.29165 0.942882
0.292131 0.944799
0.292612 0.946073
0.293093 0.948117
0.293575 0.949249
0.294056 0.950051
0.294537 0.952408
0.295018 0.954582
0.2955 0.956721
0.295981 0.959055
0.296462 0.960881
0.296943 0.962269
0.297425 0.964074
0.297906 0.965913
0.298387 0.96729
0.298869 0.969053
0.29935 0.970351
0.299831 0.97119
0.300312 0.972203
0.300794 0.972628
0.301275 0.974821
0.301756 0.975777
0.302237 0.976441
0.302719 0.977727
0.3032 0.980066
0.303681 0.982139
0.304163 0.983505
0.304644 0.985392
0.305125 0.985998
0.305606 0.986872
0.306088 0.988498
0.306569 0.990486
0.30705 0.991855
0.307531 0.993274
0.308013 0.99429
0.308494 0.996104
0.308975 0.997028
0.309457 0.997573
0.309938 0.999356
0.310419 1.00114
0.3109 1.00298
0.311382 1.004
0.311863 1.00532
0.312344 1.00683
0.312825 1.00843
0.313307 1.01013
0.313788 1.01144
0.314269 1.01342
0.31475 1.01508
0.315232 1.01647
0.315713 1.01897
0.316194 1.02107
0.316676 1.02254
0.317157 1.02323
0.317638 1.02521
0.318119 1.02653
0.318601 1.02835
0.319082 1.02992
0.319563 1.03068
0.320044 1.03138
0.320526 1.03333
0.321007 1.03498
0.321488 1.03778
0.32197 1.03835
0.322451 1.03924
0.322932 1.04038
0.323413 1.04201
0.323895 1.04368
0.324376 1.04463
0.324857 1.04563
0.325338 1.04786
0.32582 1.04833
0.326301 1.05048
0.326782 1.05123
0.327264 1.05282
0.327745 1.05459
0.328226 1.05494
0.328707 1.05717
0.329189 1.05877
0.32967 1.06114
0.330151 1.06236
0.330632 1.06447
0.331114 1.06564
0.331595 1.06822
0.332076 1.06984
0.332557 1.07221
0.333039 1.07383
0.33352 1.07544
0.334001 1.07701
0.334483 1.07936
0.334964 1.08034
0.335445 1.08165
0.335926 1.08275
0.336408 1.08386
0.336889 1.08511
0.33737 1.08613
0.337851 1.08866
0.338333 1.09017
0.338814 1.092
0.339295 1.0934
0.339777 1.09603
0.340258 1.09678
0.340739 1.09904
0.34122 1.10018
0.341702 1.10228
0.342183 1.10237
0.342664 1.10409
0.343145 1.10528
0.343627 1.10684
0.344108 1.10733
0.344589 1.10911
0.34507 1.10995
0.345552 1.11158
0.346033 1.11304
0.346514 1.11432
0.346996 1.11525
0.347477 1.11667
0.347958 1.11797
0.348439 1.11919
0.348921 1.12005
0.349402 1.12211
0.349883 1.12395
0.350364 1.1242
0.350846 1.1263
0.351327 1.12708
0.351808 1.12856
0.35229 1.12981
0.352771 1.13072
0.353252 1.1328
0.353733 1.13449
0.354215 1.13559
0.354696 1.13814
0.355177 1.14063
0.355658 1.14214
0.35614 1.14346
0.356621 1.1446
0.357102 1.14523
0.357584 1.14639
0.358065 1.14812
0.358546 1.14942
0.359027 1.15086
0.359509 1.1514
0.35999 1.15349
0.360471 1.15549
0.360952 1.15789
0.361434 1.15896
0.361915 1.1606
0.362396 1.16167
0.362877 1.16289
0.363359 1.16449
0.36384 1.16555
0.364321 1.16736
0.364803 1.1686
0.365284 1.16982
0.365765 1.17049
0.366246 1.1707
0.366728 1.17276
0.367209 1.17391
0.36769 1.17448
0.368171 1.17574
0.368653 1.17694
0.369134 1.1785
0.369615 1.17974
0.370097 1.1814
0.370578 1.1831
0.371059 1.18487
0.37154 1.18575
0.372022 1.18777
0.372503 1.19082
0.372984 1.19227
0.373465 1.19368
0.373947 1.19476
0.374428 1.19637
0.374909 1.1986
0.37539 1.19983
0.375872 1.20113
0.376353 1.20217
0.376834 1.20276
0.377316 1.20425
0.377797 1.20644
0.378278 1.20774
0.378759 1.20883
0.379241 1.21107
0.379722 1.21296
0.380203 1.21395
0.380684 1.21557
0.381166 1.21589
0.381647 1.21717
0.382128 1.21848
0.38261 1.21947
0.383091 1.22079
0.383572 1.2218
0.384053 1.22214
0.384535 1.2238
0.385016 1.22494
0.385497 1.22579
0.385978 1.22751
0.38646 1.22907
0.386941 1.23072
0.387422 1.23334
0.387904 1.23481
0.388385 1.23588
0.388866 1.23724
0.389347 1.23812
0.389829 1.23973
0.39031 1.24103
0.390791 1.24304
0.391272 1.2448
0.391754 1.24736
0.392235 1.25002
0.392716 1.25025
0.393197 1.25197
0.393679 1.25269
0.39416 1.25377
0.394641 1.25465
0.395123 1.25499
0.395604 1.25645
0.396085 1.25811
0.396566 1.25875
0.397048 1.26007
0.397529 1.26151
0.39801 1.2617
0.398491 1.2631
0.398973 1.26527
0.399454 1.26601
0.399935 1.26653
0.400417 1.26669
0.400898 1.26767
0.401379 1.26934
0.40186 1.26967
0.402342 1.27149
0.402823 1.2734
0.403304 1.2752
0.403785 1.27669
0.404267 1.27784
0.404748 1.27872
0.405229 1.27954
0.40571 1.28066
0.406192 1.28377
0.406673 1.28532
0.407154 1.28754
0.407636 1.28893
0.408117 1.28995
0.408598 1.29124
0.409079 1.29244
0.409561 1.29226
0.410042 1.29411
0.410523 1.29489
0.411004 1.29634
0.411486 1.29689
0.411967 1.29787
0.412448 1.30037
0.41293 1.30282
0.413411 1.30432
0.413892 1.30597
0.414373 1.30671
0.414855 1.30815
0.415336 1.3102
0.415817 1.31174
0.416298 1.31382
0.41678 1.31574
0.417261 1.31805
0.417742 1.31963
0.418224 1.32063
0.418705 1.32175
0.419186 1.32351
0.419667 1.32402
0.420149 1.32658
0.42063 1.32749
0.421111 1.3295
0.421592 1.32983
0.422074 1.33217
0.422555 1.33358
0.423036 1.33482
0.423517 1.3366
0.423999 1.33823
0.42448 1.33925
0.424961 1.34137
0.425443 1.34205
0.425924 1.34353
0.426405 1.34555
0.426886 1.34826
0.427368 1.35049
0.427849 1.35192
0.42833 1.35354
0.428811 1.35396
0.429293 1.35531
0.429774 1.35578
0.430255 1.35802
0.430737 1.35984
0.431218 1.36113
0.431699 1.3632
0.43218 1.36638
0.432662 1.36807
0.433143 1.3691
0.433624 1.37036
0.434105 1.37179
0.434587 1.37321
0.435068 1.37451
0.435549 1.37553
0.43603 1.37622
0.436512 1.37762
0.436993 1.37914
0.437474 1.3811
0.437956 1.38271
0.438437 1.38297
0.438918 1.38322
0.439399 1.38568
0.439881 1.3877
0.440362 1.38887
0.440843 1.38953
0.441324 1.39031
0.441806 1.39178
0.442287 1.39265
0.442768 1.39422
0.44325 1.39581
0.443731 1.39777
0.444212 1.39887
0.444693 1.40111
0.445175 1.40268
0.445656 1.40384
0.446137 1.40481
0.446618 1.40647
0.4471 1.40812
0.447581 1.41058
0.448062 1.41303
0.448544 1.41417
0.449025 1.4145
0.449506 1.41567
0.449987 1.41799
0.450469 1.41964
0.45095 1.42097
0.451431 1.42103
0.451912 1.42384
0.452394 1.42566
0.452875 1.42756
0.453356 1.42774
0.453837 1.42907
0.454319 1.43048
0.4548 1.43118
0.455281 1.43252
0.455763 1.43354
0.456244 1.43422
0.456725 1.43616
0.457206 1.43634
0.457688 1.43816
0.458169 1.43914
0.45865 1.44034
0.459131 1.44184
0.459613 1.44304
0.460094 1.44527
0.460575 1.44532
0.461057 1.44684
0.461538 1.44799
0.462019 1.45094
0.4625 1.45246
0.462982 1.45393
0.463463 1.45425
0.463944 1.45606
0.464425 1.45599
0.464907 1.45906
0.465388 1.46118
0.465869 1.46255
0.46635 1.46378
0.466832 1.46551
0.467313 1.46667
0.467794 1.46809
0.468276 1.46899
0.468757 1.47111
0.469238 1.47327
0.469719 1.47381
0.470201 1.47581
0.470682 1.477
0.471163 1.4785
0.471644 1.47964
0.472126 1.4807
0.472607 1.48215
0.473088 1.48434
0.47357 1.48598
0.474051 1.48803
0.474532 1.48904
0.475013 1.49082
0.475495 1.49207
0.475976 1.49249
0.476457 1.49371
0.476938 1.49465
0.47742 1.49578
0.477901 1.49616
0.478382 1.49684
0.478864 1.4974
0.479345 1.50034
0.479826 1.50137
0.480307 1.50282
0.480789 1.50467
0.48127 1.5052
0.481751 1.50615
0.482232 1.50861
0.482714 1.51051
0.483195 1.51203
0.483676 1.51205
0.484157 1.5131
0.484639 1.5138
0.48512 1.51445
0.485601 1.51499
0.486083 1.51655
0.486564 1.51769
0.487045 1.51864
0.487526 1.5205
0.488008 1.52204
0.488489 1.52296
0.48897 1.52483
0.489451 1.5258
0.489933 1.52667
0.490414 1.5266
