0 0
0.00048127 0.00189895
0.00096254 0.00380112
0.00144381 0.00563833
0.00192508 0.00757065
0.00240635 0.00946533
0.00288762 0.0113441
0.00336889 0.0132875
0.00385016 0.0151851
0.00433143 0.0173196
0.0048127 0.0192628
0.00529397 0.0211969
0.00577524 0.0231198
0.00625651 0.0250082
0.00673778 0.0268901
0.00721905 0.0286968
0.00770032 0.0305115
0.00818159 0.0322434
0.00866286 0.0341921
0.00914413 0.0360702
0.0096254 0.0379275
0.0101067 0.0399591
0.0105879 0.0418452
0.0110692 0.043726
0.0115505 0.0455415
0.0120317 0.0473479
0.012513 0.0491224
0.0129943 0.0512792
0.0134756 0.0529621
0.0139568 0.0550761
0.0144381 0.0569679
0.0149194 0.0589646
0.0154006 0.0609447
0.0158819 0.0629324
0.0163632 0.0649188
0.0168444 0.0667006
0.0173257 0.0686018
0.017807 0.0707097
0.0182883 0.0727529
0.0187695 0.0746519
0.0192508 0.0766134
0.0197321 0.0783446
0.0202133 0.0800427
0.0206946 0.0818656
0.0211759 0.0837878
0.0216571 0.0857974
0.0221384 0.0880175
0.0226197 0.0897247
0.023101 0.0909235
0.0235822 0.0925898
0.0240635 0.0945964
0.0245448 0.0962471
0.025026 0.097579
0.0255073 0.0992353
0.0259886 0.101037
0.0264698 0.102905
0.0269511 0.104473
0.0274324 0.106282
0.0279137 0.107853
0.0283949 0.109683
0.0288762 0.111464
0.0293575 0.11327
0.0298387 0.115035
0.03032 0.116774
0.0308013 0.118667
0.0312825 0.120169
0.0317638 0.121705
0.0322451 0.123703
0.0327264 0.125654
0.0332076 0.127484
0.0336889 0.129092
0.0341702 0.130521
0.0346514 0.132022
0.0351327 0.133634
0.035614 0.135079
0.0360952 0.136765
0.0365765 0.138568
0.0370578 0.140108
0.037539 0.141881
0.0380203 0.143492
0.0385016 0.145263
0.0389829 0.146744
0.0394641 0.147853
0.0399454 0.149509
0.0404267 0.150805
0.0409079 0.152523
0.0413892 0.153972
0.0418705 0.155712
0.0423517 0.157165
0.042833 0.158432
0.0433143 0.160226
0.0437956 0.161686
0.0442768 0.163177
0.0447581 0.16403
0.0452394 0.165994
0.0457206 0.167939
0.0462019 0.169574
0.0466832 0.171101
0.0471644 0.172159
0.0476457 0.17384
0.048127 0.175413
0.0486083 0.177031
0.0490895 0.17878
0.0495708 0.180447
0.0500521 0.181702
0.0505333 0.183524
0.0510146 0.18574
0.0514959 0.187566
0.0519771 0.188994
0.0524584 0.190142
0.0529397 0.191651
0.053421 0.193508
0.0539022 0.194854
0.0543835 0.196008
0.0548648 0.197738
0.055346 0.198999
0.0558273 0.200741
0.0563086 0.20214
0.0567898 0.204375
0.0572711 0.205971
0.0577524 0.207552
0.0582337 0.209298
0.0587149 0.211014
0.0591962 0.212496
0.0596775 0.213624
0.0601587 0.215783
0.06064 0.217266
0.0611213 0.218923
0.0616025 0.220975
0.0620838 0.222685
0.0625651 0.22451
0.0630464 0.226137
0.0635276 0.227793
0.0640089 0.228981
0.0644902 0.230704
0.0649714 0.232551
0.0654527 0.233831
0.065934 0.235233
0.0664152 0.237081
0.0668965 0.238484
0.0673778 0.239835
0.067859 0.241473
0.0683403 0.24335
0.0688216 0.244786
0.0693029 0.246586
0.0697841 0.247788
0.0702654 0.249196
0.0707467 0.251191
0.0712279 0.252622
0.0717092 0.254015
0.0721905 0.25609
0.0726717 0.257575
0.073153 0.259359
0.0736343 0.261227
0.0741156 0.262839
0.0745968 0.264416
0.0750781 0.266189
0.0755594 0.267616
0.0760406 0.269205
0.0765219 0.270693
0.0770032 0.272205
0.0774844 0.273745
0.0779657 0.275534
0.078447 0.277794
0.0789283 0.27913
0.0794095 0.279657
0.0798908 0.281346
0.0803721 0.282376
0.0808533 0.283671
0.0813346 0.285304
0.0818159 0.286572
0.0822971 0.287883
0.0827784 0.289147
0.0832597 0.290986
0.083741 0.292658
0.0842222 0.294552
0.0847035 0.295737
0.0851848 0.297179
0.085666 0.29908
0.0861473 0.301169
0.0866286 0.302305
0.0871098 0.303455
0.0875911 0.304878
0.0880724 0.306471
0.0885537 0.307915
0.0890349 0.309828
0.0895162 0.310907
0.0899975 0.312501
0.0904787 0.314105
0.09096 0.315584
0.0914413 0.316772
0.0919225 0.318043
0.0924038 0.318794
0.0928851 0.320627
0.0933664 0.322273
0.0938476 0.323414
0.0943289 0.324423
0.0948102 0.325312
0.0952914 0.326561
0.0957727 0.327824
0.096254 0.32961
0.0967352 0.331156
0.0972165 0.332413
0.0976978 0.334523
0.0981791 0.335878
0.0986603 0.338051
0.0991416 0.339274
0.0996229 0.340557
0.100104 0.342444
0.100585 0.343874
0.101067 0.345424
0.101548 0.347342
0.102029 0.34893
0.10251 0.350616
0.102992 0.352558
0.103473 0.354137
0.103954 0.356093
0.104436 0.357158
0.104917 0.358904
0.105398 0.360202
0.105879 0.361597
0.106361 0.363045
0.106842 0.364693
0.107323 0.366108
0.107804 0.367036
0.108286 0.368933
0.108767 0.370688
0.109248 0.372268
0.10973 0.374071
0.110211 0.375367
0.110692 0.376442
0.111173 0.378779
0.111655 0.380614
0.112136 0.382165
0.112617 0.383542
0.113098 0.384692
0.11358 0.386284
0.114061 0.387555
0.114542 0.389388
0.115023 0.390478
0.115505 0.391445
0.115986 0.392848
0.116467 0.394883
0.116949 0.396187
0.11743 0.397587
0.117911 0.398941
0.118392 0.400468
0.118874 0.402681
0.119355 0.404415
0.119836 0.405238
0.120317 0.406989
0.120799 0.40837
0.12128 0.410157
0.121761 0.41133
0.122243 0.41285
0.122724 0.414549
0.123205 0.416167
0.123686 0.417559
0.124168 0.418814
0.124649 0.419983
0.12513 0.421436
0.125611 0.422937
0.126093 0.424077
0.126574 0.426532
0.127055 0.427516
0.127537 0.42908
0.128018 0.430089
0.128499 0.431462
0.12898 0.432343
0.129462 0.433665
0.129943 0.435183
0.130424 0.43677
0.130905 0.437738
0.131387 0.439365
0.131868 0.440962
0.132349 0.441936
0.13283 0.443601
0.133312 0.445247
0.133793 0.447033
0.134274 0.448609
0.134756 0.450109
0.135237 0.45174
0.135718 0.453087
0.136199 0.45488
0.136681 0.455736
0.137162 0.457396
0.137643 0.458421
0.138124 0.460103
0.138606 0.461754
0.139087 0.463333
0.139568 0.464576
0.14005 0.465478
0.140531 0.467312
0.141012 0.468924
0.141493 0.469892
0.141975 0.471293
0.142456 0.473027
0.142937 0.47477
0.143418 0.475695
0.1439 0.477167
0.144381 0.478444
0.144862 0.479777
0.145343 0.480575
0.145825 0.481962
0.146306 0.482701
0.146787 0.484268
0.147269 0.485482
0.14775 0.48719
0.148231 0.488406
0.148712 0.490454
0.149194 0.492074
0.149675 0.493633
0.150156 0.495427
0.150637 0.497112
0.151119 0.497551
0.1516 0.499061
0.152081 0.501205
0.152563 0.503628
0.153044 0.505143
0.153525 0.506343
0.154006 0.507979
0.154488 0.509248
0.154969 0.510837
0.15545 0.513067
0.155931 0.513884
0.156413 0.515092
0.156894 0.516948
0.157375 0.518187
0.157857 0.52003
0.158338 0.521057
0.158819 0.522322
0.1593 0.522841
0.159782 0.524133
0.160263 0.525213
0.160744 0.526207
0.161225 0.527037
0.161707 0.528225
0.162188 0.529673
0.162669 0.531288
0.16315 0.532361
0.163632 0.5331
0.164113 0.534915
0.164594 0.536631
0.165076 0.537392
0.165557 0.538832
0.166038 0.539998
0.166519 0.5416
0.167001 0.542971
0.167482 0.544483
0.167963 0.54648
0.168444 0.548203
0.168926 0.549172
0.169407 0.55023
0.169888 0.551935
0.17037 0.553572
0.170851 0.555204
0.171332 0.557107
0.171813 0.558082
0.172295 0.559556
0.172776 0.561452
0.173257 0.563078
0.173738 0.56409
0.17422 0.564278
0.174701 0.565393
0.175182 0.566996
0.175663 0.56856
0.176145 0.570333
0.176626 0.572378
0.177107 0.573679
0.177589 0.575694
0.17807 0.577905
0.178551 0.579417
0.179032 0.580834
0.179514 0.582466
0.179995 0.584137
0.180476 0.585021
0.180957 0.586696
0.181439 0.58815
0.18192 0.589254
0.182401 0.590836
0.182883 0.592223
0.183364 0.59341
0.183845 0.59504
0.184326 0.595463
0.184808 0.596621
0.185289 0.598021
0.18577 0.600107
0.186251 0.602185
0.186733 0.60411
0.187214 0.605195
0.187695 0.607046
0.188177 0.60908
0.188658 0.611363
0.189139 0.613241
0.18962 0.614142
0.190102 0.616237
0.190583 0.616893
0.191064 0.61728
0.191545 0.617948
0.192027 0.620254
0.192508 0.621798
0.192989 0.622592
0.19347 0.623653
0.193952 0.624587
0.194433 0.625755
0.194914 0.627462
0.195396 0.628753
0.195877 0.630547
0.196358 0.632778
0.196839 0.635328
0.197321 0.636778
0.197802 0.638342
0.198283 0.640015
0.198764 0.640931
0.199246 0.641858
0.199727 0.642962
0.200208 0.64388
0.20069 0.645105
0.201171 0.647377
0.201652 0.647991
0.202133 0.649513
0.202615 0.650685
0.203096 0.652285
0.203577 0.654342
0.204058 0.655758
0.20454 0.657152
0.205021 0.658818
0.205502 0.659955
0.205983 0.66126
0.206465 0.662165
0.206946 0.664856
0.207427 0.666383
0.207909 0.668346
0.20839 0.668669
0.208871 0.670112
0.209352 0.671513
0.209834 0.673173
0.210315 0.674839
0.210796 0.676336
0.211277 0.678016
0.211759 0.679292
0.21224 0.681186
0.212721 0.683314
0.213203 0.684295
0.213684 0.68624
0.214165 0.687656
0.214646 0.688704
0.215128 0.690535
0.215609 0.692051
0.21609 0.693597
0.216571 0.695108
0.217053 0.695924
0.217534 0.697854
0.218015 0.698849
0.218497 0.699665
0.218978 0.701618
0.219459 0.702496
0.21994 0.70392
0.220422 0.705947
0.220903 0.707318
0.221384 0.708792
0.221865 0.709943
0.222347 0.711779
0.222828 0.713417
0.223309 0.715164
0.22379 0.715967
0.224272 0.717203
0.224753 0.718393
0.225234 0.719683
0.225716 0.721774
0.226197 0.723521
0.226678 0.724424
0.227159 0.726294
0.227641 0.72732
0.228122 0.727851
0.228603 0.729677
0.229084 0.731143
0.229566 0.732184
0.230047 0.73303
0.230528 0.73499
0.23101 0.736413
0.231491 0.737431
0.231972 0.739648
0.232453 0.740725
0.232935 0.74196
0.233416 0.74308
0.233897 0.745031
0.234378 0.745716
0.23486 0.747809
0.235341 0.749019
0.235822 0.7501
0.236303 0.750052
0.236785 0.75088
0.237266 0.752989
0.237747 0.754101
0.238229 0.7552
0.23871 0.756551
0.239191 0.757392
0.239672 0.758963
0.240154 0.759503
0.240635 0.760375
0.241116 0.762444
0.241597 0.763893
0.242079 0.765706
0.24256 0.767603
0.243041 0.768787
0.243523 0.769707
0.244004 0.771284
0.244485 0.772672
0.244966 0.773615
0.245448 0.774319
0.245929 0.776397
0.24641 0.777173
0.246891 0.779153
0.247373 0.779721
0.247854 0.781164
0.248335 0.782665
0.248817 0.784372
0.249298 0.785393
0.249779 0.78673
0.25026 0.788287
0.250742 0.790355
0.251223 0.792296
0.251704 0.793789
0.252185 0.795384
0.252667 0.79743
0.253148 0.798676
0.253629 0.800444
0.25411 0.802009
0.254592 0.803933
0.255073 0.805512
0.255554 0.806044
0.256036 0.807669
0.256517 0.808948
0.256998 0.810288
0.257479 0.812293
0.257961 0.813443
0.258442 0.814125
0.258923 0.81628
0.259404 0.818668
0.259886 0.819764
0.260367 0.820933
0.260848 0.822186
0.26133 0.823197
0.261811 0.823597
0.262292 0.824415
0.262773 0.82563
0.263255 0.828509
0.263736 0.83037
0.264217 0.832635
0.264698 0.835965
0.26518 0.838265
0.265661 0.839634
0.266142 0.840323
0.266623 0.841674
0.267105 0.8435
0.267586 0.843722
0.268067 0.84476
0.268549 0.845652
0.26903 0.847453
0.269511 0.849006
0.269992 0.849313
0.270474 0.848932
0.270955 0.850262
0.271436 0.851667
0.271917 0.852093
0.272399 0.853085
0.27288 0.854193
0.273361 0.8549
0.273843 0.856439
0.274324 0.857776
0.274805 0.858193
0.275286 0.858916
0.275768 0.860501
0.276249 0.863046
0.27673 0.864954
0.277211 0.867238
0.277693 0.86785
0.278174 0.869298
0.278655 0.871209
0.279137 0.872971
0.279618 0.875251
0.280099 0.877811
0.28058 0.880158
0.281062 0.882158
0.281543 0.88371
0.282024 0.884902
0.282505 0.885635
0.282987 0.886653
0.283468 0.888184
0.283949 0.890065
0.28443 0.891037
0.284912 0.892171
0.285393 0.893942
0.285874 0.896035
0.286356 0.896345
0.286837 0.896821
0.287318 0.897729
0.287799 0.899377
0.288281 0.901853
0.288762 0.904835
0.289243 0.905977
0.289724 0.907462
0.290206 0.909595
0.290687 0.911062
0.291168 0.912163
0.29165 0.914653
0.292131 0.917086
0.292612 0.917724
0.293093 0.918904
0.293575 0.919477
0.294056 0.921193
0.294537 0.922937
0.295018 0.924545
0.2955 0.926237
0.295981 0.927993
0.296462 0.929751
0.296943 0.93081
0.297425 0.932665
0.297906 0.934611
0.298387 0.935741
0.298869 0.937422
0.29935 0.938822
0.299831 0.939693
0.300312 0.941437
0.300794 0.942028
0.301275 0.944462
0.301756 0.945067
0.302237 0.945995
0.302719 0.948475
0.3032 0.949676
0.303681 0.951257
0.304163 0.952359
0.304644 0.953541
0.305125 0.954099
0.305606 0.956341
0.306088 0.957261
0.306569 0.957964
0.30705 0.959247
0.307531 0.960956
0.308013 0.961868
0.308494 0.9633
0.308975 0.964457
0.309457 0.964891
0.309938 0.966602
0.310419 0.967759
0.3109 0.967776
0.311382 0.968887
0.311863 0.969081
0.312344 0.970707
0.312825 0.972433
0.313307 0.974228
0.313788 0.975042
0.314269 0.975606
0.31475 0.976705
0.315232 0.977558
0.315713 0.979758
0.316194 0.981337
0.316676 0.983638
0.317157 0.985189
0.317638 0.987713
0.318119 0.989146
0.318601 0.990691
0.319082 0.992397
0.319563 0.993627
0.320044 0.994931
0.320526 0.995972
0.321007 0.997901
0.321488 0.998379
0.32197 1.00001
0.322451 1.00084
0.322932 1.0019
0.323413 1.00262
0.323895 1.00371
0.324376 1.00573
0.324857 1.00646
0.325338 1.0083
0.32582 1.01022
0.326301 1.01302
0.326782 1.01522
0.327264 1.01643
0.327745 1.0178
0.328226 1.01894
0.328707 1.01975
0.329189 1.02064
0.32967 1.02207
0.330151 1.02333
0.330632 1.02427
0.331114 1.02553
0.331595 1.02826
0.332076 1.03051
0.332557 1.03106
0.333039 1.03201
0.33352 1.03298
0.334001 1.03475
0.334483 1.03701
0.334964 1.03919
0.335445 1.04078
0.335926 1.04241
0.336408 1.04392
0.336889 1.04481
0.33737 1.0463
0.337851 1.04704
0.338333 1.04896
0.338814 1.05012
0.339295 1.05015
0.339777 1.0509
0.340258 1.05151
0.340739 1.05257
0.34122 1.05508
0.341702 1.05604
0.342183 1.05916
0.342664 1.05953
0.343145 1.06023
0.343627 1.06214
0.344108 1.06331
0.344589 1.06525
0.34507 1.0661
0.345552 1.06707
0.346033 1.06823
0.346514 1.07038
0.346996 1.07239
0.347477 1.07379
0.347958 1.07524
0.348439 1.07643
0.348921 1.07788
0.349402 1.07861
0.349883 1.07909
0.350364 1.08045
0.350846 1.08182
0.351327 1.08205
0.351808 1.0835
0.35229 1.08533
0.352771 1.08721
0.353252 1.08846
0.353733 1.08991
0.354215 1.09087
0.354696 1.09165
0.355177 1.09283
0.355658 1.09505
0.35614 1.09623
0.356621 1.09806
0.357102 1.10007
0.357584 1.10209
0.358065 1.10308
0.358546 1.10263
0.359027 1.10458
0.359509 1.10553
0.35999 1.10692
0.360471 1.10855
0.360952 1.11108
0.361434 1.11315
0.361915 1.11542
0.362396 1.11728
0.362877 1.1187
0.363359 1.12129
0.36384 1.12261
0.364321 1.12269
0.364803 1.125
0.365284 1.12612
0.365765 1.12713
0.366246 1.12774
0.366728 1.12933
0.367209 1.13045
0.36769 1.13176
0.368171 1.13282
0.368653 1.13473
0.369134 1.1369
0.369615 1.13804
0.370097 1.13872
0.370578 1.1397
0.371059 1.14099
0.37154 1.14162
0.372022 1.14404
0.372503 1.14507
0.372984 1.14682
0.373465 1.14794
0.373947 1.14992
0.374428 1.15198
0.374909 1.15345
0.37539 1.1542
0.375872 1.15579
0.376353 1.15762
0.376834 1.15777
0.377316 1.16055
0.377797 1.16187
0.378278 1.16432
0.378759 1.16652
0.379241 1.16658
0.379722 1.16818
0.380203 1.16994
0.380684 1.17215
0.381166 1.17373
0.381647 1.17469
0.382128 1.17595
0.38261 1.17728
0.383091 1.17881
0.383572 1.17982
0.384053 1.18031
0.384535 1.18261
0.385016 1.18451
0.385497 1.18533
0.385978 1.1861
0.38646 1.18716
0.386941 1.18812
0.387422 1.18868
0.387904 1.18964
0.388385 1.19088
0.388866 1.19183
0.389347 1.19193
0.389829 1.19141
0.39031 1.19276
0.390791 1.19322
0.391272 1.19534
0.391754 1.19557
0.392235 1.19703
0.392716 1.19861
0.393197 1.20003
0.393679 1.20058
0.39416 1.20196
0.394641 1.20309
0.395123 1.20391
0.395604 1.20592
0.396085 1.20736
0.396566 1.20909
0.397048 1.20928
0.397529 1.20978
0.39801 1.2112
0.398491 1.21241
0.398973 1.21348
0.399454 1.21474
0.399935 1.21708
0.400417 1.21858
0.400898 1.22038
0.401379 1.22255
0.40186 1.22401
0.402342 1.22549
0.402823 1.22646
0.403304 1.22898
0.403785 1.23107
0.404267 1.23233
0.404748 1.23331
0.405229 1.23434
0.40571 1.23618
0.406192 1.23747
0.406673 1.239
0.407154 1.23983
0.407636 1.2412
0.408117 1.24176
0.408598 1.2439
0.409079 1.24548
0.409561 1.2475
0.410042 1.24957
0.410523 1.25098
0.411004 1.25221
0.411486 1.25269
0.411967 1.25343
0.412448 1.25431
0.41293 1.25603
0.413411 1.25798
0.413892 1.25954
0.414373 1.26163
0.414855 1.26415
0.415336 1.26554
0.415817 1.26825
0.416298 1.26811
0.41678 1.2696
0.417261 1.27197
0.417742 1.27333
0.418224 1.27383
0.418705 1.27587
0.419186 1.27719
0.419667 1.27738
0.420149 1.27908
0.42063 1.27977
0.421111 1.28026
0.421592 1.28047
0.422074 1.28089
0.422555 1.28131
0.423036 1.28315
0.423517 1.2854
0.423999 1.28593
0.42448 1.28888
0.424961 1.28993
0.425443 1.29082
0.425924 1.2921
0.426405 1.2937
0.426886 1.29571
0.427368 1.29805
0.427849 1.29908
0.42833 1.30112
0.428811 1.30152
0.429293 1.3021
0.429774 1.30352
0.430255 1.30454
0.430737 1.30578
0.431218 1.30718
0.431699 1.30798
0.43218 1.30885
0.432662 1.30996
0.433143 1.31202
0.433624 1.3138
0.434105 1.31587
0.434587 1.31775
0.435068 1.31929
0.435549 1.32028
0.43603 1.32069
0.436512 1.32228
0.436993 1.32233
0.437474 1.32396
0.437956 1.32494
0.438437 1.32677
0.438918 1.32831
0.439399 1.32902
0.439881 1.3306
0.440362 1.33166
0.440843 1.3341
0.441324 1.33491
0.441806 1.33488
0.442287 1.33587
0.442768 1.33766
0.44325 1.33932
0.443731 1.34195
0.444212 1.34452
0.444693 1.34465
0.445175 1.34678
0.445656 1.34673
0.446137 1.34871
0.446618 1.35031
0.4471 1.35127
0.447581 1.3526
0.448062 1.35354
0.448544 1.35453
0.449025 1.35563
0.449506 1.35581
0.449987 1.35771
0.450469 1.3594
0.45095 1.36012
0.451431 1.36199
0.451912 1.36398
0.452394 1.36469
0.452875 1.36603
0.453356 1.36642
0.453837 1.3685
0.454319 1.36931
0.4548 1.3711
0.455281 1.37217
0.455763 1.37364
0.456244 1.37503
0.456725 1.37677
0.457206 1.37871
0.457688 1.37981
0.458169 1.38147
0.45865 1.38221
0.459131 1.38435
0.459613 1.38513
0.460094 1.38652
0.460575 1.387
0.461057 1.38834
0.461538 1.3903
0.462019 1.39112
0.4625 1.3927
0.462982 1.3939
0.463463 1.39507
0.463944 1.39629
0.464425 1.39822
0.464907 1.39824
0.465388 1.39903
0.465869 1.40134
0.46635 1.40305
0.466832 1.40494
0.467313 1.40701
0.467794 1.40866
0.468276 1.40947
0.468757 1.4113
0.469238 1.41215
0.469719 1.41448
0.470201 1.41586
0.470682 1.41744
0.471163 1.41827
0.471644 1.41974
0.472126 1.42065
0.472607 1.42281
0.473088 1.42306
0.47357 1.42477
0.474051 1.42716
0.474532 1.42764
0.475013 1.42851
0.475495 1.43002
0.475976 1.43148
0.476457 1.43296
0.476938 1.43274
0.47742 1.43331
0.477901 1.43425
0.478382 1.43573
0.478864 1.4372
0.479345 1.43851
0.479826 1.44013
0.480307 1.4407
0.480789 1.4425
0.48127 1.44497
0.481751 1.44593
0.482232 1.44728
0.482714 1.44806
0.483195 1.45003
0.483676 1.45232
0.484157 1.45379
0.484639 1.4546
0.48512 1.45586
0.485601 1.45624
0.486083 1.45627
0.486564 1.45808
0.487045 1.45776
0.487526 1.46017
0.488008 1.46206
0.488489 1.46405
0.48897 1.46465
0.489451 1.46696
0.489933 1.46822
0.490414 1.46913
