0 0
0.00048127 0.00187159
0.00096254 0.00375258
0.00144381 0.00560544
0.00192508 0.00747292
0.00240635 0.00932841
0.00288762 0.0112205
0.00336889 0.0130084
0.00385016 0.0148449
0.00433143 0.0167424
0.0048127 0.0185154
0.00529397 0.0204892
0.00577524 0.0226014
0.00625651 0.0243707
0.00673778 0.0261544
0.00721905 0.0280636
0.00770032 0.0300128
0.00818159 0.0319347
0.00866286 0.0338715
0.00914413 0.0358603
0.0096254 0.0377111
0.0101067 0.039561
0.0105879 0.0415258
0.0110692 0.0434696
0.0115505 0.0453037
0.0120317 0.0470895
0.012513 0.0489542
0.0129943 0.0508919
0.0134756 0.0528298
0.0139568 0.0548099
0.0144381 0.0567616
0.0149194 0.0584616
0.0154006 0.0601842
0.0158819 0.0620347
0.0163632 0.0635303
0.0168444 0.0652397
0.0173257 0.0670807
0.017807 0.0688429
0.0182883 0.0707431
0.0187695 0.0724978
0.0192508 0.0744664
0.0197321 0.0762775
0.0202133 0.0780508
0.0206946 0.0795561
0.0211759 0.0813193
0.0216571 0.0833903
0.0221384 0.0856662
0.0226197 0.087497
0.023101 0.0893433
0.0235822 0.0907323
0.0240635 0.0923506
0.0245448 0.0940733
0.025026 0.0959486
0.0255073 0.0973253
0.0259886 0.0992899
0.0264698 0.10082
0.0269511 0.102454
0.0274324 0.104591
0.0279137 0.106309
0.0283949 0.108037
0.0288762 0.110094
0.0293575 0.111961
0.0298387 0.113717
0.03032 0.115503
0.0308013 0.117455
0.0312825 0.119138
0.0317638 0.120733
0.0322451 0.122475
0.0327264 0.124383
0.0332076 0.125925
0.0336889 0.127334
0.0341702 0.128559
0.0346514 0.130241
0.0351327 0.131739
0.035614 0.133655
0.0360952 0.135586
0.0365765 0.136965
0.0370578 0.138517
0.037539 0.140281
0.0380203 0.141821
0.0385016 0.143407
0.0389829 0.144812
0.0394641 0.146246
0.0399454 0.147721
0.0404267 0.149465
0.0409079 0.151368
0.0413892 0.152966
0.0418705 0.154412
0.0423517 0.156066
0.042833 0.157991
0.0433143 0.159994
0.0437956 0.161493
0.0442768 0.163403
0.0447581 0.164978
0.0452394 0.166527
0.0457206 0.16816
0.0462019 0.169786
0.0466832 0.17159
0.0471644 0.173012
0.0476457 0.174816
0.048127 0.176739
0.0486083 0.177927
0.0490895 0.179566
0.0495708 0.180874
0.0500521 0.181915
0.0505333 0.183479
0.0510146 0.184815
0.0514959 0.186424
0.0519771 0.187748
0.0524584 0.189013
0.0529397 0.190472
0.053421 0.191957
0.0539022 0.1934
0.0543835 0.195084
0.0548648 0.196789
0.055346 0.198122
0.0558273 0.200118
0.0563086 0.201574
0.0567898 0.203606
0.0572711 0.205339
0.0577524 0.207123
0.0582337 0.208885
0.0587149 0.210415
0.0591962 0.21253
0.0596775 0.214202
0.0601587 0.215935
0.06064 0.217551
0.0611213 0.219428
0.0616025 0.22093
0.0620838 0.222513
0.0625651 0.224413
0.0630464 0.226557
0.0635276 0.228189
0.0640089 0.229873
0.0644902 0.231019
0.0649714 0.232375
0.0654527 0.233638
0.065934 0.235224
0.0664152 0.236693
0.0668965 0.238375
0.0673778 0.240017
0.067859 0.241252
0.0683403 0.242771
0.0688216 0.24433
0.0693029 0.245805
0.0697841 0.247478
0.0702654 0.249627
0.0707467 0.251395
0.0712279 0.253379
0.0717092 0.255049
0.0721905 0.256653
0.0726717 0.258286
0.073153 0.25964
0.0736343 0.26126
0.0741156 0.262611
0.0745968 0.263803
0.0750781 0.265426
0.0755594 0.266338
0.0760406 0.267871
0.0765219 0.269356
0.0770032 0.270514
0.0774844 0.271834
0.0779657 0.272934
0.078447 0.273981
0.0789283 0.275126
0.0794095 0.276289
0.0798908 0.277621
0.0803721 0.279423
0.0808533 0.280866
0.0813346 0.28219
0.0818159 0.284238
0.0822971 0.285994
0.0827784 0.287485
0.0832597 0.289211
0.083741 0.29134
0.0842222 0.292502
0.0847035 0.293671
0.0851848 0.295286
0.085666 0.296998
0.0861473 0.298355
0.0866286 0.299717
0.0871098 0.301032
0.0875911 0.302305
0.0880724 0.303701
0.0885537 0.305103
0.0890349 0.307216
0.0895162 0.308903
0.0899975 0.310361
0.0904787 0.310981
0.09096 0.312132
0.0914413 0.313374
0.0919225 0.315155
0.0924038 0.316646
0.0928851 0.318022
0.0933664 0.319403
0.0938476 0.319963
0.0943289 0.321749
0.0948102 0.323439
0.0952914 0.325077
0.0957727 0.325808
0.096254 0.327297
0.0967352 0.329341
0.0972165 0.330798
0.0976978 0.33255
0.0981791 0.334349
0.0986603 0.335876
0.0991416 0.337678
0.0996229 0.338767
0.100104 0.339993
0.100585 0.341465
0.101067 0.342611
0.101548 0.344176
0.102029 0.345543
0.10251 0.347051
0.102992 0.348347
0.103473 0.350416
0.103954 0.351806
0.104436 0.353283
0.104917 0.354597
0.105398 0.356254
0.105879 0.357928
0.106361 0.359653
0.106842 0.360801
0.107323 0.362325
0.107804 0.364118
0.108286 0.365214
0.108767 0.366594
0.109248 0.367344
0.10973 0.368817
0.110211 0.370419
0.110692 0.372053
0.111173 0.373308
0.111655 0.375085
0.112136 0.376113
0.112617 0.376765
0.113098 0.378692
0.11358 0.380347
0.114061 0.381292
0.114542 0.383083
0.115023 0.384342
0.115505 0.385634
0.115986 0.387058
0.116467 0.388514
0.116949 0.389178
0.11743 0.391171
0.117911 0.392664
0.118392 0.393559
0.118874 0.395002
0.119355 0.396242
0.119836 0.397659
0.120317 0.399173
0.120799 0.400835
0.12128 0.402337
0.121761 0.404302
0.122243 0.405593
0.122724 0.407186
0.123205 0.408685
0.123686 0.410827
0.124168 0.412349
0.124649 0.413591
0.12513 0.414418
0.125611 0.41553
0.126093 0.416625
0.126574 0.419288
0.127055 0.420777
0.127537 0.422129
0.128018 0.423952
0.128499 0.425843
0.12898 0.427254
0.129462 0.429557
0.129943 0.430639
0.130424 0.432074
0.130905 0.434487
0.131387 0.435712
0.131868 0.437119
0.132349 0.43851
0.13283 0.439607
0.133312 0.441377
0.133793 0.442507
0.134274 0.444605
0.134756 0.445984
0.135237 0.44794
0.135718 0.449095
0.136199 0.450491
0.136681 0.451769
0.137162 0.453627
0.137643 0.455873
0.138124 0.456564
0.138606 0.45814
0.139087 0.459491
0.139568 0.460748
0.14005 0.462314
0.140531 0.464108
0.141012 0.465906
0.141493 0.467004
0.141975 0.468611
0.142456 0.47091
0.142937 0.473304
0.143418 0.474856
0.1439 0.475904
0.144381 0.477763
0.144862 0.478915
0.145343 0.480897
0.145825 0.482686
0.146306 0.484468
0.146787 0.485727
0.147269 0.487444
0.14775 0.48908
0.148231 0.490849
0.148712 0.492318
0.149194 0.494503
0.149675 0.496414
0.150156 0.498196
0.150637 0.499931
0.151119 0.500756
0.1516 0.501816
0.152081 0.503067
0.152563 0.504739
0.153044 0.506506
0.153525 0.508051
0.154006 0.509751
0.154488 0.511477
0.154969 0.513071
0.15545 0.515286
0.155931 0.516328
0.156413 0.518626
0.156894 0.520053
0.157375 0.521595
0.157857 0.522655
0.158338 0.52391
0.158819 0.525045
0.1593 0.526801
0.159782 0.528979
0.160263 0.531415
0.160744 0.532593
0.161225 0.533192
0.161707 0.534266
0.162188 0.535783
0.162669 0.538083
0.16315 0.53997
0.163632 0.541687
0.164113 0.543509
0.164594 0.545001
0.165076 0.546369
0.165557 0.548368
0.166038 0.549576
0.166519 0.551097
0.167001 0.551735
0.167482 0.553404
0.167963 0.553932
0.168444 0.555521
0.168926 0.556851
0.169407 0.558485
0.169888 0.559743
0.17037 0.56154
0.170851 0.563268
0.171332 0.564252
0.171813 0.565737
0.172295 0.56714
0.172776 0.569227
0.173257 0.570846
0.173738 0.571874
0.17422 0.573202
0.174701 0.574943
0.175182 0.576936
0.175663 0.578197
0.176145 0.579237
0.176626 0.581276
0.177107 0.582993
0.177589 0.584147
0.17807 0.585988
0.178551 0.586781
0.179032 0.589255
0.179514 0.589958
0.179995 0.591007
0.180476 0.592315
0.180957 0.594254
0.181439 0.595258
0.18192 0.596957
0.182401 0.598826
0.182883 0.601009
0.183364 0.602433
0.183845 0.603841
0.184326 0.605751
0.184808 0.60752
0.185289 0.60896
0.18577 0.610097
0.186251 0.611305
0.186733 0.612622
0.187214 0.61427
0.187695 0.615397
0.188177 0.618045
0.188658 0.619378
0.189139 0.621108
0.18962 0.62206
0.190102 0.623952
0.190583 0.625308
0.191064 0.627172
0.191545 0.628919
0.192027 0.630417
0.192508 0.633318
0.192989 0.634498
0.19347 0.636165
0.193952 0.638117
0.194433 0.639817
0.194914 0.642104
0.195396 0.643837
0.195877 0.644878
0.196358 0.64661
0.196839 0.648333
0.197321 0.650541
0.197802 0.651573
0.198283 0.653151
0.198764 0.655062
0.199246 0.65557
0.199727 0.657005
0.200208 0.658498
0.20069 0.659788
0.201171 0.660549
0.201652 0.662196
0.202133 0.663433
0.202615 0.664254
0.203096 0.664855
0.203577 0.665733
0.204058 0.667259
0.20454 0.669817
0.205021 0.6711
0.205502 0.672743
0.205983 0.674078
0.206465 0.67549
0.206946 0.677309
0.207427 0.678557
0.207909 0.679828
0.20839 0.680976
0.208871 0.682113
0.209352 0.683477
0.209834 0.68494
0.210315 0.685943
0.210796 0.686629
0.211277 0.688323
0.211759 0.689702
0.21224 0.69157
0.212721 0.692927
0.213203 0.696332
0.213684 0.698822
0.214165 0.699909
0.214646 0.701624
0.215128 0.702885
0.215609 0.704923
0.21609 0.706454
0.216571 0.708792
0.217053 0.710213
0.217534 0.711403
0.218015 0.71306
0.218497 0.715808
0.218978 0.717778
0.219459 0.719417
0.21994 0.721051
0.220422 0.722536
0.220903 0.723208
0.221384 0.724422
0.221865 0.725873
0.222347 0.727605
0.222828 0.729005
0.223309 0.731168
0.22379 0.732267
0.224272 0.733157
0.224753 0.734446
0.225234 0.735623
0.225716 0.737116
0.226197 0.738449
0.226678 0.740552
0.227159 0.742396
0.227641 0.744173
0.228122 0.746271
0.228603 0.747326
0.229084 0.749433
0.229566 0.751229
0.230047 0.752793
0.230528 0.754358
0.23101 0.756146
0.231491 0.757395
0.231972 0.759584
0.232453 0.76079
0.232935 0.761545
0.233416 0.763037
0.233897 0.764422
0.234378 0.76574
0.23486 0.767014
0.235341 0.768106
0.235822 0.769048
0.236303 0.769708
0.236785 0.771786
0.237266 0.773725
0.237747 0.774769
0.238229 0.776465
0.23871 0.778024
0.239191 0.778317
0.239672 0.780247
0.240154 0.782254
0.240635 0.783239
0.241116 0.78491
0.241597 0.786759
0.242079 0.787861
0.24256 0.789195
0.243041 0.790521
0.243523 0.792593
0.244004 0.793891
0.244485 0.795807
0.244966 0.797655
0.245448 0.797805
0.245929 0.798789
0.24641 0.800116
0.246891 0.801559
0.247373 0.803046
0.247854 0.804934
0.248335 0.806655
0.248817 0.80814
0.249298 0.809625
0.249779 0.810904
0.25026 0.812733
0.250742 0.814792
0.251223 0.816229
0.251704 0.817464
0.252185 0.819659
0.252667 0.820976
0.253148 0.822641
0.253629 0.82417
0.25411 0.826071
0.254592 0.828258
0.255073 0.830682
0.255554 0.831085
0.256036 0.832047
0.256517 0.833747
0.256998 0.835304
0.257479 0.83633
0.257961 0.837939
0.258442 0.839513
0.258923 0.840738
0.259404 0.842264
0.259886 0.844353
0.260367 0.845946
0.260848 0.846702
0.26133 0.848184
0.261811 0.848621
0.262292 0.849801
0.262773 0.851194
0.263255 0.852181
0.263736 0.854075
0.264217 0.855587
0.264698 0.858114
0.26518 0.85922
0.265661 0.86038
0.266142 0.861864
0.266623 0.863046
0.267105 0.865098
0.267586 0.866303
0.268067 0.867907
0.268549 0.869456
0.26903 0.870725
0.269511 0.871779
0.269992 0.872575
0.270474 0.874033
0.270955 0.875509
0.271436 0.876997
0.271917 0.878701
0.272399 0.880608
0.27288 0.882185
0.273361 0.88413
0.273843 0.88503
0.274324 0.886014
0.274805 0.886961
0.275286 0.887682
0.275768 0.888444
0.276249 0.89133
0.27673 0.892751
0.277211 0.894651
0.277693 0.895932
0.278174 0.897048
0.278655 0.897958
0.279137 0.8989
0.279618 0.900912
0.280099 0.903036
0.28058 0.904358
0.281062 0.905938
0.281543 0.907129
0.282024 0.907458
0.282505 0.909453
0.282987 0.910776
0.283468 0.912261
0.283949 0.91269
0.28443 0.914851
0.284912 0.91582
0.285393 0.916953
0.285874 0.91886
0.286356 0.920157
0.286837 0.920516
0.287318 0.92195
0.287799 0.923764
0.288281 0.924892
0.288762 0.926615
0.289243 0.928215
0.289724 0.928785
0.290206 0.929809
0.290687 0.931122
0.291168 0.932437
0.29165 0.933652
0.292131 0.934323
0.292612 0.935374
0.293093 0.936881
0.293575 0.937907
0.294056 0.939607
0.294537 0.941126
0.295018 0.94337
0.2955 0.943834
0.295981 0.945289
0.296462 0.946542
0.296943 0.949057
0.297425 0.951438
0.297906 0.953025
0.298387 0.954394
0.298869 0.956107
0.29935 0.958115
0.299831 0.959618
0.300312 0.961803
0.300794 0.963158
0.301275 0.964731
0.301756 0.966146
0.302237 0.968017
0.302719 0.969558
0.3032 0.971113
0.303681 0.972921
0.304163 0.974013
0.304644 0.975628
0.305125 0.977568
0.305606 0.978945
0.306088 0.980953
0.306569 0.983506
0.30705 0.984762
0.307531 0.98586
0.308013 0.988048
0.308494 0.98901
0.308975 0.990795
0.309457 0.991686
0.309938 0.993375
0.310419 0.994269
0.3109 0.995857
0.311382 0.998465
0.311863 1.00108
0.312344 1.00305
0.312825 1.00529
0.313307 1.00706
0.313788 1.00793
0.314269 1.00947
0.31475 1.01108
0.315232 1.01376
0.315713 1.01422
0.316194 1.01563
0.316676 1.01685
0.317157 1.01851
0.317638 1.02098
0.318119 1.02136
0.318601 1.02232
0.319082 1.0232
0.319563 1.02377
0.320044 1.02576
0.320526 1.02811
0.321007 1.03037
0.321488 1.03211
0.32197 1.03366
0.322451 1.03526
0.322932 1.03573
0.323413 1.03662
0.323895 1.03877
0.324376 1.04144
0.324857 1.04336
0.325338 1.0443
0.32582 1.04536
0.326301 1.04649
0.326782 1.04711
0.327264 1.04879
0.327745 1.05071
0.328226 1.05256
0.328707 1.0531
0.329189 1.05468
0.32967 1.05627
0.330151 1.05777
0.330632 1.05911
0.331114 1.05951
0.331595 1.06103
0.332076 1.06188
0.332557 1.06366
0.333039 1.06491
0.33352 1.06704
0.334001 1.06985
0.334483 1.07042
0.334964 1.07161
0.335445 1.07288
0.335926 1.07437
0.336408 1.07599
0.336889 1.07841
0.33737 1.08082
0.337851 1.08048
0.338333 1.08168
0.338814 1.08326
0.339295 1.08419
0.339777 1.08549
0.340258 1.08695
0.340739 1.08824
0.34122 1.08989
0.341702 1.0919
0.342183 1.0937
0.342664 1.09555
0.343145 1.09781
0.343627 1.09875
0.344108 1.10108
0.344589 1.10301
0.34507 1.10411
0.345552 1.10521
0.346033 1.10632
0.346514 1.10753
0.346996 1.10989
0.347477 1.11134
0.347958 1.11389
0.348439 1.11528
0.348921 1.11642
0.349402 1.11813
0.349883 1.11879
0.350364 1.12082
0.350846 1.12231
0.351327 1.12336
0.351808 1.12332
0.35229 1.12442
0.352771 1.12575
0.353252 1.12626
0.353733 1.12704
0.354215 1.12878
0.354696 1.13039
0.355177 1.1306
0.355658 1.132
0.35614 1.13325
0.356621 1.13613
0.357102 1.13884
0.357584 1.14045
0.358065 1.14172
0.358546 1.14427
0.359027 1.14535
0.359509 1.14641
0.35999 1.1482
0.360471 1.14768
0.360952 1.14962
0.361434 1.15006
0.361915 1.15179
0.362396 1.15263
0.362877 1.15367
0.363359 1.15503
0.36384 1.15592
0.364321 1.15669
0.364803 1.15823
0.365284 1.15986
0.365765 1.16099
0.366246 1.16185
0.366728 1.16339
0.367209 1.16547
0.36769 1.16604
0.368171 1.16798
0.368653 1.16898
0.369134 1.17032
0.369615 1.17149
0.370097 1.17235
0.370578 1.17434
0.371059 1.17533
0.37154 1.17662
0.372022 1.17876
0.372503 1.1807
0.372984 1.18229
0.373465 1.18456
0.373947 1.18562
0.374428 1.18599
0.374909 1.1869
0.37539 1.18791
0.375872 1.1889
0.376353 1.19053
0.376834 1.19113
0.377316 1.19189
0.377797 1.19311
0.378278 1.1942
0.378759 1.19585
0.379241 1.19747
0.379722 1.20051
0.380203 1.20208
0.380684 1.20324
0.381166 1.20471
0.381647 1.20475
0.382128 1.20598
0.38261 1.20674
0.383091 1.20871
0.383572 1.21041
0.384053 1.20981
0.384535 1.21021
0.385016 1.21116
0.385497 1.21159
0.385978 1.21451
0.38646 1.21586
0.386941 1.21665
0.387422 1.21787
0.387904 1.2189
0.388385 1.21945
0.388866 1.21937
0.389347 1.22131
0.389829 1.22304
0.39031 1.22338
0.390791 1.22475
0.391272 1.22558
0.391754 1.22653
0.392235 1.22774
0.392716 1.22974
0.393197 1.23041
0.393679 1.23086
0.39416 1.2334
0.394641 1.23523
0.395123 1.23591
0.395604 1.23762
0.396085 1.23859
0.396566 1.23987
0.397048 1.2415
0.397529 1.24345
0.39801 1.24449
0.398491 1.24563
0.398973 1.24684
0.399454 1.24867
0.399935 1.25034
0.400417 1.25313
0.400898 1.25394
0.401379 1.25602
0.40186 1.25669
0.402342 1.25814
0.402823 1.2598
0.403304 1.26077
0.403785 1.26183
0.404267 1.26172
0.404748 1.26374
0.405229 1.26479
0.40571 1.26574
0.406192 1.26705
0.406673 1.26872
0.407154 1.27046
0.407636 1.27106
0.408117 1.27392
0.408598 1.27486
0.409079 1.27679
0.409561 1.2788
0.410042 1.27997
0.410523 1.28114
0.411004 1.28234
0.411486 1.28377
0.411967 1.28501
0.412448 1.28598
0.41293 1.2867
0.413411 1.28863
0.413892 1.28969
0.414373 1.29059
0.414855 1.29272
0.415336 1.29456
0.415817 1.2966
0.416298 1.29812
0.41678 1.29906
0.417261 1.29962
0.417742 1.30076
0.418224 1.30312
0.418705 1.30381
0.419186 1.30574
0.419667 1.30666
0.420149 1.30954
0.42063 1.3102
0.421111 1.31133
0.421592 1.31281
0.422074 1.31382
0.422555 1.31581
0.423036 1.31585
0.423517 1.31844
0.423999 1.31839
0.42448 1.31897
0.424961 1.32118
0.425443 1.3217
0.425924 1.3217
0.426405 1.32208
0.426886 1.32533
0.427368 1.32688
0.427849 1.32828
0.42833 1.33081
0.428811 1.33265
0.429293 1.33488
0.429774 1.33691
0.430255 1.33803
0.430737 1.33952
0.431218 1.34091
0.431699 1.34206
0.43218 1.34248
0.432662 1.34363
0.433143 1.34487
0.433624 1.34581
0.434105 1.34786
0.434587 1.34864
0.435068 1.35002
0.435549 1.35229
0.43603 1.35431
0.436512 1.3564
0.436993 1.35846
0.437474 1.35817
0.437956 1.35902
0.438437 1.36076
0.438918 1.3628
0.439399 1.36482
0.439881 1.36575
0.440362 1.36608
0.440843 1.36791
0.441324 1.36776
0.441806 1.37054
0.442287 1.37232
0.442768 1.37373
0.44325 1.37468
0.443731 1.3754
0.444212 1.37603
0.444693 1.37713
0.445175 1.37793
0.445656 1.38009
0.446137 1.38178
0.446618 1.38477
0.4471 1.38619
0.447581 1.38842
0.448062 1.39003
0.448544 1.39059
0.449025 1.39339
0.449506 1.39565
0.449987 1.39755
0.450469 1.39771
0.45095 1.39797
0.451431 1.39914
0.451912 1.39914
0.452394 1.40107
0.452875 1.40283
0.453356 1.40327
0.453837 1.40401
0.454319 1.40576
0.4548 1.40635
0.455281 1.40763
0.455763 1.40874
0.456244 1.41081
0.456725 1.41263
0.457206 1.41238
0.457688 1.41466
0.458169 1.41612
0.45865 1.41786
0.459131 1.41918
0.459613 1.42057
0.460094 1.42213
0.460575 1.4238
0.461057 1.42535
0.461538 1.42742
0.462019 1.42873
0.4625 1.42996
0.462982 1.43149
0.463463 1.43232
0.463944 1.43484
0.464425 1.43646
0.464907 1.43832
0.465388 1.43978
0.465869 1.44164
0.46635 1.44293
0.466832 1.44398
0.467313 1.44479
0.467794 1.44549
0.468276 1.44665
0.468757 1.44659
0.469238 1.44852
0.469719 1.45101
0.470201 1.45101
0.470682 1.45325
0.471163 1.4538
0.471644 1.45562
0.472126 1.45673
0.472607 1.45784
0.473088 1.45961
0.47357 1.46014
0.474051 1.46188
0.474532 1.4618
0.475013 1.46299
0.475495 1.46444
0.475976 1.46633
0.476457 1.46671
0.476938 1.46687
0.47742 1.46841
0.477901 1.47088
0.478382 1.47329
0.478864 1.47398
0.479345 1.47357
0.479826 1.47522
0.480307 1.47573
0.480789 1.47654
0.48127 1.47788
0.481751 1.48015
0.482232 1.48109
0.482714 1.48266
0.483195 1.48466
0.483676 1.48633
0.484157 1.48781
0.484639 1.48867
0.48512 1.48964
0.485601 1.49013
0.486083 1.49178
0.486564 1.49249
0.487045 1.49353
0.487526 1.49619
0.488008 1.49706
0.488489 1.49867
0.48897 1.50072
0.489451 1.50185
0.489933 1.50224
0.490414 1.50456
