0 0
0.00048127 0.00188727
0.00096254 0.00380939
0.00144381 0.0056629
0.00192508 0.00752595
0.00240635 0.00939698
0.00288762 0.0113836
0.00336889 0.0132819
0.00385016 0.0151644
0.00433143 0.0169551
0.0048127 0.0187547
0.00529397 0.0205735
0.00577524 0.0224981
0.00625651 0.0243711
0.00673778 0.0263678
0.00721905 0.0284824
0.00770032 0.0305133
0.00818159 0.0324983
0.00866286 0.0344579
0.00914413 0.036486
0.0096254 0.0384254
0.0101067 0.0402456
0.0105879 0.0421152
0.0110692 0.044325
0.0115505 0.0461759
0.0120317 0.0480137
0.012513 0.0499863
0.0129943 0.0518238
0.0134756 0.0536463
0.0139568 0.0557396
0.0144381 0.057572
0.0149194 0.0594531
0.0154006 0.0610632
0.0158819 0.0630285
0.0163632 0.0649772
0.0168444 0.0668544
0.0173257 0.0687632
0.017807 0.0706343
0.0182883 0.0723782
0.0187695 0.0742827
0.0192508 0.0763542
0.0197321 0.078077
0.0202133 0.079818
0.0206946 0.0816699
0.0211759 0.0833047
0.0216571 0.0850026
0.0221384 0.0870742
0.0226197 0.0887365
0.023101 0.0907051
0.0235822 0.0925787
0.0240635 0.0942685
0.0245448 0.0960288
0.025026 0.09766
0.0255073 0.0996591
0.0259886 0.101452
0.0264698 0.102929
0.0269511 0.104612
0.0274324 0.106242
0.0279137 0.108178
0.0283949 0.10972
0.0288762 0.111401
0.0293575 0.113126
0.0298387 0.114854
0.03032 0.116385
0.0308013 0.118118
0.0312825 0.119772
0.0317638 0.121287
0.0322451 0.123247
0.0327264 0.124582
0.0332076 0.125938
0.0336889 0.127299
0.0341702 0.129097
0.0346514 0.130853
0.0351327 0.132683
0.035614 0.134381
0.0360952 0.135987
0.0365765 0.137221
0.0370578 0.139256
0.037539 0.141021
0.0380203 0.142526
0.0385016 0.144173
0.0389829 0.145979
0.0394641 0.147713
0.0399454 0.148905
0.0404267 0.150489
0.0409079 0.15177
0.0413892 0.153677
0.0418705 0.154757
0.0423517 0.156783
0.042833 0.158667
0.0433143 0.160454
0.0437956 0.161843
0.0442768 0.163317
0.0447581 0.164575
0.0452394 0.16608
0.0457206 0.167937
0.0462019 0.16953
0.0466832 0.171265
0.0471644 0.173072
0.0476457 0.174905
0.048127 0.176526
0.0486083 0.177967
0.0490895 0.179591
0.0495708 0.181755
0.0500521 0.183498
0.0505333 0.184699
0.0510146 0.18642
0.0514959 0.187703
0.0519771 0.189375
0.0524584 0.191138
0.0529397 0.19232
0.053421 0.193886
0.0539022 0.195194
0.0543835 0.196781
0.0548648 0.198785
0.055346 0.200503
0.0558273 0.201844
0.0563086 0.203364
0.0567898 0.205092
0.0572711 0.206436
0.0577524 0.208102
0.0582337 0.209977
0.0587149 0.212181
0.0591962 0.213392
0.0596775 0.214694
0.0601587 0.215988
0.06064 0.217328
0.0611213 0.218931
0.0616025 0.220751
0.0620838 0.2228
0.0625651 0.224875
0.0630464 0.226123
0.0635276 0.22734
0.0640089 0.228551
0.0644902 0.230397
0.0649714 0.23178
0.0654527 0.232789
0.065934 0.234364
0.0664152 0.235576
0.0668965 0.236663
0.0673778 0.238201
0.067859 0.239732
0.0683403 0.241591
0.0688216 0.243344
0.0693029 0.24432
0.0697841 0.245578
0.0702654 0.247384
0.0707467 0.248828
0.0712279 0.250019
0.0717092 0.251922
0.0721905 0.253897
0.0726717 0.255584
0.073153 0.256633
0.0736343 0.257984
0.0741156 0.259805
0.0745968 0.261261
0.0750781 0.263073
0.0755594 0.264707
0.0760406 0.266543
0.0765219 0.267975
0.0770032 0.269097
0.0774844 0.27025
0.0779657 0.272139
0.078447 0.273402
0.0789283 0.275408
0.0794095 0.276983
0.0798908 0.278423
0.0803721 0.281138
0.0808533 0.28304
0.0813346 0.284673
0.0818159 0.286405
0.0822971 0.288218
0.0827784 0.289927
0.0832597 0.29106
0.083741 0.292799
0.0842222 0.294621
0.0847035 0.296454
0.0851848 0.297953
0.085666 0.299899
0.0861473 0.301032
0.0866286 0.302313
0.0871098 0.303928
0.0875911 0.305785
0.0880724 0.307543
0.0885537 0.309448
0.0890349 0.311725
0.0895162 0.313274
0.0899975 0.315086
0.0904787 0.316673
0.09096 0.317764
0.0914413 0.319597
0.0919225 0.320902
0.0924038 0.322574
0.0928851 0.324493
0.0933664 0.326069
0.0938476 0.328081
0.0943289 0.32954
0.0948102 0.330686
0.0952914 0.331692
0.0957727 0.332948
0.096254 0.334509
0.0967352 0.335572
0.0972165 0.337249
0.0976978 0.338649
0.0981791 0.340367
0.0986603 0.342106
0.0991416 0.34388
0.0996229 0.345577
0.100104 0.346573
0.100585 0.348166
0.101067 0.349589
0.101548 0.351266
0.102029 0.352716
0.10251 0.354424
0.102992 0.356274
0.103473 0.357525
0.103954 0.358649
0.104436 0.359709
0.104917 0.36112
0.105398 0.362568
0.105879 0.364249
0.106361 0.36526
0.106842 0.367009
0.107323 0.368333
0.107804 0.370007
0.108286 0.371102
0.108767 0.372835
0.109248 0.373975
0.10973 0.375567
0.110211 0.377134
0.110692 0.378462
0.111173 0.379523
0.111655 0.381218
0.112136 0.382785
0.112617 0.383911
0.113098 0.385033
0.11358 0.386821
0.114061 0.388296
0.114542 0.390204
0.115023 0.392302
0.115505 0.392551
0.115986 0.393423
0.116467 0.394538
0.116949 0.395695
0.11743 0.397435
0.117911 0.399386
0.118392 0.400391
0.118874 0.402428
0.119355 0.403575
0.119836 0.404629
0.120317 0.405718
0.120799 0.407295
0.12128 0.408573
0.121761 0.409977
0.122243 0.411896
0.122724 0.413496
0.123205 0.415377
0.123686 0.417322
0.124168 0.418082
0.124649 0.419723
0.12513 0.421721
0.125611 0.423484
0.126093 0.424772
0.126574 0.426601
0.127055 0.427305
0.127537 0.429364
0.128018 0.430412
0.128499 0.431624
0.12898 0.433242
0.129462 0.434501
0.129943 0.436118
0.130424 0.438039
0.130905 0.440136
0.131387 0.441776
0.131868 0.443205
0.132349 0.4453
0.13283 0.447081
0.133312 0.448643
0.133793 0.449698
0.134274 0.451705
0.134756 0.453681
0.135237 0.454849
0.135718 0.456202
0.136199 0.457853
0.136681 0.459293
0.137162 0.460825
0.137643 0.462126
0.138124 0.463845
0.138606 0.465051
0.139087 0.46662
0.139568 0.468141
0.14005 0.469704
0.140531 0.471287
0.141012 0.473084
0.141493 0.474481
0.141975 0.47691
0.142456 0.478269
0.142937 0.479409
0.143418 0.480909
0.1439 0.483109
0.144381 0.48429
0.144862 0.486018
0.145343 0.487616
0.145825 0.489468
0.146306 0.490758
0.146787 0.492689
0.147269 0.494382
0.14775 0.495818
0.148231 0.496673
0.148712 0.49803
0.149194 0.49904
0.149675 0.500913
0.150156 0.502115
0.150637 0.503585
0.151119 0.505504
0.1516 0.507467
0.152081 0.508856
0.152563 0.510524
0.153044 0.5123
0.153525 0.513619
0.154006 0.515116
0.154488 0.516574
0.154969 0.517611
0.15545 0.518861
0.155931 0.519906
0.156413 0.521044
0.156894 0.523143
0.157375 0.525028
0.157857 0.526379
0.158338 0.528018
0.158819 0.529337
0.1593 0.530404
0.159782 0.531858
0.160263 0.533544
0.160744 0.5359
0.161225 0.537796
0.161707 0.539913
0.162188 0.540501
0.162669 0.541392
0.16315 0.543575
0.163632 0.545541
0.164113 0.54675
0.164594 0.54816
0.165076 0.550266
0.165557 0.551733
0.166038 0.553601
0.166519 0.554979
0.167001 0.556386
0.167482 0.557227
0.167963 0.558712
0.168444 0.560983
0.168926 0.562449
0.169407 0.563686
0.169888 0.565625
0.17037 0.567696
0.170851 0.569318
0.171332 0.570721
0.171813 0.572926
0.172295 0.575065
0.172776 0.575909
0.173257 0.576735
0.173738 0.578495
0.17422 0.580292
0.174701 0.58138
0.175182 0.583375
0.175663 0.585143
0.176145 0.587144
0.176626 0.589389
0.177107 0.591112
0.177589 0.592943
0.17807 0.595184
0.178551 0.596566
0.179032 0.597698
0.179514 0.5992
0.179995 0.600293
0.180476 0.60168
0.180957 0.603263
0.181439 0.605066
0.18192 0.606506
0.182401 0.608047
0.182883 0.609613
0.183364 0.610704
0.183845 0.612424
0.184326 0.613277
0.184808 0.614825
0.185289 0.617768
0.18577 0.6191
0.186251 0.620714
0.186733 0.621501
0.187214 0.622931
0.187695 0.624808
0.188177 0.626138
0.188658 0.627209
0.189139 0.629012
0.18962 0.630634
0.190102 0.631985
0.190583 0.633394
0.191064 0.635045
0.191545 0.636219
0.192027 0.638003
0.192508 0.640115
0.192989 0.641816
0.19347 0.643013
0.193952 0.644638
0.194433 0.644885
0.194914 0.647123
0.195396 0.648856
0.195877 0.650883
0.196358 0.65308
0.196839 0.654126
0.197321 0.655113
0.197802 0.656114
0.198283 0.658046
0.198764 0.659174
0.199246 0.660765
0.199727 0.662338
0.200208 0.664279
0.20069 0.665593
0.201171 0.667823
0.201652 0.668951
0.202133 0.670564
0.202615 0.672036
0.203096 0.67453
0.203577 0.675876
0.204058 0.67641
0.20454 0.677038
0.205021 0.67876
0.205502 0.68061
0.205983 0.681494
0.206465 0.682534
0.206946 0.683577
0.207427 0.685118
0.207909 0.686376
0.20839 0.687233
0.208871 0.688331
0.209352 0.689705
0.209834 0.691143
0.210315 0.692544
0.210796 0.693808
0.211277 0.696035
0.211759 0.697054
0.21224 0.698875
0.212721 0.700526
0.213203 0.70247
0.213684 0.703978
0.214165 0.70526
0.214646 0.706977
0.215128 0.709053
0.215609 0.711397
0.21609 0.713565
0.216571 0.715241
0.217053 0.715667
0.217534 0.717329
0.218015 0.719133
0.218497 0.720721
0.218978 0.72211
0.219459 0.722938
0.21994 0.724065
0.220422 0.725263
0.220903 0.726891
0.221384 0.729051
0.221865 0.730747
0.222347 0.732367
0.222828 0.733845
0.223309 0.735409
0.22379 0.736896
0.224272 0.737383
0.224753 0.739276
0.225234 0.741261
0.225716 0.742026
0.226197 0.74363
0.226678 0.744297
0.227159 0.745998
0.227641 0.747283
0.228122 0.748147
0.228603 0.74861
0.229084 0.749637
0.229566 0.75116
0.230047 0.751428
0.230528 0.753224
0.23101 0.754755
0.231491 0.756293
0.231972 0.757929
0.232453 0.758646
0.232935 0.760391
0.233416 0.76067
0.233897 0.761443
0.234378 0.762892
0.23486 0.764057
0.235341 0.765033
0.235822 0.766827
0.236303 0.768905
0.236785 0.770127
0.237266 0.773046
0.237747 0.773238
0.238229 0.775447
0.23871 0.776009
0.239191 0.777128
0.239672 0.77862
0.240154 0.780463
0.240635 0.781633
0.241116 0.782419
0.241597 0.784486
0.242079 0.784949
0.24256 0.786297
0.243041 0.787831
0.243523 0.790281
0.244004 0.791307
0.244485 0.791842
0.244966 0.793559
0.245448 0.7947
0.245929 0.79663
0.24641 0.797875
0.246891 0.798675
0.247373 0.799158
0.247854 0.801677
0.248335 0.802562
0.248817 0.80401
0.249298 0.804809
0.249779 0.806113
0.25026 0.806835
0.250742 0.807961
0.251223 0.809481
0.251704 0.81125
0.252185 0.812358
0.252667 0.813878
0.253148 0.814369
0.253629 0.815506
0.25411 0.817249
0.254592 0.818754
0.255073 0.820061
0.255554 0.821572
0.256036 0.822894
0.256517 0.824852
0.256998 0.826946
0.257479 0.828524
0.257961 0.82922
0.258442 0.83091
0.258923 0.831685
0.259404 0.832654
0.259886 0.833224
0.260367 0.834467
0.260848 0.83711
0.26133 0.839898
0.261811 0.840931
0.262292 0.842194
0.262773 0.843313
0.263255 0.844521
0.263736 0.845798
0.264217 0.846828
0.264698 0.848089
0.26518 0.850198
0.265661 0.851284
0.266142 0.852732
0.266623 0.853466
0.267105 0.855113
0.267586 0.857016
0.268067 0.859147
0.268549 0.86171
0.26903 0.862947
0.269511 0.865003
0.269992 0.865482
0.270474 0.866955
0.270955 0.868399
0.271436 0.870003
0.271917 0.873318
0.272399 0.874905
0.27288 0.877338
0.273361 0.877421
0.273843 0.878855
0.274324 0.878486
0.274805 0.879593
0.275286 0.881044
0.275768 0.882049
0.276249 0.88375
0.27673 0.884919
0.277211 0.886106
0.277693 0.888371
0.278174 0.889691
0.278655 0.890678
0.279137 0.892953
0.279618 0.895185
0.280099 0.896069
0.28058 0.898285
0.281062 0.899296
0.281543 0.899816
0.282024 0.901134
0.282505 0.903036
0.282987 0.906033
0.283468 0.908621
0.283949 0.910676
0.28443 0.912433
0.284912 0.913523
0.285393 0.915249
0.285874 0.916576
0.286356 0.91673
0.286837 0.918626
0.287318 0.920651
0.287799 0.92313
0.288281 0.924674
0.288762 0.925431
0.289243 0.927465
0.289724 0.927924
0.290206 0.929248
0.290687 0.930748
0.291168 0.931026
0.29165 0.933187
0.292131 0.935033
0.292612 0.936508
0.293093 0.93847
0.293575 0.940262
0.294056 0.941949
0.294537 0.942754
0.295018 0.944584
0.2955 0.947284
0.295981 0.948799
0.296462 0.950204
0.296943 0.952038
0.297425 0.953948
0.297906 0.955469
0.298387 0.95626
0.298869 0.95811
0.29935 0.959482
0.299831 0.960366
0.300312 0.962235
0.300794 0.963216
0.301275 0.963955
0.301756 0.964751
0.302237 0.967265
0.302719 0.968397
0.3032 0.969305
0.303681 0.971717
0.304163 0.974134
0.304644 0.976374
0.305125 0.978264
0.305606 0.979266
0.306088 0.980416
0.306569 0.981262
0.30705 0.983372
0.307531 0.985884
0.308013 0.987624
0.308494 0.987998
0.308975 0.989921
0.309457 0.992377
0.309938 0.993416
0.310419 0.995067
0.3109 0.996877
0.311382 0.998338
0.311863 1.00037
0.312344 1.00168
0.312825 1.00211
0.313307 1.00289
0.313788 1.00326
0.314269 1.00505
0.31475 1.00643
0.315232 1.00758
0.315713 1.00974
0.316194 1.01104
0.316676 1.01216
0.317157 1.01337
0.317638 1.01454
0.318119 1.01538
0.318601 1.01687
0.319082 1.0187
0.319563 1.02102
0.320044 1.02312
0.320526 1.02468
0.321007 1.02704
0.321488 1.0291
0.32197 1.03114
0.322451 1.03205
0.322932 1.03293
0.323413 1.03471
0.323895 1.03606
0.324376 1.0378
0.324857 1.04001
0.325338 1.04151
0.32582 1.04335
0.326301 1.04412
0.326782 1.04539
0.327264 1.04791
0.327745 1.0495
0.328226 1.05063
0.328707 1.0514
0.329189 1.05226
0.32967 1.05278
0.330151 1.05364
0.330632 1.05593
0.331114 1.05777
0.331595 1.05916
0.332076 1.06095
0.332557 1.06319
0.333039 1.0637
0.33352 1.06517
0.334001 1.06718
0.334483 1.06989
0.334964 1.07038
0.335445 1.07218
0.335926 1.07447
0.336408 1.07614
0.336889 1.07816
0.33737 1.07922
0.337851 1.08039
0.338333 1.08217
0.338814 1.08459
0.339295 1.0862
0.339777 1.08754
0.340258 1.0887
0.340739 1.09072
0.34122 1.09271
0.341702 1.09352
0.342183 1.09505
0.342664 1.09741
0.343145 1.09923
0.343627 1.10044
0.344108 1.10159
0.344589 1.10327
0.34507 1.1055
0.345552 1.10589
0.346033 1.10838
0.346514 1.11027
0.346996 1.11109
0.347477 1.11197
0.347958 1.11269
0.348439 1.11501
0.348921 1.1164
0.349402 1.1169
0.349883 1.11904
0.350364 1.12136
0.350846 1.12178
0.351327 1.12292
0.351808 1.12256
0.35229 1.12301
0.352771 1.12376
0.353252 1.12549
0.353733 1.12718
0.354215 1.13067
0.354696 1.13229
0.355177 1.1343
0.355658 1.13585
0.35614 1.13781
0.356621 1.13808
0.357102 1.13917
0.357584 1.14088
0.358065 1.14354
0.358546 1.14563
0.359027 1.14771
0.359509 1.14815
0.35999 1.14897
0.360471 1.15064
0.360952 1.15239
0.361434 1.15387
0.361915 1.1566
0.362396 1.1573
0.362877 1.15904
0.363359 1.1602
0.36384 1.16153
0.364321 1.16297
0.364803 1.16421
0.365284 1.16594
0.365765 1.16841
0.366246 1.16838
0.366728 1.17097
0.367209 1.17137
0.36769 1.17263
0.368171 1.17388
0.368653 1.17546
0.369134 1.17671
0.369615 1.17811
0.370097 1.17963
0.370578 1.18206
0.371059 1.18317
0.37154 1.1845
0.372022 1.18597
0.372503 1.18877
0.372984 1.19006
0.373465 1.19262
0.373947 1.19411
0.374428 1.19495
0.374909 1.19685
0.37539 1.19797
0.375872 1.19899
0.376353 1.19995
0.376834 1.20199
0.377316 1.20285
0.377797 1.2029
0.378278 1.20496
0.378759 1.20626
0.379241 1.20775
0.379722 1.2085
0.380203 1.20944
0.380684 1.21096
0.381166 1.21173
0.381647 1.21265
0.382128 1.21405
0.38261 1.21586
0.383091 1.21693
0.383572 1.21824
0.384053 1.21898
0.384535 1.22046
0.385016 1.22223
0.385497 1.22424
0.385978 1.22629
0.38646 1.22756
0.386941 1.22803
0.387422 1.22989
0.387904 1.23091
0.388385 1.23273
0.388866 1.23417
0.389347 1.23445
0.389829 1.2363
0.39031 1.23717
0.390791 1.23764
0.391272 1.24056
0.391754 1.24187
0.392235 1.24418
0.392716 1.24451
0.393197 1.24623
0.393679 1.24653
0.39416 1.24816
0.394641 1.25024
0.395123 1.25261
0.395604 1.25316
0.396085 1.25459
0.396566 1.25594
0.397048 1.25574
0.397529 1.25722
0.39801 1.2588
0.398491 1.25977
0.398973 1.26186
0.399454 1.26451
0.399935 1.26545
0.400417 1.26651
0.400898 1.26694
0.401379 1.26708
0.40186 1.2667
0.402342 1.26771
0.402823 1.27016
0.403304 1.27177
0.403785 1.27414
0.404267 1.27542
0.404748 1.27745
0.405229 1.27886
0.40571 1.27936
0.406192 1.28052
0.406673 1.28258
0.407154 1.28413
0.407636 1.28497
0.408117 1.28546
0.408598 1.28699
0.409079 1.28829
0.409561 1.28942
0.410042 1.2892
0.410523 1.29039
0.411004 1.29052
0.411486 1.29188
0.411967 1.29248
0.412448 1.29246
0.41293 1.2931
0.413411 1.29399
0.413892 1.29496
0.414373 1.29635
0.414855 1.29788
0.415336 1.29906
0.415817 1.30088
0.416298 1.30229
0.41678 1.30385
0.417261 1.30607
0.417742 1.30714
0.418224 1.30945
0.418705 1.31101
0.419186 1.31181
0.419667 1.31289
0.420149 1.31471
0.42063 1.31617
0.421111 1.31764
0.421592 1.31963
0.422074 1.32037
0.422555 1.32279
0.423036 1.32485
0.423517 1.32673
0.423999 1.32847
0.42448 1.32997
0.424961 1.33207
0.425443 1.33224
0.425924 1.33355
0.426405 1.33408
0.426886 1.33535
0.427368 1.33791
0.427849 1.33893
0.42833 1.33989
0.428811 1.34143
0.429293 1.34277
0.429774 1.34405
0.430255 1.34494
0.430737 1.34663
0.431218 1.34867
0.431699 1.35026
0.43218 1.35129
0.432662 1.35274
0.433143 1.35411
0.433624 1.35551
0.434105 1.35686
0.434587 1.35946
0.435068 1.35931
0.435549 1.36074
0.43603 1.36238
0.436512 1.36461
0.436993 1.36465
0.437474 1.36722
0.437956 1.36957
0.438437 1.3707
0.438918 1.37189
0.439399 1.37327
0.439881 1.37463
0.440362 1.37623
0.440843 1.37719
0.441324 1.37876
0.441806 1.37971
0.442287 1.38066
0.442768 1.38239
0.44325 1.38362
0.443731 1.38465
0.444212 1.38596
0.444693 1.3872
0.445175 1.38755
0.445656 1.38796
0.446137 1.38903
0.446618 1.38911
0.4471 1.39049
0.447581 1.39188
0.448062 1.39311
0.448544 1.39539
0.449025 1.39663
0.449506 1.39829
0.449987 1.39903
0.450469 1.4012
0.45095 1.40196
0.451431 1.40474
0.451912 1.40653
0.452394 1.40843
0.452875 1.41011
0.453356 1.41075
0.453837 1.41148
0.454319 1.41198
0.4548 1.41203
0.455281 1.4146
0.455763 1.41672
0.456244 1.41857
0.456725 1.42031
0.457206 1.42133
0.457688 1.42303
0.458169 1.42268
0.45865 1.42302
0.459131 1.42409
0.459613 1.42493
0.460094 1.42577
0.460575 1.42654
0.461057 1.42746
0.461538 1.42871
0.462019 1.43041
0.4625 1.43311
0.462982 1.43467
0.463463 1.43639
0.463944 1.43728
0.464425 1.43743
0.464907 1.44012
0.465388 1.44229
0.465869 1.44388
0.46635 1.44497
0.466832 1.44741
0.467313 1.44681
0.467794 1.44724
0.468276 1.4474
0.468757 1.44897
0.469238 1.45055
0.469719 1.45147
0.470201 1.45206
0.470682 1.45369
0.471163 1.455
0.471644 1.45532
0.472126 1.4567
0.472607 1.45742
0.473088 1.46009
0.47357 1.46085
0.474051 1.46255
0.474532 1.46444
0.475013 1.46556
0.475495 1.46727
0.475976 1.46769
0.476457 1.46881
0.476938 1.46936
0.47742 1.46889
0.477901 1.4698
0.478382 1.47098
0.478864 1.46989
0.479345 1.47067
0.479826 1.47217
0.480307 1.47292
0.480789 1.47399
0.48127 1.47527
0.481751 1.4756
0.482232 1.47653
0.482714 1.4764
0.483195 1.47703
0.483676 1.47855
0.484157 1.47974
0.484639 1.48183
0.48512 1.48297
0.485601 1.48404
0.486083 1.48443
0.486564 1.48691
0.487045 1.48897
0.487526 1.49095
0.488008 1.49181
0.488489 1.4933
0.48897 1.49398
0.489451 1.49497
0.489933 1.49678
0.490414 1.49945
