0 0
0.001 0.00369801
0.002 0.00749817
0.003 0.0112369
0.004 0.0149606
0.005 0.0185046
0.006 0.0223745
0.007 0.0261695
0.008 0.0296714
0.009 0.033508
0.01 0.0374571
0.011 0.0412953
0.012 0.0452324
0.013 0.0490851
0.014 0.0526463
0.015 0.0559895
0.016 0.0595915
0.017 0.0629914
0.018 0.0666356
0.019 0.0703779
0.02 0.0738051
0.021 0.0770148
0.022 0.0806457
0.023 0.0839785
0.024 0.0880756
0.025 0.0918839
0.026 0.0955074
0.027 0.0992476
0.028 0.10248
0.029 0.106398
0.03 0.109609
0.031 0.113158
0.032 0.11633
0.033 0.119951
0.034 0.123157
0.035 0.125715
0.036 0.129398
0.037 0.132671
0.038 0.135638
0.039 0.138555
0.04 0.141544
0.041 0.144917
0.042 0.148206
0.043 0.151316
0.044 0.154436
0.045 0.157137
0.046 0.160619
0.047 0.163982
0.048 0.16739
0.049 0.1708
0.05 0.173953
0.051 0.176606
0.052 0.179353
0.053 0.18286
0.054 0.186042
0.055 0.189367
0.056 0.192701
0.057 0.196005
0.058 0.198772
0.059 0.201507
0.06 0.204745
0.061 0.207623
0.062 0.210918
0.063 0.213596
0.064 0.216807
0.065 0.219658
0.066 0.222837
0.067 0.225917
0.068 0.229665
0.069 0.232474
0.07 0.235411
0.071 0.238383
0.072 0.241496
0.073 0.244083
0.074 0.247138
0.075 0.250269
0.076 0.253151
0.077 0.256135
0.078 0.259081
0.079 0.261948
0.08 0.264913
0.081 0.268109
0.082 0.271068
0.083 0.273583
0.084 0.276271
0.085 0.279053
0.086 0.281656
0.087 0.284657
0.088 0.287713
0.089 0.290333
0.09 0.292974
0.091 0.296865
0.092 0.299874
0.093 0.302953
0.094 0.305937
0.095 0.309396
0.096 0.312895
0.097 0.31557
0.098 0.318473
0.099 0.321271
0.1 0.325276
0.101 0.327077
0.102 0.329855
0.103 0.333131
0.104 0.336252
0.105 0.339405
0.106 0.340828
0.107 0.343698
0.108 0.345928
0.109 0.349242
0.11 0.350914
