0 0
0.001 0.00378641
0.002 0.00742702
0.003 0.0111405
0.004 0.014982
0.005 0.018701
0.006 0.0225291
0.007 0.0259469
0.008 0.0297323
0.009 0.0336566
0.01 0.0374316
0.011 0.0413098
0.012 0.0449328
0.013 0.048581
0.014 0.0524056
0.015 0.0562091
0.016 0.0598568
0.017 0.0632235
0.018 0.0667167
0.019 0.0703372
0.02 0.0741307
0.021 0.0776856
0.022 0.0809245
0.023 0.0843531
0.024 0.0877039
0.025 0.0913027
0.026 0.0948893
0.027 0.0986431
0.028 0.102439
0.029 0.106089
0.03 0.10924
0.031 0.112485
0.032 0.115683
0.033 0.118796
0.034 0.122064
0.035 0.125571
0.036 0.129195
0.037 0.132331
0.038 0.134818
0.039 0.13875
0.04 0.141732
0.041 0.144554
0.042 0.147977
0.043 0.15093
0.044 0.154047
0.045 0.157288
0.046 0.160129
0.047 0.163132
0.048 0.166031
0.049 0.168975
0.05 0.172012
0.051 0.175224
0.052 0.178937
0.053 0.182227
0.054 0.185339
0.055 0.188932
0.056 0.191705
0.057 0.195236
0.058 0.198083
0.059 0.201433
0.06 0.20404
0.061 0.206918
0.062 0.210207
0.063 0.21385
0.064 0.217041
0.065 0.21966
0.066 0.222862
0.067 0.225048
0.068 0.228171
0.069 0.230849
0.07 0.234128
0.071 0.236671
0.072 0.23972
0.073 0.242494
0.074 0.244927
0.075 0.247984
0.076 0.251467
0.077 0.254614
0.078 0.257438
0.079 0.260507
0.08 0.263456
0.081 0.266645
0.082 0.269436
0.083 0.272831
0.084 0.275652
0.085 0.27881
0.086 0.2817
0.087 0.285135
0.088 0.287607
0.089 0.290469
0.09 0.293366
0.091 0.296144
0.092 0.299113
0.093 0.301974
0.094 0.305467
0.095 0.307756
0.096 0.310867
0.097 0.31443
0.098 0.317628
0.099 0.320886
0.1 0.32404
0.101 0.327038
0.102 0.330724
0.103 0.333174
0.104 0.335794
0.105 0.338128
0.106 0.341343
0.107 0.343364
0.108 0.345567
0.109 0.348101
0.11 0.351302
