0 0
0.001 0.00372959
0.002 0.00765304
0.003 0.0114102
0.004 0.0151837
0.005 0.0189765
0.006 0.0225935
0.007 0.0264021
0.008 0.0301063
0.009 0.0339201
0.01 0.0374453
0.011 0.0409823
0.012 0.0444294
0.013 0.0478496
0.014 0.0514943
0.015 0.0553118
0.016 0.0589846
0.017 0.0623841
0.018 0.0662893
0.019 0.0703163
0.02 0.0741463
0.021 0.0776266
0.022 0.0814476
0.023 0.0850242
0.024 0.0882204
0.025 0.0917638
0.026 0.0952974
0.027 0.0983545
0.028 0.10184
0.029 0.105081
0.03 0.108173
0.031 0.111273
0.032 0.114855
0.033 0.118405
0.034 0.121207
0.035 0.124637
0.036 0.128029
0.037 0.131086
0.038 0.134406
0.039 0.13774
0.04 0.140805
0.041 0.144631
0.042 0.148123
0.043 0.151116
0.044 0.154804
0.045 0.157492
0.046 0.16154
0.047 0.165021
0.048 0.167869
0.049 0.17097
0.05 0.174097
0.051 0.176745
0.052 0.179607
0.053 0.182448
0.054 0.185256
0.055 0.188701
0.056 0.191704
0.057 0.194331
0.058 0.197178
0.059 0.199951
0.06 0.202691
0.061 0.205679
0.062 0.208733
0.063 0.211635
0.064 0.214415
0.065 0.216792
0.066 0.219846
0.067 0.222306
0.068 0.226125
0.069 0.229419
0.07 0.232613
0.071 0.235836
0.072 0.237985
0.073 0.241654
0.074 0.244676
0.075 0.24763
0.076 0.25072
0.077 0.253788
0.078 0.257203
0.079 0.260326
0.08 0.262977
0.081 0.26621
0.082 0.268843
0.083 0.2713
0.084 0.274243
0.085 0.277586
0.086 0.280084
0.087 0.28256
0.088 0.28552
0.089 0.289073
0.09 0.292103
0.091 0.295827
0.092 0.298315
0.093 0.300943
0.094 0.303579
0.095 0.30594
0.096 0.308878
0.097 0.312053
0.098 0.314882
0.099 0.317936
0.1 0.321032
0.101 0.323451
0.102 0.325803
0.103 0.328708
0.104 0.331775
0.105 0.334965
0.106 0.338122
0.107 0.340832
0.108 0.343868
0.109 0.346133
0.11 0.349355
