0 0
0.001 0.00369523
0.002 0.00749804
0.003 0.011237
0.004 0.0151197
0.005 0.0189516
0.006 0.0226573
0.007 0.026378
0.008 0.0302417
0.009 0.0338487
0.01 0.0379891
0.011 0.0419499
0.012 0.045755
0.013 0.0496066
0.014 0.0530006
0.015 0.0564999
0.016 0.0602081
0.017 0.0635438
0.018 0.0671872
0.019 0.071134
0.02 0.0745573
0.021 0.0783025
0.022 0.0821362
0.023 0.0856252
0.024 0.0890734
0.025 0.0920396
0.026 0.0953274
0.027 0.099144
0.028 0.102697
0.029 0.105927
0.03 0.109193
0.031 0.112484
0.032 0.115841
0.033 0.118992
0.034 0.122253
0.035 0.125637
0.036 0.128568
0.037 0.131852
0.038 0.135358
0.039 0.138388
0.04 0.1416
0.041 0.144164
0.042 0.147795
0.043 0.151597
0.044 0.15497
0.045 0.159018
0.046 0.162149
0.047 0.164855
0.048 0.167765
0.049 0.171141
0.05 0.174327
0.051 0.17738
0.052 0.180241
0.053 0.183525
0.054 0.186642
0.055 0.189882
0.056 0.19293
0.057 0.196353
0.058 0.199535
0.059 0.202483
0.06 0.205745
0.061 0.207792
0.062 0.210947
0.063 0.21385
0.064 0.21653
0.065 0.219962
0.066 0.223275
0.067 0.226158
0.068 0.229278
0.069 0.232233
0.07 0.234926
0.071 0.237219
0.072 0.239807
0.073 0.243091
0.074 0.246614
0.075 0.250034
0.076 0.252729
0.077 0.256609
0.078 0.26024
0.079 0.262636
0.08 0.265763
0.081 0.268207
0.082 0.271258
0.083 0.273464
0.084 0.276721
0.085 0.279106
0.086 0.281849
0.087 0.284693
0.088 0.288186
0.089 0.291522
0.09 0.294992
0.091 0.298
0.092 0.300938
0.093 0.304116
0.094 0.307597
0.095 0.31052
0.096 0.313263
0.097 0.316759
0.098 0.319596
0.099 0.322598
0.1 0.325975
0.101 0.329105
0.102 0.331059
0.103 0.33334
0.104 0.335573
0.105 0.339286
0.106 0.34249
0.107 0.34581
0.108 0.348661
0.109 0.351199
0.11 0.354662
