0 0
0.001 0.00370868
0.002 0.007473
0.003 0.011206
0.004 0.014946
0.005 0.018639
0.006 0.0223656
0.007 0.0257224
0.008 0.0294426
0.009 0.0334476
0.01 0.0371851
0.011 0.0408099
0.012 0.0446947
0.013 0.048661
0.014 0.0524314
0.015 0.0559817
0.016 0.0596467
0.017 0.0634117
0.018 0.0667872
0.019 0.0702245
0.02 0.0740265
0.021 0.0774894
0.022 0.0809619
0.023 0.0842959
0.024 0.0880186
0.025 0.0915475
0.026 0.0949111
0.027 0.0981537
0.028 0.101664
0.029 0.105387
0.03 0.108763
0.031 0.111805
0.032 0.115476
0.033 0.11896
0.034 0.121957
0.035 0.124764
0.036 0.127743
0.037 0.131071
0.038 0.134637
0.039 0.137451
0.04 0.140521
0.041 0.143523
0.042 0.146797
0.043 0.14988
0.044 0.152936
0.045 0.156346
0.046 0.159219
0.047 0.161819
0.048 0.164699
0.049 0.168231
0.05 0.170707
0.051 0.173827
0.052 0.176653
0.053 0.179994
0.054 0.183219
0.055 0.186354
0.056 0.189974
0.057 0.192564
0.058 0.195813
0.059 0.199617
0.06 0.20263
0.061 0.20485
0.062 0.208227
0.063 0.211215
0.064 0.213957
0.065 0.217003
0.066 0.219502
0.067 0.222704
0.068 0.225174
0.069 0.228464
0.07 0.231303
0.071 0.233535
0.072 0.236646
0.073 0.23998
0.074 0.243095
0.075 0.245941
0.076 0.249268
0.077 0.251641
0.078 0.254796
0.079 0.25837
0.08 0.261095
0.081 0.264124
0.082 0.26754
0.083 0.270591
0.084 0.27372
0.085 0.277525
0.086 0.279968
0.087 0.282608
0.088 0.28543
0.089 0.289187
0.09 0.292038
0.091 0.29476
0.092 0.297749
0.093 0.300342
0.094 0.30344
0.095 0.306586
0.096 0.309161
0.097 0.311225
0.098 0.313293
0.099 0.315814
0.1 0.318901
0.101 0.322397
0.102 0.326663
0.103 0.329638
0.104 0.331557
0.105 0.335405
0.106 0.337937
0.107 0.34172
0.108 0.344904
0.109 0.348189
0.11 0.351302
