0 0
0.001 0.00369411
0.002 0.00745259
0.003 0.0113253
0.004 0.0149188
0.005 0.0188939
0.006 0.0225429
0.007 0.026218
0.008 0.029982
0.009 0.0338805
0.01 0.0374937
0.011 0.0414367
0.012 0.0453762
0.013 0.0490606
0.014 0.0525708
0.015 0.056172
0.016 0.05998
0.017 0.0634505
0.018 0.0670459
0.019 0.0706667
0.02 0.0740759
0.021 0.0773022
0.022 0.0812503
0.023 0.0843134
0.024 0.0880581
0.025 0.0916065
0.026 0.0947778
0.027 0.0987334
0.028 0.101724
0.029 0.105343
0.03 0.108842
0.031 0.112588
0.032 0.11568
0.033 0.11896
0.034 0.122816
0.035 0.126415
0.036 0.12974
0.037 0.133007
0.038 0.136383
0.039 0.139585
0.04 0.143428
0.041 0.146147
0.042 0.149385
0.043 0.152392
0.044 0.15581
0.045 0.159102
0.046 0.162002
0.047 0.165055
0.048 0.168708
0.049 0.172052
0.05 0.175261
0.051 0.177959
0.052 0.181545
0.053 0.18439
0.054 0.18805
0.055 0.190746
0.056 0.193623
0.057 0.19659
0.058 0.199547
0.059 0.202761
0.06 0.206232
0.061 0.209314
0.062 0.212449
0.063 0.215656
0.064 0.219109
0.065 0.221709
0.066 0.224744
0.067 0.227557
0.068 0.230919
0.069 0.233771
0.07 0.23623
0.071 0.239353
0.072 0.242025
0.073 0.24503
0.074 0.247875
0.075 0.252
0.076 0.255301
0.077 0.258419
0.078 0.261282
0.079 0.264504
0.08 0.26772
0.081 0.270512
0.082 0.274253
0.083 0.278019
0.084 0.281306
0.085 0.284508
0.086 0.288042
0.087 0.291147
0.088 0.294465
0.089 0.29676
0.09 0.300177
0.091 0.302966
0.092 0.305915
0.093 0.308905
0.094 0.311815
0.095 0.314814
0.096 0.317246
0.097 0.319831
0.098 0.322951
0.099 0.3266
0.1 0.328775
0.101 0.332172
0.102 0.335147
0.103 0.337617
0.104 0.341202
0.105 0.343978
0.106 0.347305
0.107 0.349934
0.108 0.352711
0.109 0.355693
0.11 0.358354
