0 0
0.001 0.00376852
0.002 0.00743613
0.003 0.0111888
0.004 0.0150741
0.005 0.0189671
0.006 0.0225257
0.007 0.026151
0.008 0.0297884
0.009 0.033299
0.01 0.037119
0.011 0.0410995
0.012 0.0444243
0.013 0.0485055
0.014 0.0522969
0.015 0.0559055
0.016 0.0596678
0.017 0.0631838
0.018 0.0671571
0.019 0.0707237
0.02 0.0742874
0.021 0.0778323
0.022 0.0812387
0.023 0.0846542
0.024 0.088209
0.025 0.0916555
0.026 0.0949596
0.027 0.0979752
0.028 0.101827
0.029 0.105749
0.03 0.108736
0.031 0.112202
0.032 0.11545
0.033 0.119191
0.034 0.122771
0.035 0.12597
0.036 0.128497
0.037 0.130917
0.038 0.134489
0.039 0.137264
0.04 0.141037
0.041 0.144324
0.042 0.14792
0.043 0.151119
0.044 0.154354
0.045 0.157448
0.046 0.160212
0.047 0.163329
0.048 0.166636
0.049 0.169805
0.05 0.172708
0.051 0.176251
0.052 0.179997
0.053 0.182794
0.054 0.186362
0.055 0.189085
0.056 0.192289
0.057 0.195567
0.058 0.199005
0.059 0.201911
0.06 0.204641
0.061 0.207969
0.062 0.211466
0.063 0.214004
0.064 0.217153
0.065 0.220183
0.066 0.223307
0.067 0.226608
0.068 0.229701
0.069 0.233249
0.07 0.237238
0.071 0.240377
0.072 0.243304
0.073 0.245989
0.074 0.249013
0.075 0.252183
0.076 0.255559
0.077 0.258809
0.078 0.261736
0.079 0.264631
0.08 0.267209
0.081 0.270577
0.082 0.273322
0.083 0.276312
0.084 0.279508
0.085 0.282293
0.086 0.285536
0.087 0.288354
0.088 0.290607
0.089 0.29392
0.09 0.297381
0.091 0.299989
0.092 0.303182
0.093 0.306084
0.094 0.30847
0.095 0.31234
0.096 0.31553
0.097 0.318611
0.098 0.321456
0.099 0.32419
0.1 0.326975
0.101 0.330871
0.102 0.33354
0.103 0.336482
0.104 0.339396
0.105 0.342984
0.106 0.346609
0.107 0.349249
0.108 0.352562
0.109 0.35535
0.11 0.359152
