0 0
0.001 0.00371406
0.002 0.00736998
0.003 0.0112407
0.004 0.0148384
0.005 0.0186497
0.006 0.0222754
0.007 0.0260957
0.008 0.029676
0.009 0.0334448
0.01 0.0372247
0.011 0.0408532
0.012 0.0447367
0.013 0.0484991
0.014 0.0523944
0.015 0.0560176
0.016 0.0597124
0.017 0.0628241
0.018 0.0666736
0.019 0.0702232
0.02 0.0737524
0.021 0.0770128
0.022 0.0802328
0.023 0.0838505
0.024 0.0874219
0.025 0.0906414
0.026 0.0940864
0.027 0.0973576
0.028 0.10092
0.029 0.104474
0.03 0.108172
0.031 0.111604
0.032 0.114948
0.033 0.118204
0.034 0.12136
0.035 0.124894
0.036 0.127665
0.037 0.131159
0.038 0.134105
0.039 0.137483
0.04 0.140844
0.041 0.144022
0.042 0.147195
0.043 0.149994
0.044 0.152908
0.045 0.156004
0.046 0.158749
0.047 0.161686
0.048 0.164418
0.049 0.167918
0.05 0.171134
0.051 0.174241
0.052 0.177939
0.053 0.181207
0.054 0.184522
0.055 0.187238
0.056 0.189702
0.057 0.19273
0.058 0.195637
0.059 0.199004
0.06 0.201811
0.061 0.204728
0.062 0.20715
0.063 0.210784
0.064 0.21402
0.065 0.21659
0.066 0.219706
0.067 0.222562
0.068 0.225639
0.069 0.228671
0.07 0.2315
0.071 0.235366
0.072 0.238371
0.073 0.241709
0.074 0.244586
0.075 0.247589
0.076 0.250882
0.077 0.253949
0.078 0.257501
0.079 0.260532
0.08 0.263427
0.081 0.266942
0.082 0.270247
0.083 0.272592
0.084 0.27573
0.085 0.279184
0.086 0.28271
0.087 0.286759
0.088 0.289394
0.089 0.292184
0.09 0.296066
0.091 0.299792
0.092 0.302646
0.093 0.305307
0.094 0.307696
0.095 0.311074
0.096 0.314556
0.097 0.318244
0.098 0.320683
0.099 0.324161
0.1 0.32696
0.101 0.329377
0.102 0.332338
0.103 0.336448
0.104 0.33981
0.105 0.343736
0.106 0.347072
0.107 0.350067
0.108 0.353185
0.109 0.356065
0.11 0.35961
