0 0
0.001 0.00366475
0.002 0.00736897
0.003 0.0111383
0.004 0.0148383
0.005 0.0186601
0.006 0.022319
0.007 0.0260495
0.008 0.0296881
0.009 0.0332414
0.01 0.0372256
0.011 0.040986
0.012 0.0445711
0.013 0.0482945
0.014 0.0521466
0.015 0.0556672
0.016 0.0593737
0.017 0.0630843
0.018 0.0669411
0.019 0.0708857
0.02 0.0744235
0.021 0.0778188
0.022 0.0811035
0.023 0.0843562
0.024 0.0878778
0.025 0.0914225
0.026 0.0952281
0.027 0.0987883
0.028 0.102441
0.029 0.105243
0.03 0.108546
0.031 0.111264
0.032 0.114945
0.033 0.118457
0.034 0.12192
0.035 0.124958
0.036 0.12835
0.037 0.13196
0.038 0.135274
0.039 0.13831
0.04 0.141606
0.041 0.1442
0.042 0.147156
0.043 0.150739
0.044 0.15416
0.045 0.15776
0.046 0.161526
0.047 0.165584
0.048 0.168927
0.049 0.1721
0.05 0.175088
0.051 0.178059
0.052 0.18081
0.053 0.183737
0.054 0.186891
0.055 0.189685
0.056 0.192067
0.057 0.194995
0.058 0.197973
0.059 0.201065
0.06 0.203649
0.061 0.20644
0.062 0.208956
0.063 0.211253
0.064 0.214291
0.065 0.218027
0.066 0.221089
0.067 0.223905
0.068 0.227537
0.069 0.230202
0.07 0.233669
0.071 0.237685
0.072 0.241188
0.073 0.244543
0.074 0.247621
0.075 0.250122
0.076 0.253261
0.077 0.255867
0.078 0.258368
0.079 0.261696
0.08 0.264723
0.081 0.267399
0.082 0.269725
0.083 0.272789
0.084 0.276643
0.085 0.280182
0.086 0.2829
0.087 0.28662
0.088 0.289321
0.089 0.291407
0.09 0.294488
0.091 0.297586
0.092 0.299835
0.093 0.303564
0.094 0.306837
0.095 0.310208
0.096 0.313462
0.097 0.317153
0.098 0.320221
0.099 0.323387
0.1 0.325501
0.101 0.328382
0.102 0.330686
0.103 0.333862
0.104 0.337477
0.105 0.339767
0.106 0.342947
0.107 0.34539
0.108 0.348306
0.109 0.3521
0.11 0.354792
