0 0
0.001 0.00372733
0.002 0.00750574
0.003 0.011139
0.004 0.0147996
0.005 0.0184229
0.006 0.022262
0.007 0.0258741
0.008 0.0296304
0.009 0.0333419
0.01 0.0368412
0.011 0.0404309
0.012 0.0440896
0.013 0.0474762
0.014 0.0511817
0.015 0.0548399
0.016 0.058521
0.017 0.0617327
0.018 0.0652396
0.019 0.0685797
0.02 0.0721512
0.021 0.0758304
0.022 0.0794909
0.023 0.0832968
0.024 0.0859169
0.025 0.0889535
0.026 0.0925101
0.027 0.0961684
0.028 0.100119
0.029 0.103548
0.03 0.106978
0.031 0.110503
0.032 0.114232
0.033 0.117168
0.034 0.120892
0.035 0.124318
0.036 0.128142
0.037 0.131391
0.038 0.134864
0.039 0.137612
0.04 0.141014
0.041 0.144428
0.042 0.147411
0.043 0.150888
0.044 0.154503
0.045 0.15818
0.046 0.161297
0.047 0.164701
0.048 0.167836
0.049 0.170837
0.05 0.173368
0.051 0.177194
0.052 0.18038
0.053 0.184016
0.054 0.186867
0.055 0.190209
0.056 0.19292
0.057 0.196769
0.058 0.200067
0.059 0.203161
0.06 0.206317
0.061 0.209018
0.062 0.212193
0.063 0.215477
0.064 0.218061
0.065 0.221294
0.066 0.224004
0.067 0.226673
0.068 0.229405
0.069 0.232451
0.07 0.235071
0.071 0.238207
0.072 0.240945
0.073 0.244146
0.074 0.246711
0.075 0.249319
0.076 0.252761
0.077 0.25531
0.078 0.258227
0.079 0.260725
0.08 0.263665
0.081 0.267324
0.082 0.27071
0.083 0.274069
0.084 0.277594
0.085 0.280264
0.086 0.283019
0.087 0.285985
0.088 0.289598
0.089 0.292398
0.09 0.295231
0.091 0.298359
0.092 0.301341
0.093 0.303778
0.094 0.306583
0.095 0.309129
0.096 0.311901
0.097 0.314159
0.098 0.31706
0.099 0.320869
0.1 0.323598
0.101 0.326244
0.102 0.329018
0.103 0.332457
0.104 0.336203
0.105 0.338334
0.106 0.342514
0.107 0.34548
0.108 0.34775
0.109 0.349467
0.11 0.352822
