0 0
0.001 0.00391895
0.002 0.00784613
0.003 0.0116493
0.004 0.0154569
0.005 0.0192221
0.006 0.0232473
0.007 0.0273308
0.008 0.0309121
0.009 0.0346754
0.01 0.0384679
0.011 0.0426755
0.012 0.0466244
0.013 0.0508033
0.014 0.0543514
0.015 0.058009
0.016 0.0616202
0.017 0.0651493
0.018 0.0685191
0.019 0.0726451
0.02 0.0761275
0.021 0.0798411
0.022 0.0830924
0.023 0.0866363
0.024 0.0905439
0.025 0.0944423
0.026 0.0976767
0.027 0.100843
0.028 0.104546
0.029 0.10771
0.03 0.111428
0.031 0.115309
0.032 0.118968
0.033 0.121899
0.034 0.125303
0.035 0.128424
0.036 0.13152
0.037 0.134796
0.038 0.138278
0.039 0.141887
0.04 0.144994
0.041 0.147905
0.042 0.150841
0.043 0.153864
0.044 0.156625
0.045 0.160068
0.046 0.16339
0.047 0.16631
0.048 0.169354
0.049 0.172445
0.05 0.176079
0.051 0.179293
0.052 0.182346
0.053 0.185394
0.054 0.188916
0.055 0.192885
0.056 0.195674
0.057 0.199085
0.058 0.202127
0.059 0.204806
0.06 0.208061
0.061 0.211695
0.062 0.21513
0.063 0.219111
0.064 0.221907
0.065 0.225559
0.066 0.228737
0.067 0.231309
0.068 0.233583
0.069 0.23661
0.07 0.239688
0.071 0.243037
0.072 0.245795
0.073 0.248722
0.074 0.251362
0.075 0.255308
0.076 0.258213
0.077 0.260834
0.078 0.264053
0.079 0.266952
0.08 0.269416
0.081 0.272279
0.082 0.275511
0.083 0.278405
0.084 0.2816
0.085 0.284836
0.086 0.287824
0.087 0.291655
0.088 0.29446
0.089 0.296964
0.09 0.300362
0.091 0.304002
0.092 0.307543
0.093 0.31081
0.094 0.314159
0.095 0.318057
0.096 0.321391
0.097 0.325099
0.098 0.328224
0.099 0.33212
0.1 0.335581
0.101 0.338878
0.102 0.341152
0.103 0.344191
0.104 0.346863
0.105 0.349591
0.106 0.352326
0.107 0.35587
0.108 0.359411
0.109 0.362194
0.11 0.364724
0.111 0.367199
0.112 0.370188
0.113 0.372835
0.114 0.376546
0.115 0.37927
0.116 0.382574
0.117 0.385351
0.118 0.389004
0.119 0.392202
0.12 0.396368
0.121 0.39932
0.122 0.401731
0.123 0.403657
0.124 0.406781
0.125 0.409391
0.126 0.411589
0.127 0.414118
0.128 0.418533
0.129 0.420792
0.13 0.423175
0.131 0.426813
0.132 0.430011
0.133 0.433738
0.134 0.435987
0.135 0.43832
0.136 0.441091
0.137 0.443735
0.138 0.446634
0.139 0.450045
0.14 0.452744
0.141 0.456153
0.142 0.458629
0.143 0.460967
0.144 0.463082
0.145 0.466049
0.146 0.469182
0.147 0.471017
0.148 0.474301
0.149 0.476932
0.15 0.479701
0.151 0.48179
0.152 0.485263
0.153 0.48909
0.154 0.493598
0.155 0.496171
0.156 0.499769
0.157 0.502572
0.158 0.506232
0.159 0.508937
0.16 0.512194
0.161 0.515897
0.162 0.518562
0.163 0.522464
0.164 0.525998
0.165 0.528217
0.166 0.53206
0.167 0.534572
0.168 0.537409
0.169 0.539775
0.17 0.54356
0.171 0.546494
0.172 0.549983
0.173 0.553333
0.174 0.556833
0.175 0.560289
0.176 0.562935
0.177 0.565779
0.178 0.568913
0.179 0.572367
0.18 0.57533
0.181 0.577592
0.182 0.579924
0.183 0.584134
0.184 0.586792
0.185 0.589002
0.186 0.591302
0.187 0.594192
0.188 0.597234
0.189 0.599668
0.19 0.602996
0.191 0.605177
0.192 0.608606
0.193 0.610671
0.194 0.61336
0.195 0.615747
0.196 0.618974
0.197 0.62306
0.198 0.62569
0.199 0.628485
0.2 0.63133
0.201 0.634926
0.202 0.637288
0.203 0.640194
0.204 0.644592
0.205 0.648163
