0 0
0.001 0.00387864
0.002 0.00766583
0.003 0.0115752
0.004 0.0154376
0.005 0.0193704
0.006 0.0231213
0.007 0.0269213
0.008 0.0306129
0.009 0.0343224
0.01 0.0381336
0.011 0.0420616
0.012 0.0456437
0.013 0.0494524
0.014 0.0533053
0.015 0.0571065
0.016 0.0612434
0.017 0.0651543
0.018 0.0689124
0.019 0.0722323
0.02 0.0761196
0.021 0.0800545
0.022 0.0841069
0.023 0.0878229
0.024 0.0913284
0.025 0.0948904
0.026 0.0988592
0.027 0.102356
0.028 0.105978
0.029 0.109337
0.03 0.112722
0.031 0.116073
0.032 0.119279
0.033 0.122552
0.034 0.125615
0.035 0.129108
0.036 0.132359
0.037 0.135966
0.038 0.139204
0.039 0.142433
0.04 0.145895
0.041 0.149138
0.042 0.152271
0.043 0.155689
0.044 0.159013
0.045 0.162428
0.046 0.165375
0.047 0.168756
0.048 0.171762
0.049 0.174632
0.05 0.177741
0.051 0.181654
0.052 0.185163
0.053 0.189169
0.054 0.192024
0.055 0.195217
0.056 0.198546
0.057 0.201484
0.058 0.204578
0.059 0.208183
0.06 0.210612
0.061 0.213576
0.062 0.216728
0.063 0.2195
0.064 0.222881
0.065 0.225783
0.066 0.228606
0.067 0.23209
0.068 0.235684
0.069 0.238345
0.07 0.241248
0.071 0.244549
0.072 0.247418
0.073 0.25086
0.074 0.254161
0.075 0.257478
0.076 0.260221
0.077 0.263221
0.078 0.266332
0.079 0.269738
0.08 0.273112
0.081 0.27649
0.082 0.280643
0.083 0.284688
0.084 0.287933
0.085 0.290744
0.086 0.293261
0.087 0.295981
0.088 0.298209
0.089 0.300592
0.09 0.303931
0.091 0.306772
0.092 0.309564
0.093 0.312444
0.094 0.31524
0.095 0.318283
0.096 0.320893
0.097 0.324329
0.098 0.327623
0.099 0.330442
0.1 0.333363
0.101 0.337123
0.102 0.340967
0.103 0.344
0.104 0.346842
0.105 0.349928
0.106 0.353018
0.107 0.355564
0.108 0.359019
0.109 0.361563
0.11 0.364922
0.111 0.368498
0.112 0.370943
0.113 0.372688
0.114 0.375625
0.115 0.378843
0.116 0.381813
0.117 0.385134
0.118 0.38792
0.119 0.39173
0.12 0.394633
0.121 0.3991
0.122 0.401959
0.123 0.404646
0.124 0.407091
0.125 0.411128
0.126 0.414337
0.127 0.41794
0.128 0.420219
0.129 0.423737
0.13 0.427637
0.131 0.431245
0.132 0.434705
0.133 0.436774
0.134 0.440239
0.135 0.443302
0.136 0.446007
0.137 0.449138
0.138 0.452382
0.139 0.45528
0.14 0.45768
0.141 0.46041
0.142 0.462079
0.143 0.465821
0.144 0.468256
0.145 0.471776
0.146 0.474343
0.147 0.477708
0.148 0.480532
0.149 0.483815
0.15 0.486768
0.151 0.490461
0.152 0.493371
0.153 0.496629
0.154 0.499909
0.155 0.503335
0.156 0.506437
0.157 0.508526
0.158 0.511326
0.159 0.514377
0.16 0.518272
0.161 0.520889
0.162 0.524708
0.163 0.527479
0.164 0.530546
0.165 0.532874
0.166 0.536496
0.167 0.539968
0.168 0.544201
0.169 0.546566
0.17 0.54942
0.171 0.551916
0.172 0.555294
0.173 0.55823
0.174 0.560864
0.175 0.565012
0.176 0.568941
0.177 0.573335
0.178 0.576456
0.179 0.579163
0.18 0.583005
0.181 0.585955
0.182 0.588325
0.183 0.591672
0.184 0.594499
0.185 0.597936
0.186 0.600553
0.187 0.604274
0.188 0.607679
0.189 0.610274
0.19 0.613693
0.191 0.616606
0.192 0.619769
0.193 0.623105
0.194 0.626119
0.195 0.629173
0.196 0.631392
0.197 0.633907
0.198 0.637382
0.199 0.639076
0.2 0.642068
0.201 0.645008
0.202 0.648752
0.203 0.652288
0.204 0.655637
0.205 0.657856
