0 0
0.001 0.00381374
0.002 0.00759758
0.003 0.0113397
0.004 0.0150765
0.005 0.0189695
0.006 0.0227628
0.007 0.0264767
0.008 0.0301457
0.009 0.0338591
0.01 0.0374254
0.011 0.0410965
0.012 0.0447709
0.013 0.0486029
0.014 0.0523814
0.015 0.0558091
0.016 0.0598131
0.017 0.0635579
0.018 0.0672448
0.019 0.0711148
0.02 0.0744134
0.021 0.0782889
0.022 0.0820018
0.023 0.0855926
0.024 0.0895792
0.025 0.092853
0.026 0.0961765
0.027 0.0996593
0.028 0.102956
0.029 0.106734
0.03 0.110793
0.031 0.114547
0.032 0.117216
0.033 0.121176
0.034 0.124848
0.035 0.128001
0.036 0.13101
0.037 0.134629
0.038 0.137958
0.039 0.141481
0.04 0.145187
0.041 0.147885
0.042 0.150678
0.043 0.153667
0.044 0.156652
0.045 0.160049
0.046 0.163238
0.047 0.165815
0.048 0.169064
0.049 0.17187
0.05 0.175355
0.051 0.178592
0.052 0.181747
0.053 0.185705
0.054 0.189294
0.055 0.192446
0.056 0.195435
0.057 0.198079
0.058 0.201709
0.059 0.204967
0.06 0.207504
0.061 0.211107
0.062 0.214234
0.063 0.217816
0.064 0.221663
0.065 0.22472
0.066 0.227604
0.067 0.230531
0.068 0.234052
0.069 0.237111
0.07 0.240904
0.071 0.243464
0.072 0.246236
0.073 0.249858
0.074 0.252351
0.075 0.255767
0.076 0.258866
0.077 0.262767
0.078 0.265619
0.079 0.268176
0.08 0.271369
0.081 0.274506
0.082 0.277611
0.083 0.279977
0.084 0.283703
0.085 0.286995
0.086 0.290556
0.087 0.293995
0.088 0.296673
0.089 0.300372
0.09 0.30304
0.091 0.306244
0.092 0.308771
0.093 0.311568
0.094 0.31456
0.095 0.318142
0.096 0.321228
0.097 0.324566
0.098 0.327153
0.099 0.330026
0.1 0.332965
0.101 0.336319
0.102 0.33944
0.103 0.341419
0.104 0.344572
0.105 0.348297
0.106 0.350699
0.107 0.353339
0.108 0.35665
0.109 0.35972
0.11 0.363156
0.111 0.366817
0.112 0.370351
0.113 0.373447
0.114 0.375619
0.115 0.378756
0.116 0.382149
0.117 0.385307
0.118 0.38877
0.119 0.391138
0.12 0.394441
0.121 0.398134
0.122 0.399886
0.123 0.402309
0.124 0.405785
0.125 0.408818
0.126 0.411685
0.127 0.414881
0.128 0.41756
0.129 0.419181
0.13 0.423314
0.131 0.426978
0.132 0.430348
0.133 0.434038
0.134 0.436927
0.135 0.439751
0.136 0.442586
0.137 0.445963
0.138 0.449846
0.139 0.453081
0.14 0.45635
0.141 0.459845
0.142 0.461921
0.143 0.465269
0.144 0.468619
0.145 0.471074
0.146 0.474448
0.147 0.476911
0.148 0.480277
0.149 0.483655
0.15 0.486357
0.151 0.487898
0.152 0.491839
0.153 0.494027
0.154 0.497188
0.155 0.49996
0.156 0.502449
0.157 0.506079
0.158 0.508694
0.159 0.512328
0.16 0.514714
0.161 0.517462
0.162 0.520883
0.163 0.523622
0.164 0.528433
0.165 0.529948
0.166 0.531995
0.167 0.535249
0.168 0.538233
0.169 0.541612
0.17 0.545283
0.171 0.547356
0.172 0.549953
0.173 0.552412
0.174 0.554847
0.175 0.557984
0.176 0.560779
0.177 0.564923
0.178 0.567386
0.179 0.570642
0.18 0.573746
0.181 0.577317
0.182 0.580657
0.183 0.584511
0.184 0.587293
0.185 0.589657
0.186 0.591955
0.187 0.596004
0.188 0.59887
0.189 0.600968
0.19 0.604424
0.191 0.607008
0.192 0.610211
0.193 0.613718
0.194 0.616706
0.195 0.619032
0.196 0.622315
0.197 0.624746
0.198 0.628209
0.199 0.632253
0.2 0.635483
0.201 0.637932
0.202 0.641174
0.203 0.643868
0.204 0.6455
0.205 0.647793
