0 0
0.001 0.00385612
0.002 0.00773829
0.003 0.0115493
0.004 0.0154463
0.005 0.0192996
0.006 0.0232355
0.007 0.027102
0.008 0.0311511
0.009 0.0351457
0.01 0.0389896
0.011 0.0431756
0.012 0.0468385
0.013 0.0508058
0.014 0.0543854
0.015 0.0578034
0.016 0.061779
0.017 0.0652727
0.018 0.0690566
0.019 0.072688
0.02 0.0767719
0.021 0.0803186
0.022 0.0839082
0.023 0.0874424
0.024 0.0910997
0.025 0.0948909
0.026 0.09843
0.027 0.102065
0.028 0.105998
0.029 0.109219
0.03 0.11275
0.031 0.116022
0.032 0.11953
0.033 0.122919
0.034 0.126014
0.035 0.129707
0.036 0.133423
0.037 0.136702
0.038 0.139856
0.039 0.142901
0.04 0.146386
0.041 0.150379
0.042 0.153786
0.043 0.157049
0.044 0.160375
0.045 0.164038
0.046 0.167575
0.047 0.170769
0.048 0.173979
0.049 0.177803
0.05 0.181078
0.051 0.184384
0.052 0.18813
0.053 0.191214
0.054 0.194032
0.055 0.197112
0.056 0.200887
0.057 0.203908
0.058 0.207548
0.059 0.210759
0.06 0.213988
0.061 0.217472
0.062 0.220905
0.063 0.224706
0.064 0.227861
0.065 0.231008
0.066 0.233917
0.067 0.236726
0.068 0.239615
0.069 0.242939
0.07 0.246397
0.071 0.249763
0.072 0.252759
0.073 0.255632
0.074 0.258867
0.075 0.261223
0.076 0.264155
0.077 0.267082
0.078 0.270492
0.079 0.273976
0.08 0.27682
0.081 0.279493
0.082 0.283123
0.083 0.28595
0.084 0.287921
0.085 0.291744
0.086 0.295085
0.087 0.2976
0.088 0.299991
0.089 0.302829
0.09 0.30529
0.091 0.308992
0.092 0.311388
0.093 0.314501
0.094 0.317972
0.095 0.320588
0.096 0.322975
0.097 0.325034
0.098 0.329132
0.099 0.333254
0.1 0.336741
0.101 0.339926
0.102 0.34271
0.103 0.345555
0.104 0.348594
0.105 0.351322
0.106 0.354214
0.107 0.356696
0.108 0.359395
0.109 0.362872
0.11 0.36579
0.111 0.368909
0.112 0.372551
0.113 0.375871
0.114 0.378949
0.115 0.382551
0.116 0.385461
0.117 0.388292
0.118 0.392145
0.119 0.395753
0.12 0.399846
0.121 0.402825
0.122 0.406749
0.123 0.409465
0.124 0.412535
0.125 0.415792
0.126 0.419271
0.127 0.421744
0.128 0.42382
0.129 0.427754
0.13 0.4309
0.131 0.434528
0.132 0.437594
0.133 0.44142
0.134 0.444467
0.135 0.447786
0.136 0.450803
0.137 0.453943
0.138 0.457392
0.139 0.461165
0.14 0.463905
0.141 0.466057
0.142 0.469815
0.143 0.472409
0.144 0.474735
0.145 0.477142
0.146 0.479331
0.147 0.482373
0.148 0.48545
0.149 0.488082
0.15 0.491219
0.151 0.494897
0.152 0.497893
0.153 0.500717
0.154 0.503856
0.155 0.505353
0.156 0.508882
0.157 0.511903
0.158 0.514567
0.159 0.51819
0.16 0.520971
0.161 0.523628
0.162 0.526201
0.163 0.530201
0.164 0.533553
0.165 0.536832
0.166 0.539568
0.167 0.54205
0.168 0.546113
0.169 0.548499
0.17 0.552644
0.171 0.555291
0.172 0.558231
0.173 0.56104
0.174 0.563638
0.175 0.567412
0.176 0.570468
0.177 0.572842
0.178 0.574881
0.179 0.577184
0.18 0.580597
0.181 0.583646
0.182 0.588035
0.183 0.591013
0.184 0.59388
0.185 0.597404
0.186 0.600157
0.187 0.602706
0.188 0.605321
0.189 0.60965
0.19 0.612078
0.191 0.614812
0.192 0.618288
0.193 0.620898
0.194 0.623658
0.195 0.626188
0.196 0.629003
0.197 0.63056
0.198 0.634072
0.199 0.636758
0.2 0.639225
0.201 0.641573
0.202 0.643793
0.203 0.647577
0.204 0.650324
0.205 0.653199
