0 0
0.001 0.00386827
0.002 0.00776549
0.003 0.0116784
0.004 0.0154451
0.005 0.0195031
0.006 0.0233917
0.007 0.0272563
0.008 0.0311139
0.009 0.0349156
0.01 0.0385747
0.011 0.0426025
0.012 0.0465149
0.013 0.0501443
0.014 0.0536818
0.015 0.0576412
0.016 0.061246
0.017 0.0654671
0.018 0.0691486
0.019 0.0722281
0.02 0.0758467
0.021 0.0795513
0.022 0.0835623
0.023 0.0870362
0.024 0.0909339
0.025 0.0948326
0.026 0.098066
0.027 0.101574
0.028 0.105921
0.029 0.109534
0.03 0.11303
0.031 0.116231
0.032 0.119742
0.033 0.123022
0.034 0.12675
0.035 0.12965
0.036 0.132781
0.037 0.136207
0.038 0.139852
0.039 0.142694
0.04 0.145601
0.041 0.149071
0.042 0.152065
0.043 0.155116
0.044 0.15742
0.045 0.160292
0.046 0.163889
0.047 0.167374
0.048 0.170687
0.049 0.174037
0.05 0.177226
0.051 0.181087
0.052 0.183995
0.053 0.187176
0.054 0.190479
0.055 0.193547
0.056 0.19717
0.057 0.199788
0.058 0.203186
0.059 0.206111
0.06 0.209315
0.061 0.21203
0.062 0.214325
0.063 0.217411
0.064 0.220897
0.065 0.22464
0.066 0.22771
0.067 0.230895
0.068 0.233852
0.069 0.237359
0.07 0.240724
0.071 0.243543
0.072 0.246641
0.073 0.249874
0.074 0.25219
0.075 0.25521
0.076 0.258545
0.077 0.262216
0.078 0.26579
0.079 0.269221
0.08 0.272208
0.081 0.275905
0.082 0.279489
0.083 0.28222
0.084 0.285139
0.085 0.288293
0.086 0.291091
0.087 0.294374
0.088 0.297135
0.089 0.300657
0.09 0.303657
0.091 0.306694
0.092 0.310274
0.093 0.313233
0.094 0.316079
0.095 0.319297
0.096 0.321885
0.097 0.325292
0.098 0.328672
0.099 0.332779
0.1 0.336696
0.101 0.339266
0.102 0.342378
0.103 0.345557
0.104 0.348473
0.105 0.351533
0.106 0.354853
0.107 0.357909
0.108 0.360959
0.109 0.363456
0.11 0.366063
0.111 0.369452
0.112 0.372663
0.113 0.376096
0.114 0.379083
0.115 0.382764
0.116 0.386006
0.117 0.389179
0.118 0.392442
0.119 0.395123
0.12 0.397713
0.121 0.401101
0.122 0.404601
0.123 0.40726
0.124 0.409694
0.125 0.4131
0.126 0.416986
0.127 0.420765
0.128 0.4238
0.129 0.427327
0.13 0.429465
0.131 0.431895
0.132 0.435175
0.133 0.437645
0.134 0.440468
0.135 0.444278
0.136 0.44708
0.137 0.449998
0.138 0.452865
0.139 0.454505
0.14 0.457788
0.141 0.46174
0.142 0.464605
0.143 0.466836
0.144 0.46988
0.145 0.473672
0.146 0.476213
0.147 0.478935
0.148 0.481596
0.149 0.483695
0.15 0.48787
0.151 0.491447
0.152 0.495082
0.153 0.49789
0.154 0.500365
0.155 0.504093
0.156 0.506679
0.157 0.510454
0.158 0.513097
0.159 0.515819
0.16 0.51819
0.161 0.521884
0.162 0.526131
0.163 0.529442
0.164 0.532032
0.165 0.535088
0.166 0.539809
0.167 0.542963
0.168 0.546735
0.169 0.549944
0.17 0.551998
0.171 0.555067
0.172 0.559049
0.173 0.561684
0.174 0.564738
0.175 0.567883
0.176 0.571127
0.177 0.574111
0.178 0.578724
0.179 0.58269
0.18 0.585243
0.181 0.588272
0.182 0.592004
0.183 0.595581
0.184 0.599308
0.185 0.60196
0.186 0.604256
0.187 0.607113
0.188 0.610205
0.189 0.612969
0.19 0.61617
0.191 0.618949
0.192 0.621688
0.193 0.625636
0.194 0.628075
0.195 0.630545
0.196 0.632983
0.197 0.637319
0.198 0.639776
0.199 0.641699
0.2 0.644847
0.201 0.647224
0.202 0.650891
0.203 0.653725
0.204 0.65645
0.205 0.660739
