0 0
0.001 0.00388084
0.002 0.00774297
0.003 0.0113431
0.004 0.01534
0.005 0.0190771
0.006 0.0227397
0.007 0.0264592
0.008 0.0302404
0.009 0.0342571
0.01 0.0377601
0.011 0.0415438
0.012 0.0450988
0.013 0.0490089
0.014 0.0527643
0.015 0.0565203
0.016 0.0603946
0.017 0.0638868
0.018 0.0676146
0.019 0.0715085
0.02 0.0751861
0.021 0.0787723
0.022 0.0824067
0.023 0.0859437
0.024 0.0900014
0.025 0.093104
0.026 0.0968836
0.027 0.10019
0.028 0.104031
0.029 0.107345
0.03 0.110815
0.031 0.1145
0.032 0.118724
0.033 0.122009
0.034 0.124997
0.035 0.128386
0.036 0.132331
0.037 0.135727
0.038 0.139528
0.039 0.142972
0.04 0.146499
0.041 0.150385
0.042 0.152866
0.043 0.156042
0.044 0.15922
0.045 0.162486
0.046 0.166015
0.047 0.168987
0.048 0.17174
0.049 0.175011
0.05 0.177917
0.051 0.181802
0.052 0.185024
0.053 0.187482
0.054 0.191291
0.055 0.194296
0.056 0.197482
0.057 0.200963
0.058 0.204055
0.059 0.207246
0.06 0.210267
0.061 0.213698
0.062 0.217455
0.063 0.220432
0.064 0.224269
0.065 0.227216
0.066 0.229903
0.067 0.233013
0.068 0.236707
0.069 0.240588
0.07 0.243931
0.071 0.247597
0.072 0.250849
0.073 0.253645
0.074 0.25634
0.075 0.259653
0.076 0.262749
0.077 0.265893
0.078 0.268722
0.079 0.271089
0.08 0.275466
0.081 0.279012
0.082 0.282644
0.083 0.285274
0.084 0.288492
0.085 0.291723
0.086 0.294584
0.087 0.297586
0.088 0.300758
0.089 0.303702
0.09 0.306495
0.091 0.309494
0.092 0.312893
0.093 0.31546
0.094 0.318933
0.095 0.322072
0.096 0.325931
0.097 0.327764
0.098 0.330518
0.099 0.333707
0.1 0.33758
0.101 0.340585
0.102 0.344195
0.103 0.347597
0.104 0.350948
0.105 0.354944
0.106 0.358254
0.107 0.360858
0.108 0.363236
0.109 0.365379
0.11 0.368352
0.111 0.370658
0.112 0.373856
0.113 0.377822
0.114 0.380704
0.115 0.382915
0.116 0.385676
0.117 0.389066
0.118 0.393006
0.119 0.396002
0.12 0.398847
0.121 0.401492
0.122 0.405349
0.123 0.407904
0.124 0.410526
0.125 0.413914
0.126 0.418108
0.127 0.420463
0.128 0.424127
0.129 0.427734
0.13 0.431735
0.131 0.435243
0.132 0.438331
0.133 0.441863
0.134 0.444286
0.135 0.446874
0.136 0.45102
0.137 0.453747
0.138 0.456598
0.139 0.459728
0.14 0.4621
0.141 0.464899
0.142 0.466937
0.143 0.469536
0.144 0.472039
0.145 0.47545
0.146 0.478198
0.147 0.480714
0.148 0.48384
0.149 0.486191
0.15 0.489191
0.151 0.492588
0.152 0.495425
0.153 0.497644
0.154 0.501016
0.155 0.503793
0.156 0.506559
0.157 0.510124
0.158 0.512551
0.159 0.51602
0.16 0.518869
0.161 0.522256
0.162 0.524388
0.163 0.527698
0.164 0.531076
0.165 0.533653
0.166 0.536259
0.167 0.539837
0.168 0.543352
0.169 0.546728
0.17 0.550396
0.171 0.553795
0.172 0.556574
0.173 0.55943
0.174 0.562467
0.175 0.56607
0.176 0.568136
0.177 0.570742
0.178 0.573658
0.179 0.576892
0.18 0.580628
0.181 0.583547
0.182 0.58635
0.183 0.59039
0.184 0.592301
0.185 0.595824
0.186 0.599983
0.187 0.603057
0.188 0.605919
0.189 0.607775
0.19 0.609471
0.191 0.613287
0.192 0.615555
0.193 0.618202
0.194 0.620503
0.195 0.623441
0.196 0.627936
0.197 0.630804
0.198 0.632007
0.199 0.636066
0.2 0.637872
0.201 0.641553
0.202 0.644453
0.203 0.646213
0.204 0.649689
0.205 0.652092
