0 0
0.001 0.00385579
0.002 0.00772358
0.003 0.0114227
0.004 0.0151335
0.005 0.0191008
0.006 0.0231373
0.007 0.0270832
0.008 0.0310854
0.009 0.0349115
0.01 0.0387879
0.011 0.0427498
0.012 0.046498
0.013 0.0503683
0.014 0.0539948
0.015 0.0577843
0.016 0.0612608
0.017 0.0651522
0.018 0.0688675
0.019 0.0730556
0.02 0.0769435
0.021 0.0808435
0.022 0.0841858
0.023 0.0877909
0.024 0.0915368
0.025 0.0947871
0.026 0.0983352
0.027 0.102029
0.028 0.105696
0.029 0.109188
0.03 0.112781
0.031 0.116137
0.032 0.119374
0.033 0.122431
0.034 0.126355
0.035 0.129526
0.036 0.13303
0.037 0.136446
0.038 0.139715
0.039 0.142321
0.04 0.146036
0.041 0.148465
0.042 0.151911
0.043 0.155849
0.044 0.157935
0.045 0.160825
0.046 0.163801
0.047 0.167162
0.048 0.170493
0.049 0.173593
0.05 0.176425
0.051 0.179331
0.052 0.182393
0.053 0.185618
0.054 0.188964
0.055 0.192568
0.056 0.195932
0.057 0.198937
0.058 0.202405
0.059 0.204918
0.06 0.2082
0.061 0.211411
0.062 0.213884
0.063 0.217785
0.064 0.220823
0.065 0.223959
0.066 0.226431
0.067 0.229828
0.068 0.232872
0.069 0.236161
0.07 0.239199
0.071 0.24238
0.072 0.245853
0.073 0.248617
0.074 0.251023
0.075 0.253764
0.076 0.256372
0.077 0.259365
0.078 0.262747
0.079 0.26549
0.08 0.268721
0.081 0.272445
0.082 0.275918
0.083 0.278486
0.084 0.280959
0.085 0.283665
0.086 0.286946
0.087 0.290782
0.088 0.293201
0.089 0.296884
0.09 0.299862
0.091 0.303297
0.092 0.30733
0.093 0.310238
0.094 0.312927
0.095 0.316373
0.096 0.319832
0.097 0.322645
0.098 0.324664
0.099 0.32767
0.1 0.330592
0.101 0.333125
0.102 0.336876
0.103 0.340418
0.104 0.342941
0.105 0.346097
0.106 0.349268
0.107 0.352252
0.108 0.356007
0.109 0.359216
0.11 0.362455
0.111 0.365723
0.112 0.368312
0.113 0.371475
0.114 0.375495
0.115 0.378225
0.116 0.381513
0.117 0.385349
0.118 0.388462
0.119 0.390866
0.12 0.394743
0.121 0.397987
0.122 0.401845
0.123 0.405545
0.124 0.408178
0.125 0.412303
0.126 0.415431
0.127 0.419213
0.128 0.422008
0.129 0.425023
0.13 0.428421
0.131 0.431403
0.132 0.434188
0.133 0.437451
0.134 0.440783
0.135 0.444166
0.136 0.447702
0.137 0.449827
0.138 0.452543
0.139 0.456372
0.14 0.459409
0.141 0.462437
0.142 0.465294
0.143 0.468047
0.144 0.471506
0.145 0.475311
0.146 0.477979
0.147 0.481233
0.148 0.484945
0.149 0.488195
0.15 0.490889
0.151 0.493494
0.152 0.495714
0.153 0.49906
0.154 0.502336
0.155 0.506207
0.156 0.508573
0.157 0.511816
0.158 0.513623
0.159 0.51565
0.16 0.51894
0.161 0.521495
0.162 0.525086
0.163 0.526903
0.164 0.528996
0.165 0.531348
0.166 0.534935
0.167 0.538648
0.168 0.540418
0.169 0.543503
0.17 0.546351
0.171 0.550091
0.172 0.552552
0.173 0.555182
0.174 0.55697
0.175 0.55908
0.176 0.561695
0.177 0.5642
0.178 0.567626
0.179 0.570594
0.18 0.574061
0.181 0.577084
0.182 0.581005
0.183 0.584398
0.184 0.587643
0.185 0.591137
0.186 0.59438
0.187 0.597286
0.188 0.599812
0.189 0.603852
0.19 0.60761
0.191 0.610696
0.192 0.613658
0.193 0.616283
0.194 0.619902
0.195 0.622536
0.196 0.62518
0.197 0.628258
0.198 0.630648
0.199 0.633248
0.2 0.63605
0.201 0.63867
0.202 0.642032
0.203 0.645212
0.204 0.647804
0.205 0.650121
