0 0
0.001 0.00383171
0.002 0.00780074
0.003 0.011514
0.004 0.0153406
0.005 0.0192337
0.006 0.022912
0.007 0.0270102
0.008 0.0309547
0.009 0.0345479
0.01 0.0381638
0.011 0.042045
0.012 0.0457524
0.013 0.0497251
0.014 0.0534716
0.015 0.0570711
0.016 0.0610906
0.017 0.0646318
0.018 0.0683184
0.019 0.071822
0.02 0.0756325
0.021 0.0794204
0.022 0.0831948
0.023 0.0867548
0.024 0.0907928
0.025 0.0947143
0.026 0.0981188
0.027 0.101149
0.028 0.104581
0.029 0.108217
0.03 0.11151
0.031 0.114823
0.032 0.118886
0.033 0.122892
0.034 0.126724
0.035 0.130368
0.036 0.133451
0.037 0.13725
0.038 0.140455
0.039 0.143561
0.04 0.146672
0.041 0.150014
0.042 0.153049
0.043 0.15622
0.044 0.159773
0.045 0.16262
0.046 0.165679
0.047 0.168492
0.048 0.171774
0.049 0.175076
0.05 0.178507
0.051 0.182258
0.052 0.185585
0.053 0.188535
0.054 0.191919
0.055 0.196474
0.056 0.199657
0.057 0.203138
0.058 0.206398
0.059 0.210492
0.06 0.213966
0.061 0.216775
0.062 0.219454
0.063 0.221985
0.064 0.225043
0.065 0.227893
0.066 0.231315
0.067 0.234641
0.068 0.237222
0.069 0.240278
0.07 0.242891
0.071 0.245693
0.072 0.249723
0.073 0.253673
0.074 0.256604
0.075 0.259127
0.076 0.262844
0.077 0.265057
0.078 0.268142
0.079 0.270401
0.08 0.273503
0.081 0.276765
0.082 0.279476
0.083 0.282718
0.084 0.285601
0.085 0.288444
0.086 0.291331
0.087 0.294364
0.088 0.297966
0.089 0.301388
0.09 0.304777
0.091 0.308634
0.092 0.311927
0.093 0.314815
0.094 0.317927
0.095 0.320836
0.096 0.324284
0.097 0.327579
0.098 0.330671
0.099 0.333138
0.1 0.335851
0.101 0.338977
0.102 0.341503
0.103 0.344854
0.104 0.348535
0.105 0.351314
0.106 0.354111
0.107 0.356569
0.108 0.360222
0.109 0.363923
0.11 0.367023
0.111 0.369626
0.112 0.372374
0.113 0.374186
0.114 0.377608
0.115 0.381193
0.116 0.383889
0.117 0.386719
0.118 0.390274
0.119 0.392775
0.12 0.395911
0.121 0.398817
0.122 0.401777
0.123 0.405693
0.124 0.408117
0.125 0.41122
0.126 0.414239
0.127 0.416311
0.128 0.420061
0.129 0.423653
0.13 0.425968
0.131 0.429018
0.132 0.43253
0.133 0.436176
0.134 0.438847
0.135 0.44122
0.136 0.443945
0.137 0.447751
0.138 0.450608
0.139 0.454109
0.14 0.456812
0.141 0.460416
0.142 0.462434
0.143 0.465951
0.144 0.467165
0.145 0.470397
0.146 0.473913
0.147 0.477893
0.148 0.481297
0.149 0.483742
0.15 0.486292
0.151 0.489481
0.152 0.492279
0.153 0.495507
0.154 0.498428
0.155 0.501925
0.156 0.505622
0.157 0.508536
0.158 0.510668
0.159 0.513112
0.16 0.516912
0.161 0.519774
0.162 0.522405
0.163 0.525677
0.164 0.529338
0.165 0.532501
0.166 0.535768
0.167 0.53836
0.168 0.542456
0.169 0.545986
0.17 0.548988
0.171 0.551337
0.172 0.553944
0.173 0.556309
0.174 0.558997
0.175 0.561073
0.176 0.564591
0.177 0.567052
0.178 0.569974
0.179 0.572667
0.18 0.575293
0.181 0.578018
0.182 0.580113
0.183 0.583608
0.184 0.586495
0.185 0.590802
0.186 0.59405
0.187 0.597991
0.188 0.600216
0.189 0.60311
0.19 0.605594
0.191 0.608792
0.192 0.612258
0.193 0.615755
0.194 0.618569
0.195 0.620266
0.196 0.623
0.197 0.628156
0.198 0.629831
0.199 0.63304
0.2 0.63603
0.201 0.638538
0.202 0.640986
0.203 0.643647
0.204 0.647365
0.205 0.649802
