0 0
0.001 0.00383254
0.002 0.00772174
0.003 0.0115328
0.004 0.0153376
0.005 0.0192279
0.006 0.0231623
0.007 0.0269939
0.008 0.0307925
0.009 0.0347684
0.01 0.0391711
0.011 0.0432877
0.012 0.0470073
0.013 0.0507674
0.014 0.0546299
0.015 0.0585609
0.016 0.0619929
0.017 0.0656264
0.018 0.0692605
0.019 0.0726881
0.02 0.0764964
0.021 0.0800949
0.022 0.0838596
0.023 0.0870247
0.024 0.0906896
0.025 0.0945053
0.026 0.0975831
0.027 0.100501
0.028 0.103818
0.029 0.107397
0.03 0.111055
0.031 0.114488
0.032 0.118351
0.033 0.122072
0.034 0.125845
0.035 0.12859
0.036 0.131877
0.037 0.135158
0.038 0.138721
0.039 0.141349
0.04 0.145001
0.041 0.147897
0.042 0.151458
0.043 0.154537
0.044 0.157891
0.045 0.161967
0.046 0.164887
0.047 0.168076
0.048 0.171038
0.049 0.174418
0.05 0.177757
0.051 0.180293
0.052 0.184106
0.053 0.187222
0.054 0.190186
0.055 0.194026
0.056 0.197171
0.057 0.199889
0.058 0.202996
0.059 0.2064
0.06 0.20959
0.061 0.213695
0.062 0.216447
0.063 0.219942
0.064 0.223296
0.065 0.226253
0.066 0.229634
0.067 0.233064
0.068 0.236498
0.069 0.239632
0.07 0.241727
0.071 0.24402
0.072 0.247256
0.073 0.250544
0.074 0.254508
0.075 0.257394
0.076 0.260399
0.077 0.263647
0.078 0.266553
0.079 0.269669
0.08 0.273065
0.081 0.276689
0.082 0.280323
0.083 0.283066
0.084 0.287141
0.085 0.290058
0.086 0.292677
0.087 0.295474
0.088 0.298344
0.089 0.301065
0.09 0.30389
0.091 0.307728
0.092 0.310842
0.093 0.313423
0.094 0.317044
0.095 0.320347
0.096 0.323206
0.097 0.326763
0.098 0.330063
0.099 0.333376
0.1 0.336884
0.101 0.340213
0.102 0.342907
0.103 0.345957
0.104 0.348661
0.105 0.351863
0.106 0.355561
0.107 0.358308
0.108 0.360623
0.109 0.363725
0.11 0.366003
0.111 0.368909
0.112 0.372052
0.113 0.375218
0.114 0.378041
0.115 0.380767
0.116 0.383907
0.117 0.38625
0.118 0.388644
0.119 0.390752
0.12 0.39474
0.121 0.397242
0.122 0.400122
0.123 0.402281
0.124 0.405366
0.125 0.407539
0.126 0.409842
0.127 0.412804
0.128 0.416078
0.129 0.419465
0.13 0.42298
0.131 0.426816
0.132 0.429515
0.133 0.432997
0.134 0.435867
0.135 0.438873
0.136 0.441398
0.137 0.444296
0.138 0.446735
0.139 0.448748
0.14 0.451916
0.141 0.455363
0.142 0.458706
0.143 0.461334
0.144 0.464252
0.145 0.466663
0.146 0.469646
0.147 0.472458
0.148 0.475843
0.149 0.478493
0.15 0.481012
0.151 0.483614
0.152 0.485722
0.153 0.488816
0.154 0.491368
0.155 0.493901
0.156 0.497165
0.157 0.50002
0.158 0.503662
0.159 0.506493
0.16 0.510491
0.161 0.513757
0.162 0.517112
0.163 0.519155
0.164 0.522353
0.165 0.525544
0.166 0.528273
0.167 0.532054
0.168 0.534918
0.169 0.538961
0.17 0.544161
0.171 0.54617
0.172 0.549435
0.173 0.552933
0.174 0.555527
0.175 0.556699
0.176 0.559859
0.177 0.563591
0.178 0.565734
0.179 0.569256
0.18 0.572303
0.181 0.575878
0.182 0.579602
0.183 0.581776
0.184 0.583564
0.185 0.587028
0.186 0.590275
0.187 0.593542
0.188 0.596855
0.189 0.599332
0.19 0.603082
0.191 0.606132
0.192 0.610082
0.193 0.613057
0.194 0.616166
0.195 0.618036
0.196 0.621264
0.197 0.625183
0.198 0.628449
0.199 0.631865
0.2 0.634471
0.201 0.637324
0.202 0.640943
0.203 0.644137
0.204 0.647753
0.205 0.651311
