0 0
0.001 0.00382813
0.002 0.00763884
0.003 0.0114049
0.004 0.0151187
0.005 0.0190346
0.006 0.0229707
0.007 0.0270046
0.008 0.0309117
0.009 0.0347091
0.01 0.0386388
0.011 0.042408
0.012 0.0461848
0.013 0.0499845
0.014 0.0538037
0.015 0.0580932
0.016 0.0619151
0.017 0.0656594
0.018 0.068985
0.019 0.0726922
0.02 0.0759358
0.021 0.0796884
0.022 0.0834031
0.023 0.0870838
0.024 0.0902236
0.025 0.0938935
0.026 0.0978636
0.027 0.101312
0.028 0.104615
0.029 0.108507
0.03 0.111926
0.031 0.115203
0.032 0.118473
0.033 0.121524
0.034 0.124982
0.035 0.12881
0.036 0.132224
0.037 0.135187
0.038 0.138833
0.039 0.142412
0.04 0.145526
0.041 0.148832
0.042 0.151548
0.043 0.154944
0.044 0.15806
0.045 0.160867
0.046 0.163467
0.047 0.16703
0.048 0.170349
0.049 0.173652
0.05 0.177269
0.051 0.179729
0.052 0.182578
0.053 0.185838
0.054 0.18891
0.055 0.191334
0.056 0.194696
0.057 0.198282
0.058 0.201147
0.059 0.204478
0.06 0.207367
0.061 0.210899
0.062 0.214454
0.063 0.217398
0.064 0.220018
0.065 0.22274
0.066 0.226023
0.067 0.228878
0.068 0.232503
0.069 0.235317
0.07 0.238042
0.071 0.241226
0.072 0.243895
0.073 0.246936
0.074 0.249181
0.075 0.252237
0.076 0.255595
0.077 0.258219
0.078 0.260801
0.079 0.263841
0.08 0.266928
0.081 0.270161
0.082 0.273748
0.083 0.277276
0.084 0.279641
0.085 0.282952
0.086 0.28529
0.087 0.288432
0.088 0.291461
0.089 0.294801
0.09 0.297921
0.091 0.301457
0.092 0.30467
0.093 0.307993
0.094 0.311014
0.095 0.313457
0.096 0.317052
0.097 0.31938
0.098 0.321828
0.099 0.32435
0.1 0.32752
0.101 0.330916
0.102 0.333331
0.103 0.336416
0.104 0.339923
0.105 0.342582
0.106 0.345569
0.107 0.348545
0.108 0.35134
0.109 0.354838
0.11 0.357913
0.111 0.360739
0.112 0.363394
0.113 0.366355
0.114 0.369734
0.115 0.37426
0.116 0.377387
0.117 0.379884
0.118 0.382437
0.119 0.38563
0.12 0.389239
0.121 0.392994
0.122 0.39526
0.123 0.398448
0.124 0.400857
0.125 0.404341
0.126 0.407991
0.127 0.411182
0.128 0.414594
0.129 0.417604
0.13 0.421217
0.131 0.424256
0.132 0.427961
0.133 0.431156
0.134 0.433825
0.135 0.436632
0.136 0.439462
0.137 0.442196
0.138 0.444992
0.139 0.447774
0.14 0.45103
0.141 0.454124
0.142 0.457054
0.143 0.459705
0.144 0.462298
0.145 0.465762
0.146 0.469048
0.147 0.471838
0.148 0.474614
0.149 0.478523
0.15 0.481607
0.151 0.485705
0.152 0.488314
0.153 0.490731
0.154 0.494438
0.155 0.497665
0.156 0.500572
0.157 0.503972
0.158 0.506685
0.159 0.510415
0.16 0.513207
0.161 0.515687
0.162 0.518526
0.163 0.521639
0.164 0.52355
0.165 0.526477
0.166 0.529882
0.167 0.532752
0.168 0.536564
0.169 0.539995
0.17 0.542555
0.171 0.544333
0.172 0.547087
0.173 0.549271
0.174 0.552293
0.175 0.555152
0.176 0.557192
0.177 0.560344
0.178 0.563312
0.179 0.566573
0.18 0.570504
0.181 0.573211
0.182 0.575954
0.183 0.577556
0.184 0.579911
0.185 0.581993
0.186 0.586418
0.187 0.58857
0.188 0.590893
0.189 0.594548
0.19 0.59872
0.191 0.601395
0.192 0.603666
0.193 0.605941
0.194 0.610574
0.195 0.614049
0.196 0.616846
0.197 0.620411
0.198 0.622326
0.199 0.62548
0.2 0.628087
0.201 0.630638
0.202 0.633716
0.203 0.637751
0.204 0.64174
0.205 0.64427
